         Index             t     Heat Flow            Ts            Tr
           [#]           [s]          [mW]          [°C]          [°C]
             0   0,00000e+00   4,38414e-01   4,29803e+02   4,30000e+02
             1   1,00000e-04   4,35592e-01   4,29801e+02   4,29400e+02
             2   2,00000e-04   4,35856e-01   4,29781e+02   4,28800e+02
             3   3,00000e-04   4,40971e-01   4,29747e+02   4,28200e+02
             4   4,00000e-04   4,47673e-01   4,29689e+02   4,27600e+02
             5   5,00000e-04   4,49304e-01   4,29583e+02   4,27000e+02
             6   6,00000e-04   4,39963e-01   4,29418e+02   4,26400e+02
             7   7,00000e-04   4,18744e-01   4,29190e+02   4,25800e+02
             8   8,00000e-04   3,89042e-01   4,28912e+02   4,25200e+02
             9   9,00000e-04   3,56480e-01   4,28604e+02   4,24600e+02
            10   1,00000e-03   3,25380e-01   4,28277e+02   4,24000e+02
            11   1,10000e-03   2,97024e-01   4,27941e+02   4,23400e+02
            12   1,20000e-03   2,69709e-01   4,27593e+02   4,22800e+02
            13   1,30000e-03   2,41106e-01   4,27223e+02   4,22200e+02
            14   1,40000e-03   2,12352e-01   4,26819e+02   4,21600e+02
            15   1,50000e-03   1,86882e-01   4,26387e+02   4,21000e+02
            16   1,60000e-03   1,64201e-01   4,25932e+02   4,20400e+02
            17   1,70000e-03   1,43369e-01   4,25467e+02   4,19800e+02
            18   1,80000e-03   1,23611e-01   4,24996e+02   4,19200e+02
            19   1,90000e-03   1,04179e-01   4,24529e+02   4,18600e+02
            20   2,00000e-03   8,41002e-02   4,24048e+02   4,18000e+02
            21   2,10000e-03   6,23410e-02   4,23554e+02   4,17400e+02
            22   2,20000e-03   3,75425e-02   4,23045e+02   4,16800e+02
            23   2,30000e-03   8,69974e-03   4,22523e+02   4,16200e+02
            24   2,40000e-03  -2,47644e-02   4,21992e+02   4,15600e+02
            25   2,50000e-03  -6,30107e-02   4,21459e+02   4,15000e+02
            26   2,60000e-03  -1,05835e-01   4,20926e+02   4,14400e+02
            27   2,70000e-03  -1,53371e-01   4,20387e+02   4,13800e+02
            28   2,80000e-03  -2,05737e-01   4,19847e+02   4,13200e+02
            29   2,90000e-03  -2,63179e-01   4,19300e+02   4,12600e+02
            30   3,00000e-03  -3,25436e-01   4,18747e+02   4,12000e+02
            31   3,10000e-03  -3,91746e-01   4,18182e+02   4,11400e+02
            32   3,20000e-03  -4,60529e-01   4,17615e+02   4,10800e+02
            33   3,30000e-03  -5,29842e-01   4,17056e+02   4,10200e+02
            34   3,40000e-03  -5,98232e-01   4,16484e+02   4,09600e+02
            35   3,50000e-03  -6,64567e-01   4,15920e+02   4,09000e+02
            36   3,60000e-03  -7,28420e-01   4,15352e+02   4,08400e+02
            37   3,70000e-03  -7,89612e-01   4,14781e+02   4,07800e+02
            38   3,80000e-03  -8,47687e-01   4,14205e+02   4,07200e+02
            39   3,90000e-03  -9,02130e-01   4,13621e+02   4,06600e+02
            40   4,00000e-03  -9,52581e-01   4,13041e+02   4,06000e+02
            41   4,10000e-03  -9,99110e-01   4,12461e+02   4,05400e+02
            42   4,20000e-03  -1,04189e+00   4,11881e+02   4,04800e+02
            43   4,30000e-03  -1,08152e+00   4,11296e+02   4,04200e+02
            44   4,40000e-03  -1,11879e+00   4,10717e+02   4,03600e+02
            45   4,50000e-03  -1,15495e+00   4,10130e+02   4,03000e+02
            46   4,60000e-03  -1,19082e+00   4,09543e+02   4,02400e+02
            47   4,70000e-03  -1,22676e+00   4,08954e+02   4,01800e+02
            48   4,80000e-03  -1,26294e+00   4,08364e+02   4,01200e+02
            49   4,90000e-03  -1,29963e+00   4,07778e+02   4,00600e+02
            50   5,00000e-03  -1,33668e+00   4,07189e+02   4,00000e+02
            51   5,10000e-03  -1,37440e+00   4,06599e+02   3,99400e+02
            52   5,20000e-03  -1,41267e+00   4,06008e+02   3,98800e+02
            53   5,30000e-03  -1,45157e+00   4,05419e+02   3,98200e+02
            54   5,40000e-03  -1,49115e+00   4,04826e+02   3,97600e+02
            55   5,50000e-03  -1,53081e+00   4,04233e+02   3,97000e+02
            56   5,60000e-03  -1,57036e+00   4,03639e+02   3,96400e+02
            57   5,70000e-03  -1,60923e+00   4,03049e+02   3,95800e+02
            58   5,80000e-03  -1,64693e+00   4,02456e+02   3,95200e+02
            59   5,90000e-03  -1,68302e+00   4,01862e+02   3,94600e+02
            60   6,00000e-03  -1,71754e+00   4,01270e+02   3,94000e+02
            61   6,10000e-03  -1,75062e+00   4,00674e+02   3,93400e+02
            62   6,20000e-03  -1,78224e+00   4,00081e+02   3,92800e+02
            63   6,30000e-03  -1,81213e+00   3,99486e+02   3,92200e+02
            64   6,40000e-03  -1,84015e+00   3,98890e+02   3,91600e+02
            65   6,50000e-03  -1,86667e+00   3,98296e+02   3,91000e+02
            66   6,60000e-03  -1,89168e+00   3,97701e+02   3,90400e+02
            67   6,70000e-03  -1,91537e+00   3,97106e+02   3,89800e+02
            68   6,80000e-03  -1,93788e+00   3,96511e+02   3,89200e+02
            69   6,90000e-03  -1,95972e+00   3,95915e+02   3,88600e+02
            70   7,00000e-03  -1,98075e+00   3,95316e+02   3,88000e+02
            71   7,10000e-03  -2,00140e+00   3,94719e+02   3,87400e+02
            72   7,20000e-03  -2,02188e+00   3,94127e+02   3,86800e+02
            73   7,30000e-03  -2,04213e+00   3,93531e+02   3,86200e+02
            74   7,40000e-03  -2,06232e+00   3,92934e+02   3,85600e+02
            75   7,50000e-03  -2,08276e+00   3,92337e+02   3,85000e+02
            76   7,60000e-03  -2,10326e+00   3,91740e+02   3,84400e+02
            77   7,70000e-03  -2,12384e+00   3,91143e+02   3,83800e+02
            78   7,80000e-03  -2,14441e+00   3,90543e+02   3,83200e+02
            79   7,90000e-03  -2,16478e+00   3,89946e+02   3,82600e+02
            80   8,00000e-03  -2,18418e+00   3,89352e+02   3,82000e+02
            81   8,10000e-03  -2,20303e+00   3,88756e+02   3,81400e+02
            82   8,20000e-03  -2,22171e+00   3,88158e+02   3,80800e+02
            83   8,30000e-03  -2,23967e+00   3,87561e+02   3,80200e+02
            84   8,40000e-03  -2,25705e+00   3,86963e+02   3,79600e+02
            85   8,50000e-03  -2,27411e+00   3,86368e+02   3,79000e+02
            86   8,60000e-03  -2,29043e+00   3,85770e+02   3,78400e+02
            87   8,70000e-03  -2,30603e+00   3,85172e+02   3,77800e+02
            88   8,80000e-03  -2,32108e+00   3,84574e+02   3,77200e+02
            89   8,90000e-03  -2,33556e+00   3,83980e+02   3,76600e+02
            90   9,00000e-03  -2,34978e+00   3,83380e+02   3,76000e+02
            91   9,10000e-03  -2,36352e+00   3,82784e+02   3,75400e+02
            92   9,20000e-03  -2,37670e+00   3,82186e+02   3,74800e+02
            93   9,30000e-03  -2,38962e+00   3,81586e+02   3,74200e+02
            94   9,40000e-03  -2,40236e+00   3,80987e+02   3,73600e+02
            95   9,50000e-03  -2,41465e+00   3,80392e+02   3,73000e+02
            96   9,60000e-03  -2,42664e+00   3,79796e+02   3,72400e+02
            97   9,70000e-03  -2,43836e+00   3,79194e+02   3,71800e+02
            98   9,80000e-03  -2,45033e+00   3,78599e+02   3,71200e+02
            99   9,90000e-03  -2,46235e+00   3,77999e+02   3,70600e+02
           100   1,00000e-02  -2,47436e+00   3,77402e+02   3,70000e+02
           101   1,01000e-02  -2,48611e+00   3,76805e+02   3,69400e+02
           102   1,02000e-02  -2,49732e+00   3,76204e+02   3,68800e+02
           103   1,03000e-02  -2,50787e+00   3,75608e+02   3,68200e+02
           104   1,04000e-02  -2,51843e+00   3,75009e+02   3,67600e+02
           105   1,05000e-02  -2,52888e+00   3,74413e+02   3,67000e+02
           106   1,06000e-02  -2,53933e+00   3,73813e+02   3,66400e+02
           107   1,07000e-02  -2,54972e+00   3,73215e+02   3,65800e+02
           108   1,08000e-02  -2,55986e+00   3,72617e+02   3,65200e+02
           109   1,09000e-02  -2,56979e+00   3,72015e+02   3,64600e+02
           110   1,10000e-02  -2,57938e+00   3,71414e+02   3,64000e+02
           111   1,11000e-02  -2,58841e+00   3,70818e+02   3,63400e+02
           112   1,12000e-02  -2,59646e+00   3,70220e+02   3,62800e+02
           113   1,13000e-02  -2,60428e+00   3,69622e+02   3,62200e+02
           114   1,14000e-02  -2,61164e+00   3,69026e+02   3,61600e+02
           115   1,15000e-02  -2,61933e+00   3,68426e+02   3,61000e+02
           116   1,16000e-02  -2,62729e+00   3,67827e+02   3,60400e+02
           117   1,17000e-02  -2,63542e+00   3,67225e+02   3,59800e+02
           118   1,18000e-02  -2,64359e+00   3,66628e+02   3,59200e+02
           119   1,19000e-02  -2,65141e+00   3,66028e+02   3,58600e+02
           120   1,20000e-02  -2,65906e+00   3,65433e+02   3,58000e+02
           121   1,21000e-02  -2,66668e+00   3,64834e+02   3,57400e+02
           122   1,22000e-02  -2,67429e+00   3,64235e+02   3,56800e+02
           123   1,23000e-02  -2,68169e+00   3,63638e+02   3,56200e+02
           124   1,24000e-02  -2,68888e+00   3,63040e+02   3,55600e+02
           125   1,25000e-02  -2,69576e+00   3,62441e+02   3,55000e+02
           126   1,26000e-02  -2,70241e+00   3,61841e+02   3,54400e+02
           127   1,27000e-02  -2,70890e+00   3,61241e+02   3,53800e+02
           128   1,28000e-02  -2,71542e+00   3,60643e+02   3,53200e+02
           129   1,29000e-02  -2,72179e+00   3,60044e+02   3,52600e+02
           130   1,30000e-02  -2,72784e+00   3,59448e+02   3,52000e+02
           131   1,31000e-02  -2,73332e+00   3,58846e+02   3,51400e+02
           132   1,32000e-02  -2,73841e+00   3,58247e+02   3,50800e+02
           133   1,33000e-02  -2,74294e+00   3,57650e+02   3,50200e+02
           134   1,34000e-02  -2,74710e+00   3,57050e+02   3,49600e+02
           135   1,35000e-02  -2,75130e+00   3,56453e+02   3,49000e+02
           136   1,36000e-02  -2,75626e+00   3,55856e+02   3,48400e+02
           137   1,37000e-02  -2,76119e+00   3,55253e+02   3,47800e+02
           138   1,38000e-02  -2,76656e+00   3,54657e+02   3,47200e+02
           139   1,39000e-02  -2,77198e+00   3,54057e+02   3,46600e+02
           140   1,40000e-02  -2,77755e+00   3,53458e+02   3,46000e+02
           141   1,41000e-02  -2,78292e+00   3,52857e+02   3,45400e+02
           142   1,42000e-02  -2,78816e+00   3,52261e+02   3,44800e+02
           143   1,43000e-02  -2,79322e+00   3,51661e+02   3,44200e+02
           144   1,44000e-02  -2,79818e+00   3,51063e+02   3,43600e+02
           145   1,45000e-02  -2,80290e+00   3,50466e+02   3,43000e+02
           146   1,46000e-02  -2,80747e+00   3,49866e+02   3,42400e+02
           147   1,47000e-02  -2,81150e+00   3,49265e+02   3,41800e+02
           148   1,48000e-02  -2,81559e+00   3,48670e+02   3,41200e+02
           149   1,49000e-02  -2,81971e+00   3,48065e+02   3,40600e+02
           150   1,50000e-02  -2,82406e+00   3,47470e+02   3,40000e+02
           151   1,51000e-02  -2,82864e+00   3,46873e+02   3,39400e+02
           152   1,52000e-02  -2,83289e+00   3,46272e+02   3,38800e+02
           153   1,53000e-02  -2,83697e+00   3,45675e+02   3,38200e+02
           154   1,54000e-02  -2,84079e+00   3,45076e+02   3,37600e+02
           155   1,55000e-02  -2,84437e+00   3,44476e+02   3,37000e+02
           156   1,56000e-02  -2,84742e+00   3,43874e+02   3,36400e+02
           157   1,57000e-02  -2,85048e+00   3,43278e+02   3,35800e+02
           158   1,58000e-02  -2,85379e+00   3,42678e+02   3,35200e+02
           159   1,59000e-02  -2,85680e+00   3,42079e+02   3,34600e+02
           160   1,60000e-02  -2,86019e+00   3,41480e+02   3,34000e+02
           161   1,61000e-02  -2,86369e+00   3,40881e+02   3,33400e+02
           162   1,62000e-02  -2,86734e+00   3,40279e+02   3,32800e+02
           163   1,63000e-02  -2,87109e+00   3,39682e+02   3,32200e+02
           164   1,64000e-02  -2,87456e+00   3,39081e+02   3,31600e+02
           165   1,65000e-02  -2,87794e+00   3,38482e+02   3,31000e+02
           166   1,66000e-02  -2,88125e+00   3,37887e+02   3,30400e+02
           167   1,67000e-02  -2,88472e+00   3,37285e+02   3,29800e+02
           168   1,68000e-02  -2,88816e+00   3,36688e+02   3,29200e+02
           169   1,69000e-02  -2,89148e+00   3,36089e+02   3,28600e+02
           170   1,70000e-02  -2,89465e+00   3,35494e+02   3,28000e+02
           171   1,71000e-02  -2,89744e+00   3,34892e+02   3,27400e+02
           172   1,72000e-02  -2,90019e+00   3,34293e+02   3,26800e+02
           173   1,73000e-02  -2,90304e+00   3,33694e+02   3,26200e+02
           174   1,74000e-02  -2,90597e+00   3,33095e+02   3,25600e+02
           175   1,75000e-02  -2,90852e+00   3,32494e+02   3,25000e+02
           176   1,76000e-02  -2,91122e+00   3,31899e+02   3,24400e+02
           177   1,77000e-02  -2,91358e+00   3,31299e+02   3,23800e+02
           178   1,78000e-02  -2,91603e+00   3,30702e+02   3,23200e+02
           179   1,79000e-02  -2,91848e+00   3,30103e+02   3,22600e+02
           180   1,80000e-02  -2,92103e+00   3,29504e+02   3,22000e+02
           181   1,81000e-02  -2,92393e+00   3,28901e+02   3,21400e+02
           182   1,82000e-02  -2,92668e+00   3,28303e+02   3,20800e+02
           183   1,83000e-02  -2,92920e+00   3,27702e+02   3,20200e+02
           184   1,84000e-02  -2,93143e+00   3,27105e+02   3,19600e+02
           185   1,85000e-02  -2,93384e+00   3,26505e+02   3,19000e+02
           186   1,86000e-02  -2,93640e+00   3,25909e+02   3,18400e+02
           187   1,87000e-02  -2,93879e+00   3,25310e+02   3,17800e+02
           188   1,88000e-02  -2,94126e+00   3,24708e+02   3,17200e+02
           189   1,89000e-02  -2,94357e+00   3,24107e+02   3,16600e+02
           190   1,90000e-02  -2,94562e+00   3,23509e+02   3,16000e+02
           191   1,91000e-02  -2,94755e+00   3,22911e+02   3,15400e+02
           192   1,92000e-02  -2,94948e+00   3,22313e+02   3,14800e+02
           193   1,93000e-02  -2,95140e+00   3,21713e+02   3,14200e+02
           194   1,94000e-02  -2,95318e+00   3,21113e+02   3,13600e+02
           195   1,95000e-02  -2,95507e+00   3,20518e+02   3,13000e+02
           196   1,96000e-02  -2,95695e+00   3,19914e+02   3,12400e+02
           197   1,97000e-02  -2,95883e+00   3,19314e+02   3,11800e+02
           198   1,98000e-02  -2,96104e+00   3,18717e+02   3,11200e+02
           199   1,99000e-02  -2,96345e+00   3,18120e+02   3,10600e+02
           200   2,00000e-02  -2,96637e+00   3,17521e+02   3,10000e+02
           201   2,01000e-02  -2,96930e+00   3,16923e+02   3,09400e+02
           202   2,02000e-02  -2,97244e+00   3,16323e+02   3,08800e+02
           203   2,03000e-02  -2,97567e+00   3,15726e+02   3,08200e+02
           204   2,04000e-02  -2,97905e+00   3,15127e+02   3,07600e+02
           205   2,05000e-02  -2,98236e+00   3,14526e+02   3,07000e+02
           206   2,06000e-02  -2,98524e+00   3,13929e+02   3,06400e+02
           207   2,07000e-02  -2,98788e+00   3,13329e+02   3,05800e+02
           208   2,08000e-02  -2,99102e+00   3,12729e+02   3,05200e+02
           209   2,09000e-02  -2,99398e+00   3,12132e+02   3,04600e+02
           210   2,10000e-02  -2,99704e+00   3,11530e+02   3,04000e+02
           211   2,11000e-02  -3,00012e+00   3,10934e+02   3,03400e+02
           212   2,12000e-02  -3,00331e+00   3,10333e+02   3,02800e+02
           213   2,13000e-02  -3,00641e+00   3,09732e+02   3,02200e+02
           214   2,14000e-02  -3,00989e+00   3,09136e+02   3,01600e+02
           215   2,15000e-02  -3,01427e+00   3,08540e+02   3,01000e+02
           216   2,16000e-02  -3,01907e+00   3,07940e+02   3,00400e+02
           217   2,17000e-02  -3,02449e+00   3,07340e+02   2,99800e+02
           218   2,18000e-02  -3,03040e+00   3,06744e+02   2,99200e+02
           219   2,19000e-02  -3,03674e+00   3,06142e+02   2,98600e+02
           220   2,20000e-02  -3,04313e+00   3,05545e+02   2,98000e+02
           221   2,21000e-02  -3,05012e+00   3,04943e+02   2,97400e+02
           222   2,22000e-02  -3,05774e+00   3,04348e+02   2,96800e+02
           223   2,23000e-02  -3,06605e+00   3,03748e+02   2,96200e+02
           224   2,24000e-02  -3,07516e+00   3,03151e+02   2,95600e+02
           225   2,25000e-02  -3,08499e+00   3,02554e+02   2,95000e+02
           226   2,26000e-02  -3,09571e+00   3,01953e+02   2,94400e+02
           227   2,27000e-02  -3,10750e+00   3,01356e+02   2,93800e+02
           228   2,28000e-02  -3,12019e+00   3,00758e+02   2,93200e+02
           229   2,29000e-02  -3,13340e+00   3,00159e+02   2,92600e+02
           230   2,30000e-02  -3,14673e+00   2,99562e+02   2,92000e+02
           231   2,31000e-02  -3,16080e+00   2,98963e+02   2,91400e+02
           232   2,32000e-02  -3,17489e+00   2,98365e+02   2,90800e+02
           233   2,33000e-02  -3,18885e+00   2,97767e+02   2,90200e+02
           234   2,34000e-02  -3,20284e+00   2,97169e+02   2,89600e+02
           235   2,35000e-02  -3,21613e+00   2,96571e+02   2,89000e+02
           236   2,36000e-02  -3,22888e+00   2,95974e+02   2,88400e+02
           237   2,37000e-02  -3,24069e+00   2,95374e+02   2,87800e+02
           238   2,38000e-02  -3,25152e+00   2,94771e+02   2,87200e+02
           239   2,39000e-02  -3,26049e+00   2,94178e+02   2,86600e+02
           240   2,40000e-02  -3,26845e+00   2,93575e+02   2,86000e+02
           241   2,41000e-02  -3,27539e+00   2,92976e+02   2,85400e+02
           242   2,42000e-02  -3,28065e+00   2,92376e+02   2,84800e+02
           243   2,43000e-02  -3,28476e+00   2,91779e+02   2,84200e+02
           244   2,44000e-02  -3,28845e+00   2,91180e+02   2,83600e+02
           245   2,45000e-02  -3,29199e+00   2,90583e+02   2,83000e+02
           246   2,46000e-02  -3,29577e+00   2,89986e+02   2,82400e+02
           247   2,47000e-02  -3,30011e+00   2,89384e+02   2,81800e+02
           248   2,48000e-02  -3,30461e+00   2,88786e+02   2,81200e+02
           249   2,49000e-02  -3,30914e+00   2,88186e+02   2,80600e+02
           250   2,50000e-02  -3,31319e+00   2,87590e+02   2,80000e+02
           251   2,51000e-02  -3,31728e+00   2,86991e+02   2,79400e+02
           252   2,52000e-02  -3,32136e+00   2,86394e+02   2,78800e+02
           253   2,53000e-02  -3,32475e+00   2,85792e+02   2,78200e+02
           254   2,54000e-02  -3,32781e+00   2,85192e+02   2,77600e+02
           255   2,55000e-02  -3,33084e+00   2,84594e+02   2,77000e+02
           256   2,56000e-02  -3,33340e+00   2,83996e+02   2,76400e+02
           257   2,57000e-02  -3,33572e+00   2,83399e+02   2,75800e+02
           258   2,58000e-02  -3,33785e+00   2,82800e+02   2,75200e+02
           259   2,59000e-02  -3,33969e+00   2,82203e+02   2,74600e+02
           260   2,60000e-02  -3,34143e+00   2,81603e+02   2,74000e+02
           261   2,61000e-02  -3,34249e+00   2,81004e+02   2,73400e+02
           262   2,62000e-02  -3,34320e+00   2,80407e+02   2,72800e+02
           263   2,63000e-02  -3,34392e+00   2,79805e+02   2,72200e+02
           264   2,64000e-02  -3,34447e+00   2,79203e+02   2,71600e+02
           265   2,65000e-02  -3,34450e+00   2,78607e+02   2,71000e+02
           266   2,66000e-02  -3,34358e+00   2,78005e+02   2,70400e+02
           267   2,67000e-02  -3,34273e+00   2,77409e+02   2,69800e+02
           268   2,68000e-02  -3,34171e+00   2,76807e+02   2,69200e+02
           269   2,69000e-02  -3,33995e+00   2,76210e+02   2,68600e+02
           270   2,70000e-02  -3,33796e+00   2,75610e+02   2,68000e+02
           271   2,71000e-02  -3,33609e+00   2,75010e+02   2,67400e+02
           272   2,72000e-02  -3,33351e+00   2,74410e+02   2,66800e+02
           273   2,73000e-02  -3,33044e+00   2,73813e+02   2,66200e+02
           274   2,74000e-02  -3,32724e+00   2,73216e+02   2,65600e+02
           275   2,75000e-02  -3,32459e+00   2,72616e+02   2,65000e+02
           276   2,76000e-02  -3,32228e+00   2,72015e+02   2,64400e+02
           277   2,77000e-02  -3,32015e+00   2,71416e+02   2,63800e+02
           278   2,78000e-02  -3,31744e+00   2,70820e+02   2,63200e+02
           279   2,79000e-02  -3,31394e+00   2,70218e+02   2,62600e+02
           280   2,80000e-02  -3,31064e+00   2,69620e+02   2,62000e+02
           281   2,81000e-02  -3,30816e+00   2,69023e+02   2,61400e+02
           282   2,82000e-02  -3,30620e+00   2,68424e+02   2,60800e+02
           283   2,83000e-02  -3,30418e+00   2,67823e+02   2,60200e+02
           284   2,84000e-02  -3,30213e+00   2,67224e+02   2,59600e+02
           285   2,85000e-02  -3,29939e+00   2,66623e+02   2,59000e+02
           286   2,86000e-02  -3,29631e+00   2,66026e+02   2,58400e+02
           287   2,87000e-02  -3,29254e+00   2,65426e+02   2,57800e+02
           288   2,88000e-02  -3,28887e+00   2,64829e+02   2,57200e+02
           289   2,89000e-02  -3,28492e+00   2,64229e+02   2,56600e+02
           290   2,90000e-02  -3,28099e+00   2,63631e+02   2,56000e+02
           291   2,91000e-02  -3,27656e+00   2,63031e+02   2,55400e+02
           292   2,92000e-02  -3,27201e+00   2,62432e+02   2,54800e+02
           293   2,93000e-02  -3,26741e+00   2,61830e+02   2,54200e+02
           294   2,94000e-02  -3,26261e+00   2,61234e+02   2,53600e+02
           295   2,95000e-02  -3,25770e+00   2,60632e+02   2,53000e+02
           296   2,96000e-02  -3,25294e+00   2,60034e+02   2,52400e+02
           297   2,97000e-02  -3,24832e+00   2,59436e+02   2,51800e+02
           298   2,98000e-02  -3,24403e+00   2,58838e+02   2,51200e+02
           299   2,99000e-02  -3,24015e+00   2,58236e+02   2,50600e+02
           300   3,00000e-02  -3,23618e+00   2,57639e+02   2,50000e+02
           301   3,01000e-02  -3,23244e+00   2,57039e+02   2,49400e+02
           302   3,02000e-02  -3,22867e+00   2,56440e+02   2,48800e+02
           303   3,03000e-02  -3,22471e+00   2,55842e+02   2,48200e+02
           304   3,04000e-02  -3,22077e+00   2,55244e+02   2,47600e+02
           305   3,05000e-02  -3,21708e+00   2,54643e+02   2,47000e+02
           306   3,06000e-02  -3,21338e+00   2,54047e+02   2,46400e+02
           307   3,07000e-02  -3,20955e+00   2,53444e+02   2,45800e+02
           308   3,08000e-02  -3,20574e+00   2,52847e+02   2,45200e+02
           309   3,09000e-02  -3,20198e+00   2,52247e+02   2,44600e+02
           310   3,10000e-02  -3,19795e+00   2,51648e+02   2,44000e+02
           311   3,11000e-02  -3,19379e+00   2,51048e+02   2,43400e+02
           312   3,12000e-02  -3,18913e+00   2,50451e+02   2,42800e+02
           313   3,13000e-02  -3,18414e+00   2,49852e+02   2,42200e+02
           314   3,14000e-02  -3,17893e+00   2,49252e+02   2,41600e+02
           315   3,15000e-02  -3,17375e+00   2,48655e+02   2,41000e+02
           316   3,16000e-02  -3,16840e+00   2,48057e+02   2,40400e+02
           317   3,17000e-02  -3,16274e+00   2,47456e+02   2,39800e+02
           318   3,18000e-02  -3,15700e+00   2,46858e+02   2,39200e+02
           319   3,19000e-02  -3,15123e+00   2,46259e+02   2,38600e+02
           320   3,20000e-02  -3,14601e+00   2,45662e+02   2,38000e+02
           321   3,21000e-02  -3,14139e+00   2,45058e+02   2,37400e+02
           322   3,22000e-02  -3,13695e+00   2,44460e+02   2,36800e+02
           323   3,23000e-02  -3,13257e+00   2,43866e+02   2,36200e+02
           324   3,24000e-02  -3,12812e+00   2,43265e+02   2,35600e+02
           325   3,25000e-02  -3,12420e+00   2,42667e+02   2,35000e+02
           326   3,26000e-02  -3,12091e+00   2,42067e+02   2,34400e+02
           327   3,27000e-02  -3,11827e+00   2,41467e+02   2,33800e+02
           328   3,28000e-02  -3,11590e+00   2,40870e+02   2,33200e+02
           329   3,29000e-02  -3,11315e+00   2,40269e+02   2,32600e+02
           330   3,30000e-02  -3,11054e+00   2,39669e+02   2,32000e+02
           331   3,31000e-02  -3,10752e+00   2,39071e+02   2,31400e+02
           332   3,32000e-02  -3,10452e+00   2,38470e+02   2,30800e+02
           333   3,33000e-02  -3,10135e+00   2,37875e+02   2,30200e+02
           334   3,34000e-02  -3,09796e+00   2,37274e+02   2,29600e+02
           335   3,35000e-02  -3,09423e+00   2,36674e+02   2,29000e+02
           336   3,36000e-02  -3,09065e+00   2,36075e+02   2,28400e+02
           337   3,37000e-02  -3,08673e+00   2,35477e+02   2,27800e+02
           338   3,38000e-02  -3,08230e+00   2,34877e+02   2,27200e+02
           339   3,39000e-02  -3,07758e+00   2,34281e+02   2,26600e+02
           340   3,40000e-02  -3,07250e+00   2,33681e+02   2,26000e+02
           341   3,41000e-02  -3,06770e+00   2,33084e+02   2,25400e+02
           342   3,42000e-02  -3,06339e+00   2,32484e+02   2,24800e+02
           343   3,43000e-02  -3,05927e+00   2,31885e+02   2,24200e+02
           344   3,44000e-02  -3,05581e+00   2,31286e+02   2,23600e+02
           345   3,45000e-02  -3,05231e+00   2,30689e+02   2,23000e+02
           346   3,46000e-02  -3,04860e+00   2,30092e+02   2,22400e+02
           347   3,47000e-02  -3,04470e+00   2,29489e+02   2,21800e+02
           348   3,48000e-02  -3,04056e+00   2,28894e+02   2,21200e+02
           349   3,49000e-02  -3,03635e+00   2,28291e+02   2,20600e+02
           350   3,50000e-02  -3,03257e+00   2,27697e+02   2,20000e+02
           351   3,51000e-02  -3,02874e+00   2,27099e+02   2,19400e+02
           352   3,52000e-02  -3,02512e+00   2,26498e+02   2,18800e+02
           353   3,53000e-02  -3,02164e+00   2,25898e+02   2,18200e+02
           354   3,54000e-02  -3,01852e+00   2,25299e+02   2,17600e+02
           355   3,55000e-02  -3,01545e+00   2,24701e+02   2,17000e+02
           356   3,56000e-02  -3,01226e+00   2,24103e+02   2,16400e+02
           357   3,57000e-02  -3,00907e+00   2,23505e+02   2,15800e+02
           358   3,58000e-02  -3,00595e+00   2,22905e+02   2,15200e+02
           359   3,59000e-02  -3,00259e+00   2,22306e+02   2,14600e+02
           360   3,60000e-02  -2,99911e+00   2,21710e+02   2,14000e+02
           361   3,61000e-02  -2,99588e+00   2,21110e+02   2,13400e+02
           362   3,62000e-02  -2,99276e+00   2,20513e+02   2,12800e+02
           363   3,63000e-02  -2,98959e+00   2,19911e+02   2,12200e+02
           364   3,64000e-02  -2,98628e+00   2,19315e+02   2,11600e+02
           365   3,65000e-02  -2,98286e+00   2,18715e+02   2,11000e+02
           366   3,66000e-02  -2,97950e+00   2,18117e+02   2,10400e+02
           367   3,67000e-02  -2,97588e+00   2,17517e+02   2,09800e+02
           368   3,68000e-02  -2,97226e+00   2,16919e+02   2,09200e+02
           369   3,69000e-02  -2,96845e+00   2,16326e+02   2,08600e+02
           370   3,70000e-02  -2,96457e+00   2,15723e+02   2,08000e+02
           371   3,71000e-02  -2,96094e+00   2,15126e+02   2,07400e+02
           372   3,72000e-02  -2,95769e+00   2,14528e+02   2,06800e+02
           373   3,73000e-02  -2,95543e+00   2,13930e+02   2,06200e+02
           374   3,74000e-02  -2,95324e+00   2,13331e+02   2,05600e+02
           375   3,75000e-02  -2,95112e+00   2,12728e+02   2,05000e+02
           376   3,76000e-02  -2,94854e+00   2,12134e+02   2,04400e+02
           377   3,77000e-02  -2,94597e+00   2,11536e+02   2,03800e+02
           378   3,78000e-02  -2,94304e+00   2,10938e+02   2,03200e+02
           379   3,79000e-02  -2,94003e+00   2,10338e+02   2,02600e+02
           380   3,80000e-02  -2,93684e+00   2,09736e+02   2,02000e+02
           381   3,81000e-02  -2,93363e+00   2,09142e+02   2,01400e+02
           382   3,82000e-02  -2,93028e+00   2,08542e+02   2,00800e+02
           383   3,83000e-02  -2,92738e+00   2,07948e+02   2,00200e+02
           384   3,84000e-02  -2,92460e+00   2,07345e+02   1,99600e+02
           385   3,85000e-02  -2,92188e+00   2,06746e+02   1,99000e+02
           386   3,86000e-02  -2,91919e+00   2,06149e+02   1,98400e+02
           387   3,87000e-02  -2,91653e+00   2,05544e+02   1,97800e+02
           388   3,88000e-02  -2,91394e+00   2,04949e+02   1,97200e+02
           389   3,89000e-02  -2,91129e+00   2,04350e+02   1,96600e+02
           390   3,90000e-02  -2,90871e+00   2,03755e+02   1,96000e+02
           391   3,91000e-02  -2,90618e+00   2,03157e+02   1,95400e+02
           392   3,92000e-02  -2,90364e+00   2,02556e+02   1,94800e+02
           393   3,93000e-02  -2,90099e+00   2,01960e+02   1,94200e+02
           394   3,94000e-02  -2,89821e+00   2,01362e+02   1,93600e+02
           395   3,95000e-02  -2,89538e+00   2,00767e+02   1,93000e+02
           396   3,96000e-02  -2,89294e+00   2,00164e+02   1,92400e+02
           397   3,97000e-02  -2,89090e+00   1,99568e+02   1,91800e+02
           398   3,98000e-02  -2,88879e+00   1,98970e+02   1,91200e+02
           399   3,99000e-02  -2,88632e+00   1,98372e+02   1,90600e+02
           400   4,00000e-02  -2,88426e+00   1,97774e+02   1,90000e+02
           401   4,01000e-02  -2,88236e+00   1,97174e+02   1,89400e+02
           402   4,02000e-02  -2,88091e+00   1,96578e+02   1,88800e+02
           403   4,03000e-02  -2,87954e+00   1,95979e+02   1,88200e+02
           404   4,04000e-02  -2,87791e+00   1,95380e+02   1,87600e+02
           405   4,05000e-02  -2,87587e+00   1,94780e+02   1,87000e+02
           406   4,06000e-02  -2,87369e+00   1,94183e+02   1,86400e+02
           407   4,07000e-02  -2,87125e+00   1,93585e+02   1,85800e+02
           408   4,08000e-02  -2,86825e+00   1,92984e+02   1,85200e+02
           409   4,09000e-02  -2,86520e+00   1,92390e+02   1,84600e+02
           410   4,10000e-02  -2,86182e+00   1,91791e+02   1,84000e+02
           411   4,11000e-02  -2,85870e+00   1,91195e+02   1,83400e+02
           412   4,12000e-02  -2,85572e+00   1,90595e+02   1,82800e+02
           413   4,13000e-02  -2,85270e+00   1,89996e+02   1,82200e+02
           414   4,14000e-02  -2,84962e+00   1,89397e+02   1,81600e+02
           415   4,15000e-02  -2,84681e+00   1,88799e+02   1,81000e+02
           416   4,16000e-02  -2,84410e+00   1,88200e+02   1,80400e+02
           417   4,17000e-02  -2,84178e+00   1,87603e+02   1,79800e+02
           418   4,18000e-02  -2,84022e+00   1,87010e+02   1,79200e+02
           419   4,19000e-02  -2,83903e+00   1,86412e+02   1,78600e+02
           420   4,20000e-02  -2,83799e+00   1,85811e+02   1,78000e+02
           421   4,21000e-02  -2,83704e+00   1,85214e+02   1,77400e+02
           422   4,22000e-02  -2,83607e+00   1,84616e+02   1,76800e+02
           423   4,23000e-02  -2,83478e+00   1,84017e+02   1,76200e+02
           424   4,24000e-02  -2,83319e+00   1,83420e+02   1,75600e+02
           425   4,25000e-02  -2,83130e+00   1,82822e+02   1,75000e+02
           426   4,26000e-02  -2,82858e+00   1,82228e+02   1,74400e+02
           427   4,27000e-02  -2,82521e+00   1,81627e+02   1,73800e+02
           428   4,28000e-02  -2,82181e+00   1,81027e+02   1,73200e+02
           429   4,29000e-02  -2,81833e+00   1,80433e+02   1,72600e+02
           430   4,30000e-02  -2,81487e+00   1,79833e+02   1,72000e+02
           431   4,31000e-02  -2,81165e+00   1,79234e+02   1,71400e+02
           432   4,32000e-02  -2,80868e+00   1,78635e+02   1,70800e+02
           433   4,33000e-02  -2,80591e+00   1,78038e+02   1,70200e+02
           434   4,34000e-02  -2,80382e+00   1,77441e+02   1,69600e+02
           435   4,35000e-02  -2,80206e+00   1,76842e+02   1,69000e+02
           436   4,36000e-02  -2,80080e+00   1,76248e+02   1,68400e+02
           437   4,37000e-02  -2,79938e+00   1,75646e+02   1,67800e+02
           438   4,38000e-02  -2,79771e+00   1,75049e+02   1,67200e+02
           439   4,39000e-02  -2,79633e+00   1,74450e+02   1,66600e+02
           440   4,40000e-02  -2,79485e+00   1,73857e+02   1,66000e+02
           441   4,41000e-02  -2,79347e+00   1,73255e+02   1,65400e+02
           442   4,42000e-02  -2,79195e+00   1,72660e+02   1,64800e+02
           443   4,43000e-02  -2,79078e+00   1,72062e+02   1,64200e+02
           444   4,44000e-02  -2,78945e+00   1,71463e+02   1,63600e+02
           445   4,45000e-02  -2,78815e+00   1,70867e+02   1,63000e+02
           446   4,46000e-02  -2,78642e+00   1,70272e+02   1,62400e+02
           447   4,47000e-02  -2,78450e+00   1,69673e+02   1,61800e+02
           448   4,48000e-02  -2,78229e+00   1,69075e+02   1,61200e+02
           449   4,49000e-02  -2,78018e+00   1,68474e+02   1,60600e+02
           450   4,50000e-02  -2,77794e+00   1,67878e+02   1,60000e+02
           451   4,51000e-02  -2,77546e+00   1,67281e+02   1,59400e+02
           452   4,52000e-02  -2,77280e+00   1,66680e+02   1,58800e+02
           453   4,53000e-02  -2,76999e+00   1,66087e+02   1,58200e+02
           454   4,54000e-02  -2,76729e+00   1,65489e+02   1,57600e+02
           455   4,55000e-02  -2,76455e+00   1,64895e+02   1,57000e+02
           456   4,56000e-02  -2,76187e+00   1,64294e+02   1,56400e+02
           457   4,57000e-02  -2,75921e+00   1,63694e+02   1,55800e+02
           458   4,58000e-02  -2,75666e+00   1,63097e+02   1,55200e+02
           459   4,59000e-02  -2,75428e+00   1,62498e+02   1,54600e+02
           460   4,60000e-02  -2,75224e+00   1,61899e+02   1,54000e+02
           461   4,61000e-02  -2,75083e+00   1,61301e+02   1,53400e+02
           462   4,62000e-02  -2,74943e+00   1,60706e+02   1,52800e+02
           463   4,63000e-02  -2,74817e+00   1,60107e+02   1,52200e+02
           464   4,64000e-02  -2,74689e+00   1,59509e+02   1,51600e+02
           465   4,65000e-02  -2,74587e+00   1,58916e+02   1,51000e+02
           466   4,66000e-02  -2,74432e+00   1,58314e+02   1,50400e+02
           467   4,67000e-02  -2,74216e+00   1,57712e+02   1,49800e+02
           468   4,68000e-02  -2,73982e+00   1,57117e+02   1,49200e+02
           469   4,69000e-02  -2,73760e+00   1,56524e+02   1,48600e+02
           470   4,70000e-02  -2,73498e+00   1,55924e+02   1,48000e+02
           471   4,71000e-02  -2,73242e+00   1,55330e+02   1,47400e+02
           472   4,72000e-02  -2,72987e+00   1,54730e+02   1,46800e+02
           473   4,73000e-02  -2,72758e+00   1,54133e+02   1,46200e+02
           474   4,74000e-02  -2,72539e+00   1,53536e+02   1,45600e+02
           475   4,75000e-02  -2,72324e+00   1,52938e+02   1,45000e+02
           476   4,76000e-02  -2,72106e+00   1,52339e+02   1,44400e+02
           477   4,77000e-02  -2,71872e+00   1,51742e+02   1,43800e+02
           478   4,78000e-02  -2,71604e+00   1,51148e+02   1,43200e+02
           479   4,79000e-02  -2,71339e+00   1,50553e+02   1,42600e+02
           480   4,80000e-02  -2,71089e+00   1,49952e+02   1,42000e+02
           481   4,81000e-02  -2,70896e+00   1,49357e+02   1,41400e+02
           482   4,82000e-02  -2,70725e+00   1,48761e+02   1,40800e+02
           483   4,83000e-02  -2,70563e+00   1,48160e+02   1,40200e+02
           484   4,84000e-02  -2,70414e+00   1,47565e+02   1,39600e+02
           485   4,85000e-02  -2,70257e+00   1,46966e+02   1,39000e+02
           486   4,86000e-02  -2,70133e+00   1,46370e+02   1,38400e+02
           487   4,87000e-02  -2,70011e+00   1,45773e+02   1,37800e+02
           488   4,88000e-02  -2,69872e+00   1,45177e+02   1,37200e+02
           489   4,89000e-02  -2,69720e+00   1,44580e+02   1,36600e+02
           490   4,90000e-02  -2,69544e+00   1,43985e+02   1,36000e+02
           491   4,91000e-02  -2,69364e+00   1,43388e+02   1,35400e+02
           492   4,92000e-02  -2,69195e+00   1,42789e+02   1,34800e+02
           493   4,93000e-02  -2,69005e+00   1,42190e+02   1,34200e+02
           494   4,94000e-02  -2,68807e+00   1,41592e+02   1,33600e+02
           495   4,95000e-02  -2,68601e+00   1,40995e+02   1,33000e+02
           496   4,96000e-02  -2,68389e+00   1,40396e+02   1,32400e+02
           497   4,97000e-02  -2,68189e+00   1,39800e+02   1,31800e+02
           498   4,98000e-02  -2,68001e+00   1,39203e+02   1,31200e+02
           499   4,99000e-02  -2,67784e+00   1,38608e+02   1,30600e+02
           500   5,00000e-02  -2,67582e+00   1,38010e+02   1,30000e+02
           501   5,01000e-02  -2,67351e+00   1,37413e+02   1,29400e+02
           502   5,02000e-02  -2,67132e+00   1,36820e+02   1,28800e+02
           503   5,03000e-02  -2,66940e+00   1,36222e+02   1,28200e+02
           504   5,04000e-02  -2,66732e+00   1,35628e+02   1,27600e+02
           505   5,05000e-02  -2,66506e+00   1,35028e+02   1,27000e+02
           506   5,06000e-02  -2,66242e+00   1,34436e+02   1,26400e+02
           507   5,07000e-02  -2,65978e+00   1,33839e+02   1,25800e+02
           508   5,08000e-02  -2,65720e+00   1,33239e+02   1,25200e+02
           509   5,09000e-02  -2,65515e+00   1,32645e+02   1,24600e+02
           510   5,10000e-02  -2,65288e+00   1,32049e+02   1,24000e+02
           511   5,11000e-02  -2,65064e+00   1,31453e+02   1,23400e+02
           512   5,12000e-02  -2,64824e+00   1,30858e+02   1,22800e+02
           513   5,13000e-02  -2,64636e+00   1,30260e+02   1,22200e+02
           514   5,14000e-02  -2,64451e+00   1,29664e+02   1,21600e+02
           515   5,15000e-02  -2,64300e+00   1,29068e+02   1,21000e+02
           516   5,16000e-02  -2,64096e+00   1,28471e+02   1,20400e+02
           517   5,17000e-02  -2,63916e+00   1,27877e+02   1,19800e+02
           518   5,18000e-02  -2,63714e+00   1,27280e+02   1,19200e+02
           519   5,19000e-02  -2,63529e+00   1,26682e+02   1,18600e+02
           520   5,20000e-02  -2,63330e+00   1,26087e+02   1,18000e+02
           521   5,21000e-02  -2,63128e+00   1,25491e+02   1,17400e+02
           522   5,22000e-02  -2,62939e+00   1,24895e+02   1,16800e+02
           523   5,23000e-02  -2,62720e+00   1,24301e+02   1,16200e+02
           524   5,24000e-02  -2,62512e+00   1,23705e+02   1,15600e+02
           525   5,25000e-02  -2,62314e+00   1,23108e+02   1,15000e+02
           526   5,26000e-02  -2,62107e+00   1,22510e+02   1,14400e+02
           527   5,27000e-02  -2,61901e+00   1,21918e+02   1,13800e+02
           528   5,28000e-02  -2,61686e+00   1,21323e+02   1,13200e+02
           529   5,29000e-02  -2,61478e+00   1,20729e+02   1,12600e+02
           530   5,30000e-02  -2,61269e+00   1,20131e+02   1,12000e+02
           531   5,31000e-02  -2,61064e+00   1,19536e+02   1,11400e+02
           532   5,32000e-02  -2,60858e+00   1,18939e+02   1,10800e+02
           533   5,33000e-02  -2,60657e+00   1,18343e+02   1,10200e+02
           534   5,34000e-02  -2,60453e+00   1,17750e+02   1,09600e+02
           535   5,35000e-02  -2,60247e+00   1,17156e+02   1,09000e+02
           536   5,36000e-02  -2,60072e+00   1,16557e+02   1,08400e+02
           537   5,37000e-02  -2,59890e+00   1,15963e+02   1,07800e+02
           538   5,38000e-02  -2,59702e+00   1,15369e+02   1,07200e+02
           539   5,39000e-02  -2,59475e+00   1,14773e+02   1,06600e+02
           540   5,40000e-02  -2,59220e+00   1,14181e+02   1,06000e+02
           541   5,41000e-02  -2,58966e+00   1,13582e+02   1,05400e+02
           542   5,42000e-02  -2,58708e+00   1,12989e+02   1,04800e+02
           543   5,43000e-02  -2,58450e+00   1,12393e+02   1,04200e+02
           544   5,44000e-02  -2,58185e+00   1,11799e+02   1,03600e+02
           545   5,45000e-02  -2,57903e+00   1,11204e+02   1,03000e+02
           546   5,46000e-02  -2,57644e+00   1,10616e+02   1,02400e+02
           547   5,47000e-02  -2,57407e+00   1,10019e+02   1,01800e+02
           548   5,48000e-02  -2,57167e+00   1,09423e+02   1,01200e+02
           549   5,49000e-02  -2,56920e+00   1,08829e+02   1,00600e+02
           550   5,50000e-02  -2,56694e+00   1,08234e+02   1,00000e+02
           551   5,51000e-02  -2,56507e+00   1,07637e+02   9,94000e+01
           552   5,52000e-02  -2,56309e+00   1,07045e+02   9,88000e+01
           553   5,53000e-02  -2,56100e+00   1,06454e+02   9,82000e+01
           554   5,54000e-02  -2,55913e+00   1,05859e+02   9,76000e+01
           555   5,55000e-02  -2,55723e+00   1,05268e+02   9,70000e+01
           556   5,56000e-02  -2,55573e+00   1,04672e+02   9,64000e+01
           557   5,57000e-02  -2,55445e+00   1,04079e+02   9,58000e+01
           558   5,58000e-02  -2,55298e+00   1,03488e+02   9,52000e+01
           559   5,59000e-02  -2,55125e+00   1,02896e+02   9,46000e+01
           560   5,60000e-02  -2,54920e+00   1,02306e+02   9,40000e+01
           561   5,61000e-02  -2,54690e+00   1,01717e+02   9,34000e+01
           562   5,62000e-02  -2,54430e+00   1,01128e+02   9,28000e+01
           563   5,63000e-02  -2,54102e+00   1,00539e+02   9,22000e+01
           564   5,64000e-02  -2,53745e+00   9,99565e+01   9,16000e+01
           565   5,65000e-02  -2,53334e+00   9,93734e+01   9,10000e+01
           566   5,66000e-02  -2,52876e+00   9,87926e+01   9,04000e+01
           567   5,67000e-02  -2,52381e+00   9,82113e+01   8,98000e+01
           568   5,68000e-02  -2,51878e+00   9,76339e+01   8,92000e+01
           569   5,69000e-02  -2,51405e+00   9,70573e+01   8,86000e+01
           570   5,70000e-02  -2,50918e+00   9,64817e+01   8,80000e+01
           571   5,71000e-02  -2,50426e+00   9,59085e+01   8,74000e+01
           572   5,72000e-02  -2,49907e+00   9,53363e+01   8,68000e+01
           573   5,73000e-02  -2,49401e+00   9,47692e+01   8,62000e+01
           574   5,74000e-02  -2,48897e+00   9,41989e+01   8,56000e+01
           575   5,75000e-02  -2,48392e+00   9,36295e+01   8,50000e+01
           576   5,76000e-02  -2,47883e+00   9,30696e+01   8,44000e+01
           577   5,77000e-02  -2,47350e+00   9,25093e+01   8,38000e+01
           578   5,78000e-02  -2,46816e+00   9,19486e+01   8,32000e+01
           579   5,79000e-02  -2,46267e+00   9,13902e+01   8,26000e+01
           580   5,80000e-02  -2,45688e+00   9,08314e+01   8,20000e+01
           581   5,81000e-02  -2,45130e+00   9,02721e+01   8,14000e+01
           582   5,82000e-02  -2,44556e+00   8,97210e+01   8,08000e+01
           583   5,83000e-02  -2,43980e+00   8,91666e+01   8,02000e+01
           584   5,84000e-02  -2,43362e+00   8,86203e+01   7,96000e+01
           585   5,85000e-02  -2,42729e+00   8,80693e+01   7,90000e+01
           586   5,86000e-02  -2,42061e+00   8,75236e+01   7,84000e+01
           587   5,87000e-02  -2,41389e+00   8,69803e+01   7,78000e+01
           588   5,88000e-02  -2,40651e+00   8,64366e+01   7,72000e+01
           589   5,89000e-02  -2,39911e+00   8,58953e+01   7,66000e+01
           590   5,90000e-02  -2,39152e+00   8,53536e+01   7,60000e+01
           591   5,91000e-02  -2,38400e+00   8,48172e+01   7,54000e+01
           592   5,92000e-02  -2,37624e+00   8,42818e+01   7,48000e+01
           593   5,93000e-02  -2,36875e+00   8,37489e+01   7,42000e+01
           594   5,94000e-02  -2,36126e+00   8,32156e+01   7,36000e+01
           595   5,95000e-02  -2,35388e+00   8,26833e+01   7,30000e+01
           596   5,96000e-02  -2,34668e+00   8,21534e+01   7,24000e+01
           597   5,97000e-02  -2,33956e+00   8,16261e+01   7,18000e+01
           598   5,98000e-02  -2,33249e+00   8,11026e+01   7,12000e+01
           599   5,99000e-02  -2,32554e+00   8,05744e+01   7,06000e+01
           600   6,00000e-02  -2,31862e+00   8,00530e+01   7,00000e+01
           601   6,01000e-02  -2,31180e+00   7,95356e+01   6,94000e+01
           602   6,02000e-02  -2,30474e+00   7,90119e+01   6,88000e+01
           603   6,03000e-02  -2,29775e+00   7,84922e+01   6,82000e+01
           604   6,04000e-02  -2,29064e+00   7,79779e+01   6,76000e+01
           605   6,05000e-02  -2,28356e+00   7,74603e+01   6,70000e+01
           606   6,06000e-02  -2,27634e+00   7,69451e+01   6,64000e+01
           607   6,07000e-02  -2,26894e+00   7,64340e+01   6,58000e+01
           608   6,08000e-02  -2,26114e+00   7,59224e+01   6,52000e+01
           609   6,09000e-02  -2,25319e+00   7,54163e+01   6,46000e+01
           610   6,10000e-02  -2,24504e+00   7,49068e+01   6,40000e+01
           611   6,11000e-02  -2,23670e+00   7,44013e+01   6,34000e+01
           612   6,12000e-02  -2,22848e+00   7,38969e+01   6,28000e+01
           613   6,13000e-02  -2,22029e+00   7,33980e+01   6,22000e+01
           614   6,14000e-02  -2,21188e+00   7,28928e+01   6,16000e+01
           615   6,15000e-02  -2,20346e+00   7,23931e+01   6,10000e+01
           616   6,16000e-02  -2,19498e+00   7,18944e+01   6,04000e+01
           617   6,17000e-02  -2,18672e+00   7,13953e+01   5,98000e+01
           618   6,18000e-02  -2,17822e+00   7,09033e+01   5,92000e+01
           619   6,19000e-02  -2,16984e+00   7,04078e+01   5,86000e+01
           620   6,20000e-02  -2,16159e+00   6,99149e+01   5,80000e+01
           621   6,21000e-02  -2,15345e+00   6,94216e+01   5,74000e+01
           622   6,22000e-02  -2,14572e+00   6,89339e+01   5,68000e+01
           623   6,23000e-02  -2,13818e+00   6,84473e+01   5,62000e+01
           624   6,24000e-02  -2,13097e+00   6,79617e+01   5,56000e+01
           625   6,25000e-02  -2,12370e+00   6,74728e+01   5,50000e+01
           626   6,26000e-02  -2,11614e+00   6,69894e+01   5,44000e+01
           627   6,27000e-02  -2,10863e+00   6,65071e+01   5,38000e+01
           628   6,28000e-02  -2,10101e+00   6,60245e+01   5,32000e+01
           629   6,29000e-02  -2,09342e+00   6,55444e+01   5,26000e+01
           630   6,30000e-02  -2,08593e+00   6,50639e+01   5,20000e+01
           631   6,31000e-02  -2,07844e+00   6,45891e+01   5,14000e+01
           632   6,32000e-02  -2,07107e+00   6,41139e+01   5,08000e+01
           633   6,33000e-02  -2,06365e+00   6,36382e+01   5,02000e+01
           634   6,34000e-02  -2,05611e+00   6,31652e+01   4,96000e+01
           635   6,35000e-02  -2,04844e+00   6,26903e+01   4,90000e+01
           636   6,36000e-02  -2,04052e+00   6,22165e+01   4,84000e+01
           637   6,37000e-02  -2,03271e+00   6,17529e+01   4,78000e+01
           638   6,38000e-02  -2,02495e+00   6,12873e+01   4,72000e+01
           639   6,39000e-02  -2,01712e+00   6,08214e+01   4,66000e+01
           640   6,40000e-02  -2,00927e+00   6,03521e+01   4,60000e+01
           641   6,41000e-02  -2,00175e+00   5,98900e+01   4,54000e+01
           642   6,42000e-02  -1,99416e+00   5,94245e+01   4,48000e+01
           643   6,43000e-02  -1,98663e+00   5,89646e+01   4,42000e+01
           644   6,44000e-02  -1,97926e+00   5,85059e+01   4,36000e+01
           645   6,45000e-02  -1,97209e+00   5,80468e+01   4,30000e+01
           646   6,46000e-02  -1,96483e+00   5,75934e+01   4,24000e+01
           647   6,47000e-02  -1,95754e+00   5,71336e+01   4,18000e+01
           648   6,48000e-02  -1,95028e+00   5,66809e+01   4,12000e+01
           649   6,49000e-02  -1,94292e+00   5,62234e+01   4,06000e+01
           650   6,50000e-02  -1,93553e+00   5,57792e+01   4,00000e+01
           651   6,51000e-02  -1,92799e+00   5,53270e+01   3,94000e+01
           652   6,52000e-02  -1,92033e+00   5,48713e+01   3,88000e+01
           653   6,53000e-02  -1,91276e+00   5,44260e+01   3,82000e+01
           654   6,54000e-02  -1,90528e+00   5,39819e+01   3,76000e+01
           655   6,55000e-02  -1,89797e+00   5,35344e+01   3,70000e+01
           656   6,56000e-02  -1,89071e+00   5,30880e+01   3,64000e+01
           657   6,57000e-02  -1,88357e+00   5,26458e+01   3,58000e+01
           658   6,58000e-02  -1,87634e+00   5,22002e+01   3,52000e+01
           659   6,59000e-02  -1,86886e+00   5,17604e+01   3,46000e+01
           660   6,60000e-02  -1,86133e+00   5,13187e+01   3,40000e+01
           661   6,61000e-02  -1,85395e+00   5,08843e+01   3,34000e+01
           662   6,62000e-02  -1,84674e+00   5,04496e+01   3,28000e+01
           663   6,63000e-02  -1,83958e+00   5,00098e+01   3,22000e+01
           664   6,64000e-02  -1,83259e+00   4,95759e+01   3,16000e+01
           665   6,65000e-02  -1,82579e+00   4,91448e+01   3,10000e+01
           666   6,66000e-02  -1,81899e+00   4,87102e+01   3,04000e+01
           667   6,67000e-02  -1,81234e+00   4,82829e+01   2,98000e+01
           668   6,68000e-02  -1,80584e+00   4,78492e+01   2,92000e+01
           669   6,69000e-02  -1,79923e+00   4,74181e+01   2,86000e+01
           670   6,70000e-02  -1,79268e+00   4,69960e+01   2,80000e+01
           671   6,71000e-02  -1,78617e+00   4,65690e+01   2,74000e+01
           672   6,72000e-02  -1,77955e+00   4,61431e+01   2,68000e+01
           673   6,73000e-02  -1,77283e+00   4,57200e+01   2,62000e+01
           674   6,74000e-02  -1,76612e+00   4,52996e+01   2,56000e+01
           675   6,75000e-02  -1,75938e+00   4,48727e+01   2,50000e+01
           676   6,76000e-02  -1,75268e+00   4,44579e+01   2,44000e+01
           677   6,77000e-02  -1,74594e+00   4,40365e+01   2,38000e+01
           678   6,78000e-02  -1,73938e+00   4,36180e+01   2,32000e+01
           679   6,79000e-02  -1,73272e+00   4,31990e+01   2,26000e+01
           680   6,80000e-02  -1,72608e+00   4,27860e+01   2,20000e+01
           681   6,81000e-02  -1,71942e+00   4,23711e+01   2,14000e+01
           682   6,82000e-02  -1,71252e+00   4,19589e+01   2,08000e+01
           683   6,83000e-02  -1,70583e+00   4,15449e+01   2,02000e+01
           684   6,84000e-02  -1,69916e+00   4,11368e+01   1,96000e+01
           685   6,85000e-02  -1,69254e+00   4,07237e+01   1,90000e+01
           686   6,86000e-02  -1,68602e+00   4,03134e+01   1,84000e+01
           687   6,87000e-02  -1,67944e+00   3,99090e+01   1,78000e+01
           688   6,88000e-02  -1,67282e+00   3,94964e+01   1,72000e+01
           689   6,89000e-02  -1,66633e+00   3,90993e+01   1,66000e+01
           690   6,90000e-02  -1,65995e+00   3,86955e+01   1,60000e+01
           691   6,91000e-02  -1,65380e+00   3,82961e+01   1,54000e+01
           692   6,92000e-02  -1,64762e+00   3,78901e+01   1,48000e+01
           693   6,93000e-02  -1,64165e+00   3,74885e+01   1,42000e+01
           694   6,94000e-02  -1,63563e+00   3,70897e+01   1,36000e+01
           695   6,95000e-02  -1,62949e+00   3,66875e+01   1,30000e+01
           696   6,96000e-02  -1,62354e+00   3,62944e+01   1,24000e+01
           697   6,97000e-02  -1,61773e+00   3,58947e+01   1,18000e+01
           698   6,98000e-02  -1,61195e+00   3,55026e+01   1,12000e+01
           699   6,99000e-02  -1,60612e+00   3,51054e+01   1,06000e+01
           700   7,00000e-02  -1,60022e+00   3,47142e+01   1,00000e+01
           701   7,01000e-02  -1,59420e+00   3,43227e+01   9,40004e+00
           702   7,02000e-02  -1,58823e+00   3,39325e+01   8,80003e+00
           703   7,03000e-02  -1,58248e+00   3,35404e+01   8,20002e+00
           704   7,04000e-02  -1,57664e+00   3,31544e+01   7,60001e+00
           705   7,05000e-02  -1,57079e+00   3,27664e+01   7,00000e+00
           706   7,06000e-02  -1,56480e+00   3,23782e+01   6,40003e+00
           707   7,07000e-02  -1,55865e+00   3,19960e+01   5,80002e+00
           708   7,08000e-02  -1,55254e+00   3,16103e+01   5,20001e+00
           709   7,09000e-02  -1,54642e+00   3,12275e+01   4,60000e+00
           710   7,10000e-02  -1,54021e+00   3,08444e+01   4,00004e+00
           711   7,11000e-02  -1,53399e+00   3,04642e+01   3,40003e+00
           712   7,12000e-02  -1,52786e+00   3,00869e+01   2,80002e+00
           713   7,13000e-02  -1,52184e+00   2,97045e+01   2,20001e+00
           714   7,14000e-02  -1,51589e+00   2,93266e+01   1,60000e+00
           715   7,15000e-02  -1,51009e+00   2,89532e+01   1,00003e+00
           716   7,16000e-02  -1,50428e+00   2,85763e+01   4,00022e-01
           717   7,17000e-02  -1,49856e+00   2,82023e+01  -1,99988e-01
           718   7,18000e-02  -1,49299e+00   2,78280e+01  -7,99998e-01
           719   7,19000e-02  -1,48740e+00   2,74551e+01  -1,39996e+00
           720   7,20000e-02  -1,48193e+00   2,70818e+01  -1,99997e+00
           721   7,21000e-02  -1,47638e+00   2,67099e+01  -2,59998e+00
           722   7,22000e-02  -1,47098e+00   2,63425e+01  -3,19999e+00
           723   7,23000e-02  -1,46557e+00   2,59748e+01  -3,79996e+00
           724   7,24000e-02  -1,46037e+00   2,56117e+01  -4,39997e+00
           725   7,25000e-02  -1,45526e+00   2,52370e+01  -4,99998e+00
           726   7,26000e-02  -1,45026e+00   2,48749e+01  -5,59999e+00
           727   7,27000e-02  -1,44507e+00   2,45142e+01  -6,20000e+00
           728   7,28000e-02  -1,43988e+00   2,41516e+01  -6,79997e+00
           729   7,29000e-02  -1,43483e+00   2,37870e+01  -7,39998e+00
           730   7,30000e-02  -1,42976e+00   2,34254e+01  -7,99999e+00
           731   7,31000e-02  -1,42468e+00   2,30701e+01  -8,60000e+00
           732   7,32000e-02  -1,41941e+00   2,27096e+01  -9,19996e+00
           733   7,33000e-02  -1,41405e+00   2,23504e+01  -9,79997e+00
           734   7,34000e-02  -1,40857e+00   2,19909e+01  -1,04000e+01
           735   7,35000e-02  -1,40300e+00   2,16345e+01  -1,10000e+01
           736   7,36000e-02  -1,39748e+00   2,12810e+01  -1,16000e+01
           737   7,37000e-02  -1,39193e+00   2,09223e+01  -1,22000e+01
           738   7,38000e-02  -1,38626e+00   2,05715e+01  -1,28000e+01
           739   7,39000e-02  -1,38069e+00   2,02172e+01  -1,34000e+01
           740   7,40000e-02  -1,37526e+00   1,98675e+01  -1,40000e+01
           741   7,41000e-02  -1,36983e+00   1,95159e+01  -1,46000e+01
           742   7,42000e-02  -1,36454e+00   1,91673e+01  -1,52000e+01
           743   7,43000e-02  -1,35950e+00   1,88185e+01  -1,58000e+01
           744   7,44000e-02  -1,35454e+00   1,84792e+01  -1,64000e+01
           745   7,45000e-02  -1,34972e+00   1,81298e+01  -1,70000e+01
           746   7,46000e-02  -1,34480e+00   1,77818e+01  -1,76000e+01
           747   7,47000e-02  -1,33976e+00   1,74434e+01  -1,82000e+01
           748   7,48000e-02  -1,33472e+00   1,70948e+01  -1,88000e+01
           749   7,49000e-02  -1,32972e+00   1,67493e+01  -1,94000e+01
           750   7,50000e-02  -1,32484e+00   1,64084e+01  -2,00000e+01
           751   7,51000e-02  -1,32006e+00   1,60723e+01  -2,06000e+01
           752   7,52000e-02  -1,31547e+00   1,57309e+01  -2,12000e+01
           753   7,53000e-02  -1,31092e+00   1,53892e+01  -2,18000e+01
           754   7,54000e-02  -1,30627e+00   1,50539e+01  -2,24000e+01
           755   7,55000e-02  -1,30161e+00   1,47167e+01  -2,30000e+01
           756   7,56000e-02  -1,29686e+00   1,43826e+01  -2,36000e+01
           757   7,57000e-02  -1,29221e+00   1,40465e+01  -2,42000e+01
           758   7,58000e-02  -1,28744e+00   1,37152e+01  -2,48000e+01
           759   7,59000e-02  -1,28268e+00   1,33786e+01  -2,54000e+01
           760   7,60000e-02  -1,27793e+00   1,30418e+01  -2,60000e+01
           761   7,61000e-02  -1,27339e+00   1,27180e+01  -2,66000e+01
           762   7,62000e-02  -1,26891e+00   1,23840e+01  -2,72000e+01
           763   7,63000e-02  -1,26444e+00   1,20564e+01  -2,78000e+01
           764   7,64000e-02  -1,25987e+00   1,17269e+01  -2,84000e+01
           765   7,65000e-02  -1,25512e+00   1,14004e+01  -2,90000e+01
           766   7,66000e-02  -1,25018e+00   1,10737e+01  -2,96000e+01
           767   7,67000e-02  -1,24511e+00   1,07485e+01  -3,02000e+01
           768   7,68000e-02  -1,24009e+00   1,04280e+01  -3,08000e+01
           769   7,69000e-02  -1,23517e+00   1,01005e+01  -3,14000e+01
           770   7,70000e-02  -1,23030e+00   9,77789e+00  -3,20000e+01
           771   7,71000e-02  -1,22540e+00   9,45499e+00  -3,26000e+01
           772   7,72000e-02  -1,22043e+00   9,13184e+00  -3,32000e+01
           773   7,73000e-02  -1,21569e+00   8,81518e+00  -3,38000e+01
           774   7,74000e-02  -1,21095e+00   8,49490e+00  -3,44000e+01
           775   7,75000e-02  -1,20619e+00   8,17775e+00  -3,50000e+01
           776   7,76000e-02  -1,20149e+00   7,85867e+00  -3,56000e+01
           777   7,77000e-02  -1,19697e+00   7,54104e+00  -3,62000e+01
           778   7,78000e-02  -1,19258e+00   7,22485e+00  -3,68000e+01
           779   7,79000e-02  -1,18832e+00   6,91350e+00  -3,74000e+01
           780   7,80000e-02  -1,18401e+00   6,60022e+00  -3,80000e+01
           781   7,81000e-02  -1,17981e+00   6,28331e+00  -3,86000e+01
           782   7,82000e-02  -1,17572e+00   5,97294e+00  -3,92000e+01
           783   7,83000e-02  -1,17152e+00   5,66063e+00  -3,98000e+01
           784   7,84000e-02  -1,16751e+00   5,34979e+00  -4,04000e+01
           785   7,85000e-02  -1,16347e+00   5,04211e+00  -4,10000e+01
           786   7,86000e-02  -1,15946e+00   4,73250e+00  -4,16000e+01
           787   7,87000e-02  -1,15534e+00   4,42776e+00  -4,22000e+01
           788   7,88000e-02  -1,15123e+00   4,11598e+00  -4,28000e+01
           789   7,89000e-02  -1,14715e+00   3,81248e+00  -4,34000e+01
           790   7,90000e-02  -1,14290e+00   3,50875e+00  -4,40000e+01
           791   7,91000e-02  -1,13874e+00   3,20309e+00  -4,46000e+01
           792   7,92000e-02  -1,13463e+00   2,90404e+00  -4,52000e+01
           793   7,93000e-02  -1,13031e+00   2,59792e+00  -4,58000e+01
           794   7,94000e-02  -1,12609e+00   2,29670e+00  -4,64000e+01
           795   7,95000e-02  -1,12190e+00   1,99525e+00  -4,70000e+01
           796   7,96000e-02  -1,11773e+00   1,69358e+00  -4,76000e+01
           797   7,97000e-02  -1,11352e+00   1,39854e+00  -4,82000e+01
           798   7,98000e-02  -1,10937e+00   1,09470e+00  -4,88000e+01
           799   7,99000e-02  -1,10524e+00   8,02651e-01  -4,94000e+01
           800   8,00000e-02  -1,10118e+00   5,00071e-01  -5,00000e+01
           801   8,01000e-02  -1,09710e+00   2,04145e-01  -5,06000e+01
           802   8,02000e-02  -1,09309e+00  -8,85574e-02  -5,12000e+01
           803   8,03000e-02  -1,08911e+00  -3,81478e-01  -5,18000e+01
           804   8,04000e-02  -1,08501e+00  -6,71168e-01  -5,24000e+01
           805   8,05000e-02  -1,08075e+00  -9,67975e-01  -5,30000e+01
           806   8,06000e-02  -1,07667e+00  -1,25810e+00  -5,36000e+01
           807   8,07000e-02  -1,07258e+00  -1,54498e+00  -5,42000e+01
           808   8,08000e-02  -1,06841e+00  -1,83553e+00  -5,48000e+01
           809   8,09000e-02  -1,06430e+00  -2,12629e+00  -5,54000e+01
           810   8,10000e-02  -1,06026e+00  -2,41554e+00  -5,60000e+01
           811   8,11000e-02  -1,05636e+00  -2,70154e+00  -5,66000e+01
           812   8,12000e-02  -1,05252e+00  -2,98948e+00  -5,72000e+01
           813   8,13000e-02  -1,04861e+00  -3,27938e+00  -5,78000e+01
           814   8,14000e-02  -1,04474e+00  -3,56253e+00  -5,84000e+01
           815   8,15000e-02  -1,04075e+00  -3,84938e+00  -5,90000e+01
           816   8,16000e-02  -1,03678e+00  -4,12773e+00  -5,96000e+01
           817   8,17000e-02  -1,03279e+00  -4,41152e+00  -6,02000e+01
           818   8,18000e-02  -1,02881e+00  -4,69377e+00  -6,08000e+01
           819   8,19000e-02  -1,02474e+00  -4,97274e+00  -6,14000e+01
           820   8,20000e-02  -1,02077e+00  -5,25366e+00  -6,20000e+01
           821   8,21000e-02  -1,01680e+00  -5,53653e+00  -6,26000e+01
           822   8,22000e-02  -1,01297e+00  -5,81087e+00  -6,32000e+01
           823   8,23000e-02  -1,00937e+00  -6,09241e+00  -6,38000e+01
           824   8,24000e-02  -1,00581e+00  -6,36715e+00  -6,44000e+01
           825   8,25000e-02  -1,00225e+00  -6,64559e+00  -6,50000e+01
           826   8,26000e-02  -9,98832e-01  -6,92249e+00  -6,56000e+01
           827   8,27000e-02  -9,95393e-01  -7,19784e+00  -6,62000e+01
           828   8,28000e-02  -9,92035e-01  -7,46987e+00  -6,68000e+01
           829   8,29000e-02  -9,88693e-01  -7,74210e+00  -6,74000e+01
           830   8,30000e-02  -9,85281e-01  -8,01453e+00  -6,80000e+01
           831   8,31000e-02  -9,81929e-01  -8,28715e+00  -6,86000e+01
           832   8,32000e-02  -9,78680e-01  -8,55293e+00  -6,92000e+01
           833   8,33000e-02  -9,75472e-01  -8,83124e+00  -6,98000e+01
           834   8,34000e-02  -9,72205e-01  -9,09564e+00  -7,04000e+01
           835   8,35000e-02  -9,68764e-01  -9,36200e+00  -7,10000e+01
           836   8,36000e-02  -9,65253e-01  -9,63384e+00  -7,16000e+01
           837   8,37000e-02  -9,61730e-01  -9,89882e+00  -7,22000e+01
           838   8,38000e-02  -9,58083e-01  -1,01640e+01  -7,28000e+01
           839   8,39000e-02  -9,54507e-01  -1,04311e+01  -7,34000e+01
           840   8,40000e-02  -9,50762e-01  -1,06949e+01  -7,40000e+01
           841   8,41000e-02  -9,46819e-01  -1,09642e+01  -7,46000e+01
           842   8,42000e-02  -9,43061e-01  -1,12248e+01  -7,52000e+01
           843   8,43000e-02  -9,39291e-01  -1,14856e+01  -7,58000e+01
           844   8,44000e-02  -9,35603e-01  -1,17465e+01  -7,64000e+01
           845   8,45000e-02  -9,31794e-01  -1,20095e+01  -7,70000e+01
           846   8,46000e-02  -9,28203e-01  -1,22691e+01  -7,76000e+01
           847   8,47000e-02  -9,24693e-01  -1,25306e+01  -7,82000e+01
           848   8,48000e-02  -9,21272e-01  -1,27923e+01  -7,88000e+01
           849   8,49000e-02  -9,18022e-01  -1,30435e+01  -7,94000e+01
$ISTI23 90815 Jos_usf2_coolings_2000_4000_6000_8000_10000
