         Index             t     Heat Flow            Ts            Tr
           [#]           [s]          [mW]          [°C]          [°C]
             0   0,00000e+00   4,40189e-01   4,29800e+02   4,30000e+02
             1   1,00000e-04   4,37351e-01   4,29800e+02   4,29600e+02
             2   2,00000e-04   4,36662e-01   4,29787e+02   4,29200e+02
             3   3,00000e-04   4,39256e-01   4,29766e+02   4,28800e+02
             4   4,00000e-04   4,42840e-01   4,29726e+02   4,28400e+02
             5   5,00000e-04   4,42898e-01   4,29655e+02   4,28000e+02
             6   6,00000e-04   4,35726e-01   4,29543e+02   4,27600e+02
             7   7,00000e-04   4,20473e-01   4,29390e+02   4,27200e+02
             8   8,00000e-04   3,99505e-01   4,29204e+02   4,26800e+02
             9   9,00000e-04   3,76474e-01   4,28999e+02   4,26400e+02
            10   1,00000e-03   3,54373e-01   4,28784e+02   4,26000e+02
            11   1,10000e-03   3,34122e-01   4,28558e+02   4,25600e+02
            12   1,20000e-03   3,14416e-01   4,28331e+02   4,25200e+02
            13   1,30000e-03   2,93385e-01   4,28082e+02   4,24800e+02
            14   1,40000e-03   2,69904e-01   4,27813e+02   4,24400e+02
            15   1,50000e-03   2,44234e-01   4,27522e+02   4,24000e+02
            16   1,60000e-03   2,17819e-01   4,27218e+02   4,23600e+02
            17   1,70000e-03   1,92524e-01   4,26909e+02   4,23200e+02
            18   1,80000e-03   1,70333e-01   4,26594e+02   4,22800e+02
            19   1,90000e-03   1,50948e-01   4,26280e+02   4,22400e+02
            20   2,00000e-03   1,33762e-01   4,25957e+02   4,22000e+02
            21   2,10000e-03   1,18201e-01   4,25631e+02   4,21600e+02
            22   2,20000e-03   1,03585e-01   4,25290e+02   4,21200e+02
            23   2,30000e-03   8,93289e-02   4,24941e+02   4,20800e+02
            24   2,40000e-03   7,48274e-02   4,24589e+02   4,20400e+02
            25   2,50000e-03   5,96746e-02   4,24230e+02   4,20000e+02
            26   2,60000e-03   4,34331e-02   4,23877e+02   4,19600e+02
            27   2,70000e-03   2,56377e-02   4,23517e+02   4,19200e+02
            28   2,80000e-03   5,73208e-03   4,23156e+02   4,18800e+02
            29   2,90000e-03  -1,68182e-02   4,22790e+02   4,18400e+02
            30   3,00000e-03  -4,24658e-02   4,22419e+02   4,18000e+02
            31   3,10000e-03  -7,14705e-02   4,22047e+02   4,17600e+02
            32   3,20000e-03  -1,03736e-01   4,21670e+02   4,17200e+02
            33   3,30000e-03  -1,38871e-01   4,21291e+02   4,16800e+02
            34   3,40000e-03  -1,76541e-01   4,20913e+02   4,16400e+02
            35   3,50000e-03  -2,16570e-01   4,20538e+02   4,16000e+02
            36   3,60000e-03  -2,58633e-01   4,20157e+02   4,15600e+02
            37   3,70000e-03  -3,02535e-01   4,19776e+02   4,15200e+02
            38   3,80000e-03  -3,47675e-01   4,19391e+02   4,14800e+02
            39   3,90000e-03  -3,93304e-01   4,19005e+02   4,14400e+02
            40   4,00000e-03  -4,38587e-01   4,18615e+02   4,14000e+02
            41   4,10000e-03  -4,82588e-01   4,18227e+02   4,13600e+02
            42   4,20000e-03  -5,24881e-01   4,17841e+02   4,13200e+02
            43   4,30000e-03  -5,65088e-01   4,17451e+02   4,12800e+02
            44   4,40000e-03  -6,03178e-01   4,17065e+02   4,12400e+02
            45   4,50000e-03  -6,39295e-01   4,16673e+02   4,12000e+02
            46   4,60000e-03  -6,73387e-01   4,16283e+02   4,11600e+02
            47   4,70000e-03  -7,05103e-01   4,15889e+02   4,11200e+02
            48   4,80000e-03  -7,34318e-01   4,15496e+02   4,10800e+02
            49   4,90000e-03  -7,61221e-01   4,15105e+02   4,10400e+02
            50   5,00000e-03  -7,86386e-01   4,14715e+02   4,10000e+02
            51   5,10000e-03  -8,10121e-01   4,14319e+02   4,09600e+02
            52   5,20000e-03  -8,32853e-01   4,13924e+02   4,09200e+02
            53   5,30000e-03  -8,55156e-01   4,13529e+02   4,08800e+02
            54   5,40000e-03  -8,76826e-01   4,13136e+02   4,08400e+02
            55   5,50000e-03  -8,98137e-01   4,12741e+02   4,08000e+02
            56   5,60000e-03  -9,19473e-01   4,12346e+02   4,07600e+02
            57   5,70000e-03  -9,40598e-01   4,11950e+02   4,07200e+02
            58   5,80000e-03  -9,61786e-01   4,11554e+02   4,06800e+02
            59   5,90000e-03  -9,83000e-01   4,11158e+02   4,06400e+02
            60   6,00000e-03  -1,00429e+00   4,10763e+02   4,06000e+02
            61   6,10000e-03  -1,02563e+00   4,10367e+02   4,05600e+02
            62   6,20000e-03  -1,04707e+00   4,09970e+02   4,05200e+02
            63   6,30000e-03  -1,06829e+00   4,09574e+02   4,04800e+02
            64   6,40000e-03  -1,08943e+00   4,09178e+02   4,04400e+02
            65   6,50000e-03  -1,11037e+00   4,08778e+02   4,04000e+02
            66   6,60000e-03  -1,13105e+00   4,08382e+02   4,03600e+02
            67   6,70000e-03  -1,15118e+00   4,07985e+02   4,03200e+02
            68   6,80000e-03  -1,17059e+00   4,07585e+02   4,02800e+02
            69   6,90000e-03  -1,18923e+00   4,07191e+02   4,02400e+02
            70   7,00000e-03  -1,20709e+00   4,06794e+02   4,02000e+02
            71   7,10000e-03  -1,22419e+00   4,06396e+02   4,01600e+02
            72   7,20000e-03  -1,24034e+00   4,05998e+02   4,01200e+02
            73   7,30000e-03  -1,25548e+00   4,05601e+02   4,00800e+02
            74   7,40000e-03  -1,26986e+00   4,05206e+02   4,00400e+02
            75   7,50000e-03  -1,28378e+00   4,04806e+02   4,00000e+02
            76   7,60000e-03  -1,29722e+00   4,04405e+02   3,99600e+02
            77   7,70000e-03  -1,31022e+00   4,04008e+02   3,99200e+02
            78   7,80000e-03  -1,32301e+00   4,03608e+02   3,98800e+02
            79   7,90000e-03  -1,33546e+00   4,03214e+02   3,98400e+02
            80   8,00000e-03  -1,34740e+00   4,02813e+02   3,98000e+02
            81   8,10000e-03  -1,35889e+00   4,02416e+02   3,97600e+02
            82   8,20000e-03  -1,36997e+00   4,02018e+02   3,97200e+02
            83   8,30000e-03  -1,38090e+00   4,01622e+02   3,96800e+02
            84   8,40000e-03  -1,39157e+00   4,01221e+02   3,96400e+02
            85   8,50000e-03  -1,40222e+00   4,00824e+02   3,96000e+02
            86   8,60000e-03  -1,41260e+00   4,00426e+02   3,95600e+02
            87   8,70000e-03  -1,42305e+00   4,00025e+02   3,95200e+02
            88   8,80000e-03  -1,43351e+00   3,99623e+02   3,94800e+02
            89   8,90000e-03  -1,44375e+00   3,99227e+02   3,94400e+02
            90   9,00000e-03  -1,45380e+00   3,98829e+02   3,94000e+02
            91   9,10000e-03  -1,46344e+00   3,98433e+02   3,93600e+02
            92   9,20000e-03  -1,47268e+00   3,98033e+02   3,93200e+02
            93   9,30000e-03  -1,48184e+00   3,97633e+02   3,92800e+02
            94   9,40000e-03  -1,49100e+00   3,97234e+02   3,92400e+02
            95   9,50000e-03  -1,49985e+00   3,96835e+02   3,92000e+02
            96   9,60000e-03  -1,50862e+00   3,96436e+02   3,91600e+02
            97   9,70000e-03  -1,51693e+00   3,96037e+02   3,91200e+02
            98   9,80000e-03  -1,52492e+00   3,95639e+02   3,90800e+02
            99   9,90000e-03  -1,53268e+00   3,95242e+02   3,90400e+02
           100   1,00000e-02  -1,54013e+00   3,94841e+02   3,90000e+02
           101   1,01000e-02  -1,54746e+00   3,94442e+02   3,89600e+02
           102   1,02000e-02  -1,55456e+00   3,94042e+02   3,89200e+02
           103   1,03000e-02  -1,56162e+00   3,93644e+02   3,88800e+02
           104   1,04000e-02  -1,56832e+00   3,93245e+02   3,88400e+02
           105   1,05000e-02  -1,57503e+00   3,92846e+02   3,88000e+02
           106   1,06000e-02  -1,58168e+00   3,92449e+02   3,87600e+02
           107   1,07000e-02  -1,58836e+00   3,92049e+02   3,87200e+02
           108   1,08000e-02  -1,59486e+00   3,91647e+02   3,86800e+02
           109   1,09000e-02  -1,60129e+00   3,91250e+02   3,86400e+02
           110   1,10000e-02  -1,60767e+00   3,90849e+02   3,86000e+02
           111   1,11000e-02  -1,61391e+00   3,90449e+02   3,85600e+02
           112   1,12000e-02  -1,61998e+00   3,90050e+02   3,85200e+02
           113   1,13000e-02  -1,62591e+00   3,89652e+02   3,84800e+02
           114   1,14000e-02  -1,63162e+00   3,89252e+02   3,84400e+02
           115   1,15000e-02  -1,63736e+00   3,88855e+02   3,84000e+02
           116   1,16000e-02  -1,64272e+00   3,88455e+02   3,83600e+02
           117   1,17000e-02  -1,64775e+00   3,88051e+02   3,83200e+02
           118   1,18000e-02  -1,65245e+00   3,87654e+02   3,82800e+02
           119   1,19000e-02  -1,65701e+00   3,87256e+02   3,82400e+02
           120   1,20000e-02  -1,66152e+00   3,86856e+02   3,82000e+02
           121   1,21000e-02  -1,66585e+00   3,86459e+02   3,81600e+02
           122   1,22000e-02  -1,66999e+00   3,86055e+02   3,81200e+02
           123   1,23000e-02  -1,67416e+00   3,85658e+02   3,80800e+02
           124   1,24000e-02  -1,67833e+00   3,85260e+02   3,80400e+02
           125   1,25000e-02  -1,68254e+00   3,84861e+02   3,80000e+02
           126   1,26000e-02  -1,68670e+00   3,84459e+02   3,79600e+02
           127   1,27000e-02  -1,69115e+00   3,84062e+02   3,79200e+02
           128   1,28000e-02  -1,69567e+00   3,83661e+02   3,78800e+02
           129   1,29000e-02  -1,70035e+00   3,83265e+02   3,78400e+02
           130   1,30000e-02  -1,70458e+00   3,82863e+02   3,78000e+02
           131   1,31000e-02  -1,70872e+00   3,82464e+02   3,77600e+02
           132   1,32000e-02  -1,71247e+00   3,82066e+02   3,77200e+02
           133   1,33000e-02  -1,71618e+00   3,81667e+02   3,76800e+02
           134   1,34000e-02  -1,71992e+00   3,81264e+02   3,76400e+02
           135   1,35000e-02  -1,72371e+00   3,80867e+02   3,76000e+02
           136   1,36000e-02  -1,72730e+00   3,80467e+02   3,75600e+02
           137   1,37000e-02  -1,73068e+00   3,80067e+02   3,75200e+02
           138   1,38000e-02  -1,73409e+00   3,79668e+02   3,74800e+02
           139   1,39000e-02  -1,73714e+00   3,79270e+02   3,74400e+02
           140   1,40000e-02  -1,74001e+00   3,78870e+02   3,74000e+02
           141   1,41000e-02  -1,74290e+00   3,78471e+02   3,73600e+02
           142   1,42000e-02  -1,74576e+00   3,78072e+02   3,73200e+02
           143   1,43000e-02  -1,74879e+00   3,77674e+02   3,72800e+02
           144   1,44000e-02  -1,75183e+00   3,77272e+02   3,72400e+02
           145   1,45000e-02  -1,75492e+00   3,76872e+02   3,72000e+02
           146   1,46000e-02  -1,75808e+00   3,76471e+02   3,71600e+02
           147   1,47000e-02  -1,76088e+00   3,76071e+02   3,71200e+02
           148   1,48000e-02  -1,76344e+00   3,75672e+02   3,70800e+02
           149   1,49000e-02  -1,76590e+00   3,75273e+02   3,70400e+02
           150   1,50000e-02  -1,76857e+00   3,74876e+02   3,70000e+02
           151   1,51000e-02  -1,77124e+00   3,74471e+02   3,69600e+02
           152   1,52000e-02  -1,77372e+00   3,74078e+02   3,69200e+02
           153   1,53000e-02  -1,77616e+00   3,73673e+02   3,68800e+02
           154   1,54000e-02  -1,77838e+00   3,73277e+02   3,68400e+02
           155   1,55000e-02  -1,78066e+00   3,72879e+02   3,68000e+02
           156   1,56000e-02  -1,78284e+00   3,72478e+02   3,67600e+02
           157   1,57000e-02  -1,78532e+00   3,72075e+02   3,67200e+02
           158   1,58000e-02  -1,78779e+00   3,71674e+02   3,66800e+02
           159   1,59000e-02  -1,79044e+00   3,71276e+02   3,66400e+02
           160   1,60000e-02  -1,79312e+00   3,70877e+02   3,66000e+02
           161   1,61000e-02  -1,79580e+00   3,70478e+02   3,65600e+02
           162   1,62000e-02  -1,79810e+00   3,70079e+02   3,65200e+02
           163   1,63000e-02  -1,79995e+00   3,69677e+02   3,64800e+02
           164   1,64000e-02  -1,80166e+00   3,69280e+02   3,64400e+02
           165   1,65000e-02  -1,80325e+00   3,68881e+02   3,64000e+02
           166   1,66000e-02  -1,80525e+00   3,68482e+02   3,63600e+02
           167   1,67000e-02  -1,80752e+00   3,68084e+02   3,63200e+02
           168   1,68000e-02  -1,80956e+00   3,67679e+02   3,62800e+02
           169   1,69000e-02  -1,81137e+00   3,67281e+02   3,62400e+02
           170   1,70000e-02  -1,81297e+00   3,66884e+02   3,62000e+02
           171   1,71000e-02  -1,81466e+00   3,66483e+02   3,61600e+02
           172   1,72000e-02  -1,81637e+00   3,66082e+02   3,61200e+02
           173   1,73000e-02  -1,81819e+00   3,65683e+02   3,60800e+02
           174   1,74000e-02  -1,82001e+00   3,65284e+02   3,60400e+02
           175   1,75000e-02  -1,82182e+00   3,64886e+02   3,60000e+02
           176   1,76000e-02  -1,82369e+00   3,64485e+02   3,59600e+02
           177   1,77000e-02  -1,82552e+00   3,64084e+02   3,59200e+02
           178   1,78000e-02  -1,82748e+00   3,63687e+02   3,58800e+02
           179   1,79000e-02  -1,82927e+00   3,63287e+02   3,58400e+02
           180   1,80000e-02  -1,83099e+00   3,62886e+02   3,58000e+02
           181   1,81000e-02  -1,83266e+00   3,62484e+02   3,57600e+02
           182   1,82000e-02  -1,83422e+00   3,62085e+02   3,57200e+02
           183   1,83000e-02  -1,83553e+00   3,61687e+02   3,56800e+02
           184   1,84000e-02  -1,83655e+00   3,61288e+02   3,56400e+02
           185   1,85000e-02  -1,83731e+00   3,60891e+02   3,56000e+02
           186   1,86000e-02  -1,83822e+00   3,60490e+02   3,55600e+02
           187   1,87000e-02  -1,83909e+00   3,60092e+02   3,55200e+02
           188   1,88000e-02  -1,83984e+00   3,59692e+02   3,54800e+02
           189   1,89000e-02  -1,84079e+00   3,59293e+02   3,54400e+02
           190   1,90000e-02  -1,84179e+00   3,58894e+02   3,54000e+02
           191   1,91000e-02  -1,84310e+00   3,58491e+02   3,53600e+02
           192   1,92000e-02  -1,84463e+00   3,58092e+02   3,53200e+02
           193   1,93000e-02  -1,84607e+00   3,57690e+02   3,52800e+02
           194   1,94000e-02  -1,84741e+00   3,57291e+02   3,52400e+02
           195   1,95000e-02  -1,84871e+00   3,56891e+02   3,52000e+02
           196   1,96000e-02  -1,84995e+00   3,56494e+02   3,51600e+02
           197   1,97000e-02  -1,85142e+00   3,56089e+02   3,51200e+02
           198   1,98000e-02  -1,85309e+00   3,55695e+02   3,50800e+02
           199   1,99000e-02  -1,85478e+00   3,55294e+02   3,50400e+02
           200   2,00000e-02  -1,85666e+00   3,54894e+02   3,50000e+02
           201   2,01000e-02  -1,85831e+00   3,54496e+02   3,49600e+02
           202   2,02000e-02  -1,85983e+00   3,54090e+02   3,49200e+02
           203   2,03000e-02  -1,86121e+00   3,53693e+02   3,48800e+02
           204   2,04000e-02  -1,86244e+00   3,53292e+02   3,48400e+02
           205   2,05000e-02  -1,86332e+00   3,52895e+02   3,48000e+02
           206   2,06000e-02  -1,86410e+00   3,52497e+02   3,47600e+02
           207   2,07000e-02  -1,86490e+00   3,52097e+02   3,47200e+02
           208   2,08000e-02  -1,86570e+00   3,51696e+02   3,46800e+02
           209   2,09000e-02  -1,86673e+00   3,51297e+02   3,46400e+02
           210   2,10000e-02  -1,86785e+00   3,50898e+02   3,46000e+02
           211   2,11000e-02  -1,86891e+00   3,50497e+02   3,45600e+02
           212   2,12000e-02  -1,87002e+00   3,50097e+02   3,45200e+02
           213   2,13000e-02  -1,87097e+00   3,49700e+02   3,44800e+02
           214   2,14000e-02  -1,87186e+00   3,49299e+02   3,44400e+02
           215   2,15000e-02  -1,87242e+00   3,48898e+02   3,44000e+02
           216   2,16000e-02  -1,87309e+00   3,48499e+02   3,43600e+02
           217   2,17000e-02  -1,87390e+00   3,48099e+02   3,43200e+02
           218   2,18000e-02  -1,87451e+00   3,47698e+02   3,42800e+02
           219   2,19000e-02  -1,87509e+00   3,47304e+02   3,42400e+02
           220   2,20000e-02  -1,87572e+00   3,46904e+02   3,42000e+02
           221   2,21000e-02  -1,87641e+00   3,46504e+02   3,41600e+02
           222   2,22000e-02  -1,87702e+00   3,46103e+02   3,41200e+02
           223   2,23000e-02  -1,87770e+00   3,45706e+02   3,40800e+02
           224   2,24000e-02  -1,87855e+00   3,45306e+02   3,40400e+02
           225   2,25000e-02  -1,87912e+00   3,44905e+02   3,40000e+02
           226   2,26000e-02  -1,88001e+00   3,44507e+02   3,39600e+02
           227   2,27000e-02  -1,88097e+00   3,44105e+02   3,39200e+02
           228   2,28000e-02  -1,88186e+00   3,43704e+02   3,38800e+02
           229   2,29000e-02  -1,88325e+00   3,43305e+02   3,38400e+02
           230   2,30000e-02  -1,88454e+00   3,42907e+02   3,38000e+02
           231   2,31000e-02  -1,88610e+00   3,42508e+02   3,37600e+02
           232   2,32000e-02  -1,88729e+00   3,42110e+02   3,37200e+02
           233   2,33000e-02  -1,88814e+00   3,41707e+02   3,36800e+02
           234   2,34000e-02  -1,88870e+00   3,41307e+02   3,36400e+02
           235   2,35000e-02  -1,88917e+00   3,40908e+02   3,36000e+02
           236   2,36000e-02  -1,88992e+00   3,40510e+02   3,35600e+02
           237   2,37000e-02  -1,89072e+00   3,40110e+02   3,35200e+02
           238   2,38000e-02  -1,89178e+00   3,39709e+02   3,34800e+02
           239   2,39000e-02  -1,89280e+00   3,39313e+02   3,34400e+02
           240   2,40000e-02  -1,89398e+00   3,38910e+02   3,34000e+02
           241   2,41000e-02  -1,89492e+00   3,38507e+02   3,33600e+02
           242   2,42000e-02  -1,89562e+00   3,38110e+02   3,33200e+02
           243   2,43000e-02  -1,89625e+00   3,37711e+02   3,32800e+02
           244   2,44000e-02  -1,89674e+00   3,37310e+02   3,32400e+02
           245   2,45000e-02  -1,89732e+00   3,36911e+02   3,32000e+02
           246   2,46000e-02  -1,89791e+00   3,36512e+02   3,31600e+02
           247   2,47000e-02  -1,89854e+00   3,36113e+02   3,31200e+02
           248   2,48000e-02  -1,89909e+00   3,35715e+02   3,30800e+02
           249   2,49000e-02  -1,89967e+00   3,35313e+02   3,30400e+02
           250   2,50000e-02  -1,90047e+00   3,34914e+02   3,30000e+02
           251   2,51000e-02  -1,90118e+00   3,34513e+02   3,29600e+02
           252   2,52000e-02  -1,90150e+00   3,34114e+02   3,29200e+02
           253   2,53000e-02  -1,90199e+00   3,33715e+02   3,28800e+02
           254   2,54000e-02  -1,90266e+00   3,33316e+02   3,28400e+02
           255   2,55000e-02  -1,90341e+00   3,32915e+02   3,28000e+02
           256   2,56000e-02  -1,90393e+00   3,32517e+02   3,27600e+02
           257   2,57000e-02  -1,90466e+00   3,32119e+02   3,27200e+02
           258   2,58000e-02  -1,90520e+00   3,31719e+02   3,26800e+02
           259   2,59000e-02  -1,90559e+00   3,31321e+02   3,26400e+02
           260   2,60000e-02  -1,90593e+00   3,30919e+02   3,26000e+02
           261   2,61000e-02  -1,90650e+00   3,30522e+02   3,25600e+02
           262   2,62000e-02  -1,90750e+00   3,30119e+02   3,25200e+02
           263   2,63000e-02  -1,90851e+00   3,29720e+02   3,24800e+02
           264   2,64000e-02  -1,90985e+00   3,29320e+02   3,24400e+02
           265   2,65000e-02  -1,91113e+00   3,28918e+02   3,24000e+02
           266   2,66000e-02  -1,91224e+00   3,28520e+02   3,23600e+02
           267   2,67000e-02  -1,91334e+00   3,28123e+02   3,23200e+02
           268   2,68000e-02  -1,91409e+00   3,27721e+02   3,22800e+02
           269   2,69000e-02  -1,91493e+00   3,27324e+02   3,22400e+02
           270   2,70000e-02  -1,91586e+00   3,26922e+02   3,22000e+02
           271   2,71000e-02  -1,91689e+00   3,26525e+02   3,21600e+02
           272   2,72000e-02  -1,91749e+00   3,26125e+02   3,21200e+02
           273   2,73000e-02  -1,91815e+00   3,25723e+02   3,20800e+02
           274   2,74000e-02  -1,91845e+00   3,25324e+02   3,20400e+02
           275   2,75000e-02  -1,91843e+00   3,24926e+02   3,20000e+02
           276   2,76000e-02  -1,91846e+00   3,24523e+02   3,19600e+02
           277   2,77000e-02  -1,91852e+00   3,24126e+02   3,19200e+02
           278   2,78000e-02  -1,91882e+00   3,23725e+02   3,18800e+02
           279   2,79000e-02  -1,91905e+00   3,23327e+02   3,18400e+02
           280   2,80000e-02  -1,91930e+00   3,22926e+02   3,18000e+02
           281   2,81000e-02  -1,91971e+00   3,22529e+02   3,17600e+02
           282   2,82000e-02  -1,92048e+00   3,22128e+02   3,17200e+02
           283   2,83000e-02  -1,92170e+00   3,21729e+02   3,16800e+02
           284   2,84000e-02  -1,92308e+00   3,21329e+02   3,16400e+02
           285   2,85000e-02  -1,92495e+00   3,20930e+02   3,16000e+02
           286   2,86000e-02  -1,92674e+00   3,20530e+02   3,15600e+02
           287   2,87000e-02  -1,92837e+00   3,20130e+02   3,15200e+02
           288   2,88000e-02  -1,93004e+00   3,19733e+02   3,14800e+02
           289   2,89000e-02  -1,93152e+00   3,19332e+02   3,14400e+02
           290   2,90000e-02  -1,93275e+00   3,18935e+02   3,14000e+02
           291   2,91000e-02  -1,93439e+00   3,18534e+02   3,13600e+02
           292   2,92000e-02  -1,93620e+00   3,18135e+02   3,13200e+02
           293   2,93000e-02  -1,93826e+00   3,17736e+02   3,12800e+02
           294   2,94000e-02  -1,94018e+00   3,17336e+02   3,12400e+02
           295   2,95000e-02  -1,94212e+00   3,16934e+02   3,12000e+02
           296   2,96000e-02  -1,94422e+00   3,16538e+02   3,11600e+02
           297   2,97000e-02  -1,94603e+00   3,16135e+02   3,11200e+02
           298   2,98000e-02  -1,94776e+00   3,15740e+02   3,10800e+02
           299   2,99000e-02  -1,94919e+00   3,15338e+02   3,10400e+02
           300   3,00000e-02  -1,95042e+00   3,14940e+02   3,10000e+02
           301   3,01000e-02  -1,95165e+00   3,14539e+02   3,09600e+02
           302   3,02000e-02  -1,95333e+00   3,14143e+02   3,09200e+02
           303   3,03000e-02  -1,95528e+00   3,13742e+02   3,08800e+02
           304   3,04000e-02  -1,95751e+00   3,13339e+02   3,08400e+02
           305   3,05000e-02  -1,96009e+00   3,12943e+02   3,08000e+02
           306   3,06000e-02  -1,96268e+00   3,12540e+02   3,07600e+02
           307   3,07000e-02  -1,96525e+00   3,12141e+02   3,07200e+02
           308   3,08000e-02  -1,96790e+00   3,11746e+02   3,06800e+02
           309   3,09000e-02  -1,97091e+00   3,11346e+02   3,06400e+02
           310   3,10000e-02  -1,97419e+00   3,10946e+02   3,06000e+02
           311   3,11000e-02  -1,97801e+00   3,10544e+02   3,05600e+02
           312   3,12000e-02  -1,98231e+00   3,10151e+02   3,05200e+02
           313   3,13000e-02  -1,98718e+00   3,09746e+02   3,04800e+02
           314   3,14000e-02  -1,99205e+00   3,09349e+02   3,04400e+02
           315   3,15000e-02  -1,99717e+00   3,08949e+02   3,04000e+02
           316   3,16000e-02  -2,00242e+00   3,08551e+02   3,03600e+02
           317   3,17000e-02  -2,00795e+00   3,08152e+02   3,03200e+02
           318   3,18000e-02  -2,01373e+00   3,07751e+02   3,02800e+02
           319   3,19000e-02  -2,01969e+00   3,07354e+02   3,02400e+02
           320   3,20000e-02  -2,02567e+00   3,06954e+02   3,02000e+02
           321   3,21000e-02  -2,03194e+00   3,06552e+02   3,01600e+02
           322   3,22000e-02  -2,03843e+00   3,06158e+02   3,01200e+02
           323   3,23000e-02  -2,04533e+00   3,05759e+02   3,00800e+02
           324   3,24000e-02  -2,05252e+00   3,05358e+02   3,00400e+02
           325   3,25000e-02  -2,06015e+00   3,04959e+02   3,00000e+02
           326   3,26000e-02  -2,06834e+00   3,04560e+02   2,99600e+02
           327   3,27000e-02  -2,07693e+00   3,04160e+02   2,99200e+02
           328   3,28000e-02  -2,08578e+00   3,03763e+02   2,98800e+02
           329   3,29000e-02  -2,09461e+00   3,03362e+02   2,98400e+02
           330   3,30000e-02  -2,10359e+00   3,02964e+02   2,98000e+02
           331   3,31000e-02  -2,11305e+00   3,02566e+02   2,97600e+02
           332   3,32000e-02  -2,12273e+00   3,02167e+02   2,97200e+02
           333   3,33000e-02  -2,13252e+00   3,01767e+02   2,96800e+02
           334   3,34000e-02  -2,14235e+00   3,01367e+02   2,96400e+02
           335   3,35000e-02  -2,15220e+00   3,00967e+02   2,96000e+02
           336   3,36000e-02  -2,16195e+00   3,00568e+02   2,95600e+02
           337   3,37000e-02  -2,17180e+00   3,00166e+02   2,95200e+02
           338   3,38000e-02  -2,18116e+00   2,99767e+02   2,94800e+02
           339   3,39000e-02  -2,18988e+00   2,99370e+02   2,94400e+02
           340   3,40000e-02  -2,19814e+00   2,98974e+02   2,94000e+02
           341   3,41000e-02  -2,20566e+00   2,98571e+02   2,93600e+02
           342   3,42000e-02  -2,21258e+00   2,98173e+02   2,93200e+02
           343   3,43000e-02  -2,21832e+00   2,97775e+02   2,92800e+02
           344   3,44000e-02  -2,22310e+00   2,97373e+02   2,92400e+02
           345   3,45000e-02  -2,22717e+00   2,96974e+02   2,92000e+02
           346   3,46000e-02  -2,23055e+00   2,96577e+02   2,91600e+02
           347   3,47000e-02  -2,23315e+00   2,96175e+02   2,91200e+02
           348   3,48000e-02  -2,23546e+00   2,95775e+02   2,90800e+02
           349   3,49000e-02  -2,23754e+00   2,95375e+02   2,90400e+02
           350   3,50000e-02  -2,23937e+00   2,94976e+02   2,90000e+02
           351   3,51000e-02  -2,24084e+00   2,94578e+02   2,89600e+02
           352   3,52000e-02  -2,24187e+00   2,94178e+02   2,89200e+02
           353   3,53000e-02  -2,24289e+00   2,93778e+02   2,88800e+02
           354   3,54000e-02  -2,24395e+00   2,93376e+02   2,88400e+02
           355   3,55000e-02  -2,24517e+00   2,92980e+02   2,88000e+02
           356   3,56000e-02  -2,24633e+00   2,92580e+02   2,87600e+02
           357   3,57000e-02  -2,24719e+00   2,92180e+02   2,87200e+02
           358   3,58000e-02  -2,24743e+00   2,91781e+02   2,86800e+02
           359   3,59000e-02  -2,24712e+00   2,91382e+02   2,86400e+02
           360   3,60000e-02  -2,24611e+00   2,90980e+02   2,86000e+02
           361   3,61000e-02  -2,24453e+00   2,90580e+02   2,85600e+02
           362   3,62000e-02  -2,24288e+00   2,90184e+02   2,85200e+02
           363   3,63000e-02  -2,24113e+00   2,89782e+02   2,84800e+02
           364   3,64000e-02  -2,23934e+00   2,89383e+02   2,84400e+02
           365   3,65000e-02  -2,23749e+00   2,88983e+02   2,84000e+02
           366   3,66000e-02  -2,23541e+00   2,88582e+02   2,83600e+02
           367   3,67000e-02  -2,23343e+00   2,88186e+02   2,83200e+02
           368   3,68000e-02  -2,23093e+00   2,87781e+02   2,82800e+02
           369   3,69000e-02  -2,22826e+00   2,87385e+02   2,82400e+02
           370   3,70000e-02  -2,22580e+00   2,86986e+02   2,82000e+02
           371   3,71000e-02  -2,22392e+00   2,86583e+02   2,81600e+02
           372   3,72000e-02  -2,22180e+00   2,86184e+02   2,81200e+02
           373   3,73000e-02  -2,21960e+00   2,85784e+02   2,80800e+02
           374   3,74000e-02  -2,21724e+00   2,85383e+02   2,80400e+02
           375   3,75000e-02  -2,21486e+00   2,84984e+02   2,80000e+02
           376   3,76000e-02  -2,21248e+00   2,84583e+02   2,79600e+02
           377   3,77000e-02  -2,21013e+00   2,84187e+02   2,79200e+02
           378   3,78000e-02  -2,20787e+00   2,83788e+02   2,78800e+02
           379   3,79000e-02  -2,20562e+00   2,83385e+02   2,78400e+02
           380   3,80000e-02  -2,20324e+00   2,82989e+02   2,78000e+02
           381   3,81000e-02  -2,20086e+00   2,82588e+02   2,77600e+02
           382   3,82000e-02  -2,19857e+00   2,82189e+02   2,77200e+02
           383   3,83000e-02  -2,19566e+00   2,81789e+02   2,76800e+02
           384   3,84000e-02  -2,19292e+00   2,81385e+02   2,76400e+02
           385   3,85000e-02  -2,19015e+00   2,80989e+02   2,76000e+02
           386   3,86000e-02  -2,18753e+00   2,80588e+02   2,75600e+02
           387   3,87000e-02  -2,18485e+00   2,80188e+02   2,75200e+02
           388   3,88000e-02  -2,18195e+00   2,79787e+02   2,74800e+02
           389   3,89000e-02  -2,17871e+00   2,79387e+02   2,74400e+02
           390   3,90000e-02  -2,17490e+00   2,78990e+02   2,74000e+02
           391   3,91000e-02  -2,17103e+00   2,78592e+02   2,73600e+02
           392   3,92000e-02  -2,16699e+00   2,78193e+02   2,73200e+02
           393   3,93000e-02  -2,16279e+00   2,77795e+02   2,72800e+02
           394   3,94000e-02  -2,15877e+00   2,77393e+02   2,72400e+02
           395   3,95000e-02  -2,15509e+00   2,76991e+02   2,72000e+02
           396   3,96000e-02  -2,15170e+00   2,76591e+02   2,71600e+02
           397   3,97000e-02  -2,14862e+00   2,76193e+02   2,71200e+02
           398   3,98000e-02  -2,14613e+00   2,75794e+02   2,70800e+02
           399   3,99000e-02  -2,14380e+00   2,75392e+02   2,70400e+02
           400   4,00000e-02  -2,14149e+00   2,74993e+02   2,70000e+02
           401   4,01000e-02  -2,13914e+00   2,74593e+02   2,69600e+02
           402   4,02000e-02  -2,13654e+00   2,74193e+02   2,69200e+02
           403   4,03000e-02  -2,13410e+00   2,73794e+02   2,68800e+02
           404   4,04000e-02  -2,13162e+00   2,73394e+02   2,68400e+02
           405   4,05000e-02  -2,12936e+00   2,72996e+02   2,68000e+02
           406   4,06000e-02  -2,12735e+00   2,72595e+02   2,67600e+02
           407   4,07000e-02  -2,12520e+00   2,72197e+02   2,67200e+02
           408   4,08000e-02  -2,12253e+00   2,71796e+02   2,66800e+02
           409   4,09000e-02  -2,11949e+00   2,71397e+02   2,66400e+02
           410   4,10000e-02  -2,11619e+00   2,70996e+02   2,66000e+02
           411   4,11000e-02  -2,11279e+00   2,70597e+02   2,65600e+02
           412   4,12000e-02  -2,10947e+00   2,70195e+02   2,65200e+02
           413   4,13000e-02  -2,10627e+00   2,69802e+02   2,64800e+02
           414   4,14000e-02  -2,10293e+00   2,69398e+02   2,64400e+02
           415   4,15000e-02  -2,09986e+00   2,69001e+02   2,64000e+02
           416   4,16000e-02  -2,09681e+00   2,68602e+02   2,63600e+02
           417   4,17000e-02  -2,09398e+00   2,68200e+02   2,63200e+02
           418   4,18000e-02  -2,09112e+00   2,67801e+02   2,62800e+02
           419   4,19000e-02  -2,08812e+00   2,67401e+02   2,62400e+02
           420   4,20000e-02  -2,08526e+00   2,67003e+02   2,62000e+02
           421   4,21000e-02  -2,08219e+00   2,66600e+02   2,61600e+02
           422   4,22000e-02  -2,07907e+00   2,66202e+02   2,61200e+02
           423   4,23000e-02  -2,07609e+00   2,65800e+02   2,60800e+02
           424   4,24000e-02  -2,07336e+00   2,65402e+02   2,60400e+02
           425   4,25000e-02  -2,07077e+00   2,65005e+02   2,60000e+02
           426   4,26000e-02  -2,06829e+00   2,64603e+02   2,59600e+02
           427   4,27000e-02  -2,06556e+00   2,64204e+02   2,59200e+02
           428   4,28000e-02  -2,06298e+00   2,63803e+02   2,58800e+02
           429   4,29000e-02  -2,06033e+00   2,63407e+02   2,58400e+02
           430   4,30000e-02  -2,05773e+00   2,63004e+02   2,58000e+02
           431   4,31000e-02  -2,05523e+00   2,62608e+02   2,57600e+02
           432   4,32000e-02  -2,05266e+00   2,62207e+02   2,57200e+02
           433   4,33000e-02  -2,05014e+00   2,61811e+02   2,56800e+02
           434   4,34000e-02  -2,04786e+00   2,61411e+02   2,56400e+02
           435   4,35000e-02  -2,04568e+00   2,61008e+02   2,56000e+02
           436   4,36000e-02  -2,04340e+00   2,60609e+02   2,55600e+02
           437   4,37000e-02  -2,04120e+00   2,60210e+02   2,55200e+02
           438   4,38000e-02  -2,03879e+00   2,59812e+02   2,54800e+02
           439   4,39000e-02  -2,03605e+00   2,59411e+02   2,54400e+02
           440   4,40000e-02  -2,03372e+00   2,59012e+02   2,54000e+02
           441   4,41000e-02  -2,03147e+00   2,58616e+02   2,53600e+02
           442   4,42000e-02  -2,02953e+00   2,58214e+02   2,53200e+02
           443   4,43000e-02  -2,02745e+00   2,57813e+02   2,52800e+02
           444   4,44000e-02  -2,02511e+00   2,57415e+02   2,52400e+02
           445   4,45000e-02  -2,02251e+00   2,57016e+02   2,52000e+02
           446   4,46000e-02  -2,01988e+00   2,56616e+02   2,51600e+02
           447   4,47000e-02  -2,01704e+00   2,56216e+02   2,51200e+02
           448   4,48000e-02  -2,01428e+00   2,55814e+02   2,50800e+02
           449   4,49000e-02  -2,01157e+00   2,55416e+02   2,50400e+02
           450   4,50000e-02  -2,00875e+00   2,55017e+02   2,50000e+02
           451   4,51000e-02  -2,00586e+00   2,54617e+02   2,49600e+02
           452   4,52000e-02  -2,00328e+00   2,54215e+02   2,49200e+02
           453   4,53000e-02  -2,00079e+00   2,53819e+02   2,48800e+02
           454   4,54000e-02  -1,99854e+00   2,53416e+02   2,48400e+02
           455   4,55000e-02  -1,99627e+00   2,53021e+02   2,48000e+02
           456   4,56000e-02  -1,99441e+00   2,52620e+02   2,47600e+02
           457   4,57000e-02  -1,99237e+00   2,52220e+02   2,47200e+02
           458   4,58000e-02  -1,99058e+00   2,51820e+02   2,46800e+02
           459   4,59000e-02  -1,98907e+00   2,51421e+02   2,46400e+02
           460   4,60000e-02  -1,98784e+00   2,51021e+02   2,46000e+02
           461   4,61000e-02  -1,98682e+00   2,50624e+02   2,45600e+02
           462   4,62000e-02  -1,98573e+00   2,50228e+02   2,45200e+02
           463   4,63000e-02  -1,98434e+00   2,49824e+02   2,44800e+02
           464   4,64000e-02  -1,98287e+00   2,49424e+02   2,44400e+02
           465   4,65000e-02  -1,98124e+00   2,49025e+02   2,44000e+02
           466   4,66000e-02  -1,97927e+00   2,48627e+02   2,43600e+02
           467   4,67000e-02  -1,97716e+00   2,48228e+02   2,43200e+02
           468   4,68000e-02  -1,97509e+00   2,47827e+02   2,42800e+02
           469   4,69000e-02  -1,97279e+00   2,47429e+02   2,42400e+02
           470   4,70000e-02  -1,97034e+00   2,47031e+02   2,42000e+02
           471   4,71000e-02  -1,96772e+00   2,46630e+02   2,41600e+02
           472   4,72000e-02  -1,96506e+00   2,46229e+02   2,41200e+02
           473   4,73000e-02  -1,96259e+00   2,45825e+02   2,40800e+02
           474   4,74000e-02  -1,96000e+00   2,45429e+02   2,40400e+02
           475   4,75000e-02  -1,95775e+00   2,45027e+02   2,40000e+02
           476   4,76000e-02  -1,95567e+00   2,44633e+02   2,39600e+02
           477   4,77000e-02  -1,95400e+00   2,44233e+02   2,39200e+02
           478   4,78000e-02  -1,95257e+00   2,43831e+02   2,38800e+02
           479   4,79000e-02  -1,95097e+00   2,43434e+02   2,38400e+02
           480   4,80000e-02  -1,94944e+00   2,43034e+02   2,38000e+02
           481   4,81000e-02  -1,94781e+00   2,42637e+02   2,37600e+02
           482   4,82000e-02  -1,94669e+00   2,42235e+02   2,37200e+02
           483   4,83000e-02  -1,94569e+00   2,41835e+02   2,36800e+02
           484   4,84000e-02  -1,94475e+00   2,41434e+02   2,36400e+02
           485   4,85000e-02  -1,94383e+00   2,41037e+02   2,36000e+02
           486   4,86000e-02  -1,94255e+00   2,40633e+02   2,35600e+02
           487   4,87000e-02  -1,94154e+00   2,40239e+02   2,35200e+02
           488   4,88000e-02  -1,94041e+00   2,39839e+02   2,34800e+02
           489   4,89000e-02  -1,93935e+00   2,39441e+02   2,34400e+02
           490   4,90000e-02  -1,93804e+00   2,39042e+02   2,34000e+02
           491   4,91000e-02  -1,93672e+00   2,38641e+02   2,33600e+02
           492   4,92000e-02  -1,93544e+00   2,38243e+02   2,33200e+02
           493   4,93000e-02  -1,93396e+00   2,37843e+02   2,32800e+02
           494   4,94000e-02  -1,93258e+00   2,37444e+02   2,32400e+02
           495   4,95000e-02  -1,93116e+00   2,37044e+02   2,32000e+02
           496   4,96000e-02  -1,92983e+00   2,36642e+02   2,31600e+02
           497   4,97000e-02  -1,92872e+00   2,36244e+02   2,31200e+02
           498   4,98000e-02  -1,92748e+00   2,35845e+02   2,30800e+02
           499   4,99000e-02  -1,92604e+00   2,35446e+02   2,30400e+02
           500   5,00000e-02  -1,92424e+00   2,35047e+02   2,30000e+02
           501   5,01000e-02  -1,92250e+00   2,34646e+02   2,29600e+02
           502   5,02000e-02  -1,92098e+00   2,34248e+02   2,29200e+02
           503   5,03000e-02  -1,91973e+00   2,33852e+02   2,28800e+02
           504   5,04000e-02  -1,91868e+00   2,33448e+02   2,28400e+02
           505   5,05000e-02  -1,91765e+00   2,33048e+02   2,28000e+02
           506   5,06000e-02  -1,91628e+00   2,32648e+02   2,27600e+02
           507   5,07000e-02  -1,91462e+00   2,32253e+02   2,27200e+02
           508   5,08000e-02  -1,91281e+00   2,31854e+02   2,26800e+02
           509   5,09000e-02  -1,91141e+00   2,31453e+02   2,26400e+02
           510   5,10000e-02  -1,91018e+00   2,31053e+02   2,26000e+02
           511   5,11000e-02  -1,90896e+00   2,30652e+02   2,25600e+02
           512   5,12000e-02  -1,90800e+00   2,30252e+02   2,25200e+02
           513   5,13000e-02  -1,90693e+00   2,29852e+02   2,24800e+02
           514   5,14000e-02  -1,90617e+00   2,29454e+02   2,24400e+02
           515   5,15000e-02  -1,90508e+00   2,29052e+02   2,24000e+02
           516   5,16000e-02  -1,90390e+00   2,28653e+02   2,23600e+02
           517   5,17000e-02  -1,90266e+00   2,28255e+02   2,23200e+02
           518   5,18000e-02  -1,90113e+00   2,27856e+02   2,22800e+02
           519   5,19000e-02  -1,89942e+00   2,27460e+02   2,22400e+02
           520   5,20000e-02  -1,89765e+00   2,27059e+02   2,22000e+02
           521   5,21000e-02  -1,89623e+00   2,26660e+02   2,21600e+02
           522   5,22000e-02  -1,89504e+00   2,26264e+02   2,21200e+02
           523   5,23000e-02  -1,89434e+00   2,25861e+02   2,20800e+02
           524   5,24000e-02  -1,89423e+00   2,25460e+02   2,20400e+02
           525   5,25000e-02  -1,89378e+00   2,25060e+02   2,20000e+02
           526   5,26000e-02  -1,89293e+00   2,24663e+02   2,19600e+02
           527   5,27000e-02  -1,89162e+00   2,24262e+02   2,19200e+02
           528   5,28000e-02  -1,88980e+00   2,23863e+02   2,18800e+02
           529   5,29000e-02  -1,88782e+00   2,23465e+02   2,18400e+02
           530   5,30000e-02  -1,88563e+00   2,23066e+02   2,18000e+02
           531   5,31000e-02  -1,88344e+00   2,22668e+02   2,17600e+02
           532   5,32000e-02  -1,88129e+00   2,22267e+02   2,17200e+02
           533   5,33000e-02  -1,87925e+00   2,21867e+02   2,16800e+02
           534   5,34000e-02  -1,87732e+00   2,21466e+02   2,16400e+02
           535   5,35000e-02  -1,87576e+00   2,21068e+02   2,16000e+02
           536   5,36000e-02  -1,87470e+00   2,20670e+02   2,15600e+02
           537   5,37000e-02  -1,87369e+00   2,20268e+02   2,15200e+02
           538   5,38000e-02  -1,87271e+00   2,19873e+02   2,14800e+02
           539   5,39000e-02  -1,87207e+00   2,19470e+02   2,14400e+02
           540   5,40000e-02  -1,87124e+00   2,19072e+02   2,14000e+02
           541   5,41000e-02  -1,87055e+00   2,18674e+02   2,13600e+02
           542   5,42000e-02  -1,86996e+00   2,18274e+02   2,13200e+02
           543   5,43000e-02  -1,86949e+00   2,17875e+02   2,12800e+02
           544   5,44000e-02  -1,86903e+00   2,17475e+02   2,12400e+02
           545   5,45000e-02  -1,86870e+00   2,17074e+02   2,12000e+02
           546   5,46000e-02  -1,86856e+00   2,16675e+02   2,11600e+02
           547   5,47000e-02  -1,86821e+00   2,16275e+02   2,11200e+02
           548   5,48000e-02  -1,86800e+00   2,15878e+02   2,10800e+02
           549   5,49000e-02  -1,86727e+00   2,15479e+02   2,10400e+02
           550   5,50000e-02  -1,86651e+00   2,15081e+02   2,10000e+02
           551   5,51000e-02  -1,86526e+00   2,14679e+02   2,09600e+02
           552   5,52000e-02  -1,86394e+00   2,14283e+02   2,09200e+02
           553   5,53000e-02  -1,86273e+00   2,13881e+02   2,08800e+02
           554   5,54000e-02  -1,86175e+00   2,13484e+02   2,08400e+02
           555   5,55000e-02  -1,86100e+00   2,13087e+02   2,08000e+02
           556   5,56000e-02  -1,86012e+00   2,12685e+02   2,07600e+02
           557   5,57000e-02  -1,85945e+00   2,12285e+02   2,07200e+02
           558   5,58000e-02  -1,85877e+00   2,11888e+02   2,06800e+02
           559   5,59000e-02  -1,85812e+00   2,11488e+02   2,06400e+02
           560   5,60000e-02  -1,85748e+00   2,11089e+02   2,06000e+02
           561   5,61000e-02  -1,85672e+00   2,10685e+02   2,05600e+02
           562   5,62000e-02  -1,85578e+00   2,10288e+02   2,05200e+02
           563   5,63000e-02  -1,85477e+00   2,09889e+02   2,04800e+02
           564   5,64000e-02  -1,85374e+00   2,09490e+02   2,04400e+02
           565   5,65000e-02  -1,85262e+00   2,09090e+02   2,04000e+02
           566   5,66000e-02  -1,85156e+00   2,08689e+02   2,03600e+02
           567   5,67000e-02  -1,85064e+00   2,08293e+02   2,03200e+02
           568   5,68000e-02  -1,84979e+00   2,07893e+02   2,02800e+02
           569   5,69000e-02  -1,84922e+00   2,07495e+02   2,02400e+02
           570   5,70000e-02  -1,84847e+00   2,07094e+02   2,02000e+02
           571   5,71000e-02  -1,84746e+00   2,06697e+02   2,01600e+02
           572   5,72000e-02  -1,84638e+00   2,06298e+02   2,01200e+02
           573   5,73000e-02  -1,84557e+00   2,05895e+02   2,00800e+02
           574   5,74000e-02  -1,84476e+00   2,05495e+02   2,00400e+02
           575   5,75000e-02  -1,84405e+00   2,05098e+02   2,00000e+02
           576   5,76000e-02  -1,84294e+00   2,04700e+02   1,99600e+02
           577   5,77000e-02  -1,84184e+00   2,04299e+02   1,99200e+02
           578   5,78000e-02  -1,84082e+00   2,03898e+02   1,98800e+02
           579   5,79000e-02  -1,84007e+00   2,03502e+02   1,98400e+02
           580   5,80000e-02  -1,83956e+00   2,03102e+02   1,98000e+02
           581   5,81000e-02  -1,83921e+00   2,02700e+02   1,97600e+02
           582   5,82000e-02  -1,83897e+00   2,02302e+02   1,97200e+02
           583   5,83000e-02  -1,83850e+00   2,01902e+02   1,96800e+02
           584   5,84000e-02  -1,83815e+00   2,01507e+02   1,96400e+02
           585   5,85000e-02  -1,83777e+00   2,01106e+02   1,96000e+02
           586   5,86000e-02  -1,83718e+00   2,00704e+02   1,95600e+02
           587   5,87000e-02  -1,83644e+00   2,00304e+02   1,95200e+02
           588   5,88000e-02  -1,83573e+00   1,99905e+02   1,94800e+02
           589   5,89000e-02  -1,83469e+00   1,99508e+02   1,94400e+02
           590   5,90000e-02  -1,83346e+00   1,99109e+02   1,94000e+02
           591   5,91000e-02  -1,83216e+00   1,98712e+02   1,93600e+02
           592   5,92000e-02  -1,83080e+00   1,98311e+02   1,93200e+02
           593   5,93000e-02  -1,82938e+00   1,97913e+02   1,92800e+02
           594   5,94000e-02  -1,82810e+00   1,97516e+02   1,92400e+02
           595   5,95000e-02  -1,82696e+00   1,97116e+02   1,92000e+02
           596   5,96000e-02  -1,82588e+00   1,96715e+02   1,91600e+02
           597   5,97000e-02  -1,82493e+00   1,96316e+02   1,91200e+02
           598   5,98000e-02  -1,82411e+00   1,95919e+02   1,90800e+02
           599   5,99000e-02  -1,82348e+00   1,95515e+02   1,90400e+02
           600   6,00000e-02  -1,82265e+00   1,95122e+02   1,90000e+02
           601   6,01000e-02  -1,82202e+00   1,94719e+02   1,89600e+02
           602   6,02000e-02  -1,82153e+00   1,94321e+02   1,89200e+02
           603   6,03000e-02  -1,82143e+00   1,93917e+02   1,88800e+02
           604   6,04000e-02  -1,82123e+00   1,93519e+02   1,88400e+02
           605   6,05000e-02  -1,82089e+00   1,93120e+02   1,88000e+02
           606   6,06000e-02  -1,82021e+00   1,92723e+02   1,87600e+02
           607   6,07000e-02  -1,81945e+00   1,92323e+02   1,87200e+02
           608   6,08000e-02  -1,81858e+00   1,91925e+02   1,86800e+02
           609   6,09000e-02  -1,81790e+00   1,91523e+02   1,86400e+02
           610   6,10000e-02  -1,81685e+00   1,91126e+02   1,86000e+02
           611   6,11000e-02  -1,81567e+00   1,90727e+02   1,85600e+02
           612   6,12000e-02  -1,81443e+00   1,90327e+02   1,85200e+02
           613   6,13000e-02  -1,81325e+00   1,89930e+02   1,84800e+02
           614   6,14000e-02  -1,81261e+00   1,89529e+02   1,84400e+02
           615   6,15000e-02  -1,81221e+00   1,89129e+02   1,84000e+02
           616   6,16000e-02  -1,81162e+00   1,88730e+02   1,83600e+02
           617   6,17000e-02  -1,81114e+00   1,88330e+02   1,83200e+02
           618   6,18000e-02  -1,81053e+00   1,87931e+02   1,82800e+02
           619   6,19000e-02  -1,80995e+00   1,87533e+02   1,82400e+02
           620   6,20000e-02  -1,80929e+00   1,87135e+02   1,82000e+02
           621   6,21000e-02  -1,80890e+00   1,86735e+02   1,81600e+02
           622   6,22000e-02  -1,80821e+00   1,86336e+02   1,81200e+02
           623   6,23000e-02  -1,80745e+00   1,85936e+02   1,80800e+02
           624   6,24000e-02  -1,80670e+00   1,85540e+02   1,80400e+02
           625   6,25000e-02  -1,80586e+00   1,85141e+02   1,80000e+02
           626   6,26000e-02  -1,80492e+00   1,84740e+02   1,79600e+02
           627   6,27000e-02  -1,80380e+00   1,84341e+02   1,79200e+02
           628   6,28000e-02  -1,80286e+00   1,83942e+02   1,78800e+02
           629   6,29000e-02  -1,80189e+00   1,83542e+02   1,78400e+02
           630   6,30000e-02  -1,80105e+00   1,83142e+02   1,78000e+02
           631   6,31000e-02  -1,80019e+00   1,82746e+02   1,77600e+02
           632   6,32000e-02  -1,79958e+00   1,82345e+02   1,77200e+02
           633   6,33000e-02  -1,79868e+00   1,81947e+02   1,76800e+02
           634   6,34000e-02  -1,79777e+00   1,81548e+02   1,76400e+02
           635   6,35000e-02  -1,79718e+00   1,81149e+02   1,76000e+02
           636   6,36000e-02  -1,79660e+00   1,80748e+02   1,75600e+02
           637   6,37000e-02  -1,79598e+00   1,80350e+02   1,75200e+02
           638   6,38000e-02  -1,79531e+00   1,79950e+02   1,74800e+02
           639   6,39000e-02  -1,79451e+00   1,79550e+02   1,74400e+02
           640   6,40000e-02  -1,79369e+00   1,79151e+02   1,74000e+02
           641   6,41000e-02  -1,79311e+00   1,78751e+02   1,73600e+02
           642   6,42000e-02  -1,79294e+00   1,78352e+02   1,73200e+02
           643   6,43000e-02  -1,79264e+00   1,77953e+02   1,72800e+02
           644   6,44000e-02  -1,79259e+00   1,77552e+02   1,72400e+02
           645   6,45000e-02  -1,79258e+00   1,77155e+02   1,72000e+02
           646   6,46000e-02  -1,79233e+00   1,76755e+02   1,71600e+02
           647   6,47000e-02  -1,79188e+00   1,76358e+02   1,71200e+02
           648   6,48000e-02  -1,79111e+00   1,75956e+02   1,70800e+02
           649   6,49000e-02  -1,78980e+00   1,75559e+02   1,70400e+02
           650   6,50000e-02  -1,78857e+00   1,75161e+02   1,70000e+02
           651   6,51000e-02  -1,78721e+00   1,74761e+02   1,69600e+02
           652   6,52000e-02  -1,78577e+00   1,74361e+02   1,69200e+02
           653   6,53000e-02  -1,78418e+00   1,73961e+02   1,68800e+02
           654   6,54000e-02  -1,78267e+00   1,73565e+02   1,68400e+02
           655   6,55000e-02  -1,78117e+00   1,73166e+02   1,68000e+02
           656   6,56000e-02  -1,78001e+00   1,72766e+02   1,67600e+02
           657   6,57000e-02  -1,77930e+00   1,72368e+02   1,67200e+02
           658   6,58000e-02  -1,77892e+00   1,71965e+02   1,66800e+02
           659   6,59000e-02  -1,77885e+00   1,71569e+02   1,66400e+02
           660   6,60000e-02  -1,77906e+00   1,71170e+02   1,66000e+02
           661   6,61000e-02  -1,77932e+00   1,70768e+02   1,65600e+02
           662   6,62000e-02  -1,77943e+00   1,70374e+02   1,65200e+02
           663   6,63000e-02  -1,77946e+00   1,69971e+02   1,64800e+02
           664   6,64000e-02  -1,77944e+00   1,69573e+02   1,64400e+02
           665   6,65000e-02  -1,77930e+00   1,69173e+02   1,64000e+02
           666   6,66000e-02  -1,77907e+00   1,68774e+02   1,63600e+02
           667   6,67000e-02  -1,77869e+00   1,68375e+02   1,63200e+02
           668   6,68000e-02  -1,77838e+00   1,67973e+02   1,62800e+02
           669   6,69000e-02  -1,77801e+00   1,67577e+02   1,62400e+02
           670   6,70000e-02  -1,77736e+00   1,67176e+02   1,62000e+02
           671   6,71000e-02  -1,77599e+00   1,66775e+02   1,61600e+02
           672   6,72000e-02  -1,77436e+00   1,66381e+02   1,61200e+02
           673   6,73000e-02  -1,77255e+00   1,65980e+02   1,60800e+02
           674   6,74000e-02  -1,77066e+00   1,65582e+02   1,60400e+02
           675   6,75000e-02  -1,76904e+00   1,65181e+02   1,60000e+02
           676   6,76000e-02  -1,76764e+00   1,64783e+02   1,59600e+02
           677   6,77000e-02  -1,76675e+00   1,64384e+02   1,59200e+02
           678   6,78000e-02  -1,76635e+00   1,63985e+02   1,58800e+02
           679   6,79000e-02  -1,76599e+00   1,63584e+02   1,58400e+02
           680   6,80000e-02  -1,76566e+00   1,63184e+02   1,58000e+02
           681   6,81000e-02  -1,76546e+00   1,62786e+02   1,57600e+02
           682   6,82000e-02  -1,76492e+00   1,62390e+02   1,57200e+02
           683   6,83000e-02  -1,76442e+00   1,61985e+02   1,56800e+02
           684   6,84000e-02  -1,76401e+00   1,61588e+02   1,56400e+02
           685   6,85000e-02  -1,76383e+00   1,61190e+02   1,56000e+02
           686   6,86000e-02  -1,76365e+00   1,60796e+02   1,55600e+02
           687   6,87000e-02  -1,76360e+00   1,60393e+02   1,55200e+02
           688   6,88000e-02  -1,76331e+00   1,59994e+02   1,54800e+02
           689   6,89000e-02  -1,76261e+00   1,59594e+02   1,54400e+02
           690   6,90000e-02  -1,76201e+00   1,59198e+02   1,54000e+02
           691   6,91000e-02  -1,76160e+00   1,58798e+02   1,53600e+02
           692   6,92000e-02  -1,76093e+00   1,58398e+02   1,53200e+02
           693   6,93000e-02  -1,76020e+00   1,57995e+02   1,52800e+02
           694   6,94000e-02  -1,75942e+00   1,57598e+02   1,52400e+02
           695   6,95000e-02  -1,75852e+00   1,57198e+02   1,52000e+02
           696   6,96000e-02  -1,75764e+00   1,56801e+02   1,51600e+02
           697   6,97000e-02  -1,75660e+00   1,56400e+02   1,51200e+02
           698   6,98000e-02  -1,75586e+00   1,56001e+02   1,50800e+02
           699   6,99000e-02  -1,75524e+00   1,55605e+02   1,50400e+02
           700   7,00000e-02  -1,75482e+00   1,55206e+02   1,50000e+02
           701   7,01000e-02  -1,75432e+00   1,54810e+02   1,49600e+02
           702   7,02000e-02  -1,75365e+00   1,54406e+02   1,49200e+02
           703   7,03000e-02  -1,75282e+00   1,54008e+02   1,48800e+02
           704   7,04000e-02  -1,75224e+00   1,53610e+02   1,48400e+02
           705   7,05000e-02  -1,75155e+00   1,53209e+02   1,48000e+02
           706   7,06000e-02  -1,75066e+00   1,52810e+02   1,47600e+02
           707   7,07000e-02  -1,74966e+00   1,52411e+02   1,47200e+02
           708   7,08000e-02  -1,74862e+00   1,52014e+02   1,46800e+02
           709   7,09000e-02  -1,74779e+00   1,51613e+02   1,46400e+02
           710   7,10000e-02  -1,74708e+00   1,51214e+02   1,46000e+02
           711   7,11000e-02  -1,74659e+00   1,50812e+02   1,45600e+02
           712   7,12000e-02  -1,74572e+00   1,50415e+02   1,45200e+02
           713   7,13000e-02  -1,74489e+00   1,50014e+02   1,44800e+02
           714   7,14000e-02  -1,74386e+00   1,49621e+02   1,44400e+02
           715   7,15000e-02  -1,74278e+00   1,49218e+02   1,44000e+02
           716   7,16000e-02  -1,74166e+00   1,48818e+02   1,43600e+02
           717   7,17000e-02  -1,74068e+00   1,48422e+02   1,43200e+02
           718   7,18000e-02  -1,74001e+00   1,48025e+02   1,42800e+02
           719   7,19000e-02  -1,73932e+00   1,47622e+02   1,42400e+02
           720   7,20000e-02  -1,73844e+00   1,47222e+02   1,42000e+02
           721   7,21000e-02  -1,73759e+00   1,46820e+02   1,41600e+02
           722   7,22000e-02  -1,73668e+00   1,46426e+02   1,41200e+02
           723   7,23000e-02  -1,73593e+00   1,46029e+02   1,40800e+02
           724   7,24000e-02  -1,73523e+00   1,45627e+02   1,40400e+02
           725   7,25000e-02  -1,73440e+00   1,45230e+02   1,40000e+02
           726   7,26000e-02  -1,73348e+00   1,44827e+02   1,39600e+02
           727   7,27000e-02  -1,73292e+00   1,44430e+02   1,39200e+02
           728   7,28000e-02  -1,73259e+00   1,44031e+02   1,38800e+02
           729   7,29000e-02  -1,73245e+00   1,43635e+02   1,38400e+02
           730   7,30000e-02  -1,73245e+00   1,43236e+02   1,38000e+02
           731   7,31000e-02  -1,73230e+00   1,42835e+02   1,37600e+02
           732   7,32000e-02  -1,73199e+00   1,42438e+02   1,37200e+02
           733   7,33000e-02  -1,73138e+00   1,42037e+02   1,36800e+02
           734   7,34000e-02  -1,73062e+00   1,41636e+02   1,36400e+02
           735   7,35000e-02  -1,73004e+00   1,41240e+02   1,36000e+02
           736   7,36000e-02  -1,72925e+00   1,40838e+02   1,35600e+02
           737   7,37000e-02  -1,72840e+00   1,40439e+02   1,35200e+02
           738   7,38000e-02  -1,72763e+00   1,40039e+02   1,34800e+02
           739   7,39000e-02  -1,72660e+00   1,39645e+02   1,34400e+02
           740   7,40000e-02  -1,72563e+00   1,39245e+02   1,34000e+02
           741   7,41000e-02  -1,72458e+00   1,38846e+02   1,33600e+02
           742   7,42000e-02  -1,72369e+00   1,38447e+02   1,33200e+02
           743   7,43000e-02  -1,72283e+00   1,38046e+02   1,32800e+02
           744   7,44000e-02  -1,72184e+00   1,37650e+02   1,32400e+02
           745   7,45000e-02  -1,72077e+00   1,37250e+02   1,32000e+02
           746   7,46000e-02  -1,71952e+00   1,36851e+02   1,31600e+02
           747   7,47000e-02  -1,71825e+00   1,36451e+02   1,31200e+02
           748   7,48000e-02  -1,71712e+00   1,36051e+02   1,30800e+02
           749   7,49000e-02  -1,71635e+00   1,35654e+02   1,30400e+02
           750   7,50000e-02  -1,71587e+00   1,35253e+02   1,30000e+02
           751   7,51000e-02  -1,71532e+00   1,34856e+02   1,29600e+02
           752   7,52000e-02  -1,71488e+00   1,34459e+02   1,29200e+02
           753   7,53000e-02  -1,71432e+00   1,34058e+02   1,28800e+02
           754   7,54000e-02  -1,71385e+00   1,33657e+02   1,28400e+02
           755   7,55000e-02  -1,71300e+00   1,33258e+02   1,28000e+02
           756   7,56000e-02  -1,71231e+00   1,32862e+02   1,27600e+02
           757   7,57000e-02  -1,71162e+00   1,32461e+02   1,27200e+02
           758   7,58000e-02  -1,71058e+00   1,32064e+02   1,26800e+02
           759   7,59000e-02  -1,70945e+00   1,31663e+02   1,26400e+02
           760   7,60000e-02  -1,70870e+00   1,31266e+02   1,26000e+02
           761   7,61000e-02  -1,70810e+00   1,30862e+02   1,25600e+02
           762   7,62000e-02  -1,70772e+00   1,30467e+02   1,25200e+02
           763   7,63000e-02  -1,70726e+00   1,30067e+02   1,24800e+02
           764   7,64000e-02  -1,70668e+00   1,29667e+02   1,24400e+02
           765   7,65000e-02  -1,70628e+00   1,29269e+02   1,24000e+02
           766   7,66000e-02  -1,70612e+00   1,28870e+02   1,23600e+02
           767   7,67000e-02  -1,70564e+00   1,28474e+02   1,23200e+02
           768   7,68000e-02  -1,70485e+00   1,28074e+02   1,22800e+02
           769   7,69000e-02  -1,70359e+00   1,27674e+02   1,22400e+02
           770   7,70000e-02  -1,70241e+00   1,27273e+02   1,22000e+02
           771   7,71000e-02  -1,70115e+00   1,26878e+02   1,21600e+02
           772   7,72000e-02  -1,69987e+00   1,26477e+02   1,21200e+02
           773   7,73000e-02  -1,69866e+00   1,26078e+02   1,20800e+02
           774   7,74000e-02  -1,69746e+00   1,25681e+02   1,20400e+02
           775   7,75000e-02  -1,69634e+00   1,25285e+02   1,20000e+02
           776   7,76000e-02  -1,69512e+00   1,24882e+02   1,19600e+02
           777   7,77000e-02  -1,69425e+00   1,24486e+02   1,19200e+02
           778   7,78000e-02  -1,69375e+00   1,24087e+02   1,18800e+02
           779   7,79000e-02  -1,69356e+00   1,23685e+02   1,18400e+02
           780   7,80000e-02  -1,69329e+00   1,23283e+02   1,18000e+02
           781   7,81000e-02  -1,69306e+00   1,22889e+02   1,17600e+02
           782   7,82000e-02  -1,69296e+00   1,22489e+02   1,17200e+02
           783   7,83000e-02  -1,69260e+00   1,22092e+02   1,16800e+02
           784   7,84000e-02  -1,69206e+00   1,21691e+02   1,16400e+02
           785   7,85000e-02  -1,69134e+00   1,21288e+02   1,16000e+02
           786   7,86000e-02  -1,69061e+00   1,20893e+02   1,15600e+02
           787   7,87000e-02  -1,68963e+00   1,20495e+02   1,15200e+02
           788   7,88000e-02  -1,68869e+00   1,20097e+02   1,14800e+02
           789   7,89000e-02  -1,68747e+00   1,19697e+02   1,14400e+02
           790   7,90000e-02  -1,68624e+00   1,19299e+02   1,14000e+02
           791   7,91000e-02  -1,68492e+00   1,18901e+02   1,13600e+02
           792   7,92000e-02  -1,68369e+00   1,18500e+02   1,13200e+02
           793   7,93000e-02  -1,68269e+00   1,18102e+02   1,12800e+02
           794   7,94000e-02  -1,68182e+00   1,17704e+02   1,12400e+02
           795   7,95000e-02  -1,68100e+00   1,17303e+02   1,12000e+02
           796   7,96000e-02  -1,68013e+00   1,16908e+02   1,11600e+02
           797   7,97000e-02  -1,67943e+00   1,16504e+02   1,11200e+02
           798   7,98000e-02  -1,67866e+00   1,16106e+02   1,10800e+02
           799   7,99000e-02  -1,67821e+00   1,15709e+02   1,10400e+02
           800   8,00000e-02  -1,67801e+00   1,15311e+02   1,10000e+02
           801   8,01000e-02  -1,67769e+00   1,14911e+02   1,09600e+02
           802   8,02000e-02  -1,67737e+00   1,14511e+02   1,09200e+02
           803   8,03000e-02  -1,67665e+00   1,14114e+02   1,08800e+02
           804   8,04000e-02  -1,67588e+00   1,13714e+02   1,08400e+02
           805   8,05000e-02  -1,67506e+00   1,13313e+02   1,08000e+02
           806   8,06000e-02  -1,67412e+00   1,12918e+02   1,07600e+02
           807   8,07000e-02  -1,67311e+00   1,12514e+02   1,07200e+02
           808   8,08000e-02  -1,67212e+00   1,12120e+02   1,06800e+02
           809   8,09000e-02  -1,67086e+00   1,11720e+02   1,06400e+02
           810   8,10000e-02  -1,66961e+00   1,11323e+02   1,06000e+02
           811   8,11000e-02  -1,66837e+00   1,10924e+02   1,05600e+02
           812   8,12000e-02  -1,66730e+00   1,10528e+02   1,05200e+02
           813   8,13000e-02  -1,66636e+00   1,10130e+02   1,04800e+02
           814   8,14000e-02  -1,66553e+00   1,09732e+02   1,04400e+02
           815   8,15000e-02  -1,66490e+00   1,09332e+02   1,04000e+02
           816   8,16000e-02  -1,66413e+00   1,08933e+02   1,03600e+02
           817   8,17000e-02  -1,66344e+00   1,08534e+02   1,03200e+02
           818   8,18000e-02  -1,66274e+00   1,08135e+02   1,02800e+02
           819   8,19000e-02  -1,66216e+00   1,07737e+02   1,02400e+02
           820   8,20000e-02  -1,66172e+00   1,07338e+02   1,02000e+02
           821   8,21000e-02  -1,66117e+00   1,06941e+02   1,01600e+02
           822   8,22000e-02  -1,66037e+00   1,06540e+02   1,01200e+02
           823   8,23000e-02  -1,65956e+00   1,06139e+02   1,00800e+02
           824   8,24000e-02  -1,65888e+00   1,05743e+02   1,00400e+02
           825   8,25000e-02  -1,65814e+00   1,05344e+02   1,00000e+02
           826   8,26000e-02  -1,65737e+00   1,04946e+02   9,96000e+01
           827   8,27000e-02  -1,65634e+00   1,04546e+02   9,92000e+01
           828   8,28000e-02  -1,65527e+00   1,04152e+02   9,88000e+01
           829   8,29000e-02  -1,65416e+00   1,03748e+02   9,84000e+01
           830   8,30000e-02  -1,65301e+00   1,03355e+02   9,80000e+01
           831   8,31000e-02  -1,65211e+00   1,02953e+02   9,76000e+01
           832   8,32000e-02  -1,65125e+00   1,02555e+02   9,72000e+01
           833   8,33000e-02  -1,65053e+00   1,02157e+02   9,68000e+01
           834   8,34000e-02  -1,64997e+00   1,01758e+02   9,64000e+01
           835   8,35000e-02  -1,64917e+00   1,01358e+02   9,60000e+01
           836   8,36000e-02  -1,64840e+00   1,00955e+02   9,56000e+01
           837   8,37000e-02  -1,64769e+00   1,00562e+02   9,52000e+01
           838   8,38000e-02  -1,64717e+00   1,00163e+02   9,48000e+01
           839   8,39000e-02  -1,64675e+00   9,97632e+01   9,44000e+01
           840   8,40000e-02  -1,64600e+00   9,93649e+01   9,40000e+01
           841   8,41000e-02  -1,64497e+00   9,89663e+01   9,36000e+01
           842   8,42000e-02  -1,64351e+00   9,85704e+01   9,32000e+01
           843   8,43000e-02  -1,64216e+00   9,81672e+01   9,28000e+01
           844   8,44000e-02  -1,64097e+00   9,77694e+01   9,24000e+01
           845   8,45000e-02  -1,63971e+00   9,73756e+01   9,20000e+01
           846   8,46000e-02  -1,63846e+00   9,69774e+01   9,16000e+01
           847   8,47000e-02  -1,63738e+00   9,65775e+01   9,12000e+01
           848   8,48000e-02  -1,63620e+00   9,61773e+01   9,08000e+01
           849   8,49000e-02  -1,63540e+00   9,57755e+01   9,04000e+01
           850   8,50000e-02  -1,63458e+00   9,53820e+01   9,00000e+01
           851   8,51000e-02  -1,63387e+00   9,49812e+01   8,96000e+01
           852   8,52000e-02  -1,63312e+00   9,45801e+01   8,92000e+01
           853   8,53000e-02  -1,63216e+00   9,41860e+01   8,88000e+01
           854   8,54000e-02  -1,63117e+00   9,37887e+01   8,84000e+01
           855   8,55000e-02  -1,63048e+00   9,33884e+01   8,80000e+01
           856   8,56000e-02  -1,62988e+00   9,29892e+01   8,76000e+01
           857   8,57000e-02  -1,62897e+00   9,25913e+01   8,72000e+01
           858   8,58000e-02  -1,62817e+00   9,21931e+01   8,68000e+01
           859   8,59000e-02  -1,62737e+00   9,17961e+01   8,64000e+01
           860   8,60000e-02  -1,62682e+00   9,13974e+01   8,60000e+01
           861   8,61000e-02  -1,62606e+00   9,09985e+01   8,56000e+01
           862   8,62000e-02  -1,62523e+00   9,05994e+01   8,52000e+01
           863   8,63000e-02  -1,62435e+00   9,01986e+01   8,48000e+01
           864   8,64000e-02  -1,62329e+00   8,98047e+01   8,44000e+01
           865   8,65000e-02  -1,62253e+00   8,94020e+01   8,40000e+01
           866   8,66000e-02  -1,62164e+00   8,90033e+01   8,36000e+01
           867   8,67000e-02  -1,62070e+00   8,86087e+01   8,32000e+01
           868   8,68000e-02  -1,61966e+00   8,82096e+01   8,28000e+01
           869   8,69000e-02  -1,61876e+00   8,78117e+01   8,24000e+01
           870   8,70000e-02  -1,61787e+00   8,74135e+01   8,20000e+01
           871   8,71000e-02  -1,61695e+00   8,70151e+01   8,16000e+01
           872   8,72000e-02  -1,61626e+00   8,66150e+01   8,12000e+01
           873   8,73000e-02  -1,61534e+00   8,62189e+01   8,08000e+01
           874   8,74000e-02  -1,61466e+00   8,58169e+01   8,04000e+01
           875   8,75000e-02  -1,61371e+00   8,54204e+01   8,00000e+01
           876   8,76000e-02  -1,61264e+00   8,50237e+01   7,96000e+01
           877   8,77000e-02  -1,61164e+00   8,46208e+01   7,92000e+01
           878   8,78000e-02  -1,61077e+00   8,42265e+01   7,88000e+01
           879   8,79000e-02  -1,60986e+00   8,38261e+01   7,84000e+01
           880   8,80000e-02  -1,60892e+00   8,34313e+01   7,80000e+01
           881   8,81000e-02  -1,60791e+00   8,30304e+01   7,76000e+01
           882   8,82000e-02  -1,60694e+00   8,26322e+01   7,72000e+01
           883   8,83000e-02  -1,60610e+00   8,22352e+01   7,68000e+01
           884   8,84000e-02  -1,60536e+00   8,18350e+01   7,64000e+01
           885   8,85000e-02  -1,60441e+00   8,14375e+01   7,60000e+01
           886   8,86000e-02  -1,60358e+00   8,10412e+01   7,56000e+01
           887   8,87000e-02  -1,60264e+00   8,06417e+01   7,52000e+01
           888   8,88000e-02  -1,60164e+00   8,02449e+01   7,48000e+01
           889   8,89000e-02  -1,60041e+00   7,98450e+01   7,44000e+01
           890   8,90000e-02  -1,59925e+00   7,94462e+01   7,40000e+01
           891   8,91000e-02  -1,59796e+00   7,90472e+01   7,36000e+01
           892   8,92000e-02  -1,59689e+00   7,86479e+01   7,32000e+01
           893   8,93000e-02  -1,59594e+00   7,82498e+01   7,28000e+01
           894   8,94000e-02  -1,59516e+00   7,78530e+01   7,24000e+01
           895   8,95000e-02  -1,59427e+00   7,74544e+01   7,20000e+01
           896   8,96000e-02  -1,59337e+00   7,70570e+01   7,16000e+01
           897   8,97000e-02  -1,59221e+00   7,66594e+01   7,12000e+01
           898   8,98000e-02  -1,59114e+00   7,62571e+01   7,08000e+01
           899   8,99000e-02  -1,59005e+00   7,58604e+01   7,04000e+01
           900   9,00000e-02  -1,58919e+00   7,54591e+01   7,00000e+01
           901   9,01000e-02  -1,58824e+00   7,50649e+01   6,96000e+01
           902   9,02000e-02  -1,58715e+00   7,46674e+01   6,92000e+01
           903   9,03000e-02  -1,58611e+00   7,42682e+01   6,88000e+01
           904   9,04000e-02  -1,58532e+00   7,38703e+01   6,84000e+01
           905   9,05000e-02  -1,58440e+00   7,34780e+01   6,80000e+01
           906   9,06000e-02  -1,58326e+00   7,30795e+01   6,76000e+01
           907   9,07000e-02  -1,58223e+00   7,26778e+01   6,72000e+01
           908   9,08000e-02  -1,58136e+00   7,22803e+01   6,68000e+01
           909   9,09000e-02  -1,58047e+00   7,18825e+01   6,64000e+01
           910   9,10000e-02  -1,57943e+00   7,14830e+01   6,60000e+01
           911   9,11000e-02  -1,57837e+00   7,10876e+01   6,56000e+01
           912   9,12000e-02  -1,57712e+00   7,06876e+01   6,52000e+01
           913   9,13000e-02  -1,57586e+00   7,02887e+01   6,48000e+01
           914   9,14000e-02  -1,57492e+00   6,98896e+01   6,44000e+01
           915   9,15000e-02  -1,57397e+00   6,94917e+01   6,40000e+01
           916   9,16000e-02  -1,57277e+00   6,90965e+01   6,36000e+01
           917   9,17000e-02  -1,57174e+00   6,86996e+01   6,32000e+01
           918   9,18000e-02  -1,57079e+00   6,82994e+01   6,28000e+01
           919   9,19000e-02  -1,57002e+00   6,79019e+01   6,24000e+01
           920   9,20000e-02  -1,56922e+00   6,75057e+01   6,20000e+01
           921   9,21000e-02  -1,56857e+00   6,71062e+01   6,16000e+01
           922   9,22000e-02  -1,56782e+00   6,67079e+01   6,12000e+01
           923   9,23000e-02  -1,56698e+00   6,63078e+01   6,08000e+01
           924   9,24000e-02  -1,56624e+00   6,59105e+01   6,04000e+01
           925   9,25000e-02  -1,56542e+00   6,55144e+01   6,00000e+01
           926   9,26000e-02  -1,56451e+00   6,51150e+01   5,96000e+01
           927   9,27000e-02  -1,56345e+00   6,47199e+01   5,92000e+01
           928   9,28000e-02  -1,56219e+00   6,43230e+01   5,88000e+01
           929   9,29000e-02  -1,56070e+00   6,39243e+01   5,84000e+01
           930   9,30000e-02  -1,55903e+00   6,35253e+01   5,80000e+01
           931   9,31000e-02  -1,55744e+00   6,31305e+01   5,76000e+01
           932   9,32000e-02  -1,55562e+00   6,27310e+01   5,72000e+01
           933   9,33000e-02  -1,55422e+00   6,23327e+01   5,68000e+01
           934   9,34000e-02  -1,55311e+00   6,19326e+01   5,64000e+01
           935   9,35000e-02  -1,55227e+00   6,15383e+01   5,60000e+01
           936   9,36000e-02  -1,55165e+00   6,11407e+01   5,56000e+01
           937   9,37000e-02  -1,55111e+00   6,07443e+01   5,52000e+01
           938   9,38000e-02  -1,55067e+00   6,03476e+01   5,48000e+01
           939   9,39000e-02  -1,55020e+00   5,99461e+01   5,44000e+01
           940   9,40000e-02  -1,54936e+00   5,95488e+01   5,40000e+01
           941   9,41000e-02  -1,54833e+00   5,91498e+01   5,36000e+01
           942   9,42000e-02  -1,54716e+00   5,87566e+01   5,32000e+01
           943   9,43000e-02  -1,54608e+00   5,83585e+01   5,28000e+01
           944   9,44000e-02  -1,54469e+00   5,79601e+01   5,24000e+01
           945   9,45000e-02  -1,54367e+00   5,75630e+01   5,20000e+01
           946   9,46000e-02  -1,54257e+00   5,71686e+01   5,16000e+01
           947   9,47000e-02  -1,54130e+00   5,67709e+01   5,12000e+01
           948   9,48000e-02  -1,53997e+00   5,63759e+01   5,08000e+01
           949   9,49000e-02  -1,53882e+00   5,59746e+01   5,04000e+01
           950   9,50000e-02  -1,53776e+00   5,55776e+01   5,00000e+01
           951   9,51000e-02  -1,53686e+00   5,51833e+01   4,96000e+01
           952   9,52000e-02  -1,53600e+00   5,47872e+01   4,92000e+01
           953   9,53000e-02  -1,53497e+00   5,43832e+01   4,88000e+01
           954   9,54000e-02  -1,53388e+00   5,39911e+01   4,84000e+01
           955   9,55000e-02  -1,53272e+00   5,35880e+01   4,80000e+01
           956   9,56000e-02  -1,53175e+00   5,31923e+01   4,76000e+01
           957   9,57000e-02  -1,53072e+00   5,27963e+01   4,72000e+01
           958   9,58000e-02  -1,52964e+00   5,24031e+01   4,68000e+01
           959   9,59000e-02  -1,52851e+00   5,20019e+01   4,64000e+01
           960   9,60000e-02  -1,52726e+00   5,16111e+01   4,60000e+01
           961   9,61000e-02  -1,52608e+00   5,12124e+01   4,56000e+01
           962   9,62000e-02  -1,52493e+00   5,08165e+01   4,52000e+01
           963   9,63000e-02  -1,52377e+00   5,04203e+01   4,48000e+01
           964   9,64000e-02  -1,52248e+00   5,00206e+01   4,44000e+01
           965   9,65000e-02  -1,52122e+00   4,96223e+01   4,40000e+01
           966   9,66000e-02  -1,52015e+00   4,92283e+01   4,36000e+01
           967   9,67000e-02  -1,51923e+00   4,88308e+01   4,32000e+01
           968   9,68000e-02  -1,51848e+00   4,84331e+01   4,28000e+01
           969   9,69000e-02  -1,51770e+00   4,80382e+01   4,24000e+01
           970   9,70000e-02  -1,51676e+00   4,76430e+01   4,20000e+01
           971   9,71000e-02  -1,51577e+00   4,72413e+01   4,16000e+01
           972   9,72000e-02  -1,51458e+00   4,68454e+01   4,12000e+01
           973   9,73000e-02  -1,51317e+00   4,64462e+01   4,08000e+01
           974   9,74000e-02  -1,51145e+00   4,60529e+01   4,04000e+01
           975   9,75000e-02  -1,50999e+00   4,56546e+01   4,00000e+01
           976   9,76000e-02  -1,50870e+00   4,52591e+01   3,96000e+01
           977   9,77000e-02  -1,50733e+00   4,48680e+01   3,92000e+01
           978   9,78000e-02  -1,50594e+00   4,44688e+01   3,88000e+01
           979   9,79000e-02  -1,50469e+00   4,40740e+01   3,84000e+01
           980   9,80000e-02  -1,50361e+00   4,36820e+01   3,80000e+01
           981   9,81000e-02  -1,50262e+00   4,32819e+01   3,76000e+01
           982   9,82000e-02  -1,50165e+00   4,28877e+01   3,72000e+01
           983   9,83000e-02  -1,50051e+00   4,24917e+01   3,68000e+01
           984   9,84000e-02  -1,49949e+00   4,20953e+01   3,64000e+01
           985   9,85000e-02  -1,49851e+00   4,16986e+01   3,60000e+01
           986   9,86000e-02  -1,49743e+00   4,13032e+01   3,56000e+01
           987   9,87000e-02  -1,49641e+00   4,09044e+01   3,52000e+01
           988   9,88000e-02  -1,49532e+00   4,05115e+01   3,48000e+01
           989   9,89000e-02  -1,49420e+00   4,01167e+01   3,44000e+01
           990   9,90000e-02  -1,49295e+00   3,97201e+01   3,40000e+01
           991   9,91000e-02  -1,49165e+00   3,93231e+01   3,36000e+01
           992   9,92000e-02  -1,49004e+00   3,89274e+01   3,32000e+01
           993   9,93000e-02  -1,48826e+00   3,85345e+01   3,28000e+01
           994   9,94000e-02  -1,48665e+00   3,81366e+01   3,24000e+01
           995   9,95000e-02  -1,48509e+00   3,77431e+01   3,20000e+01
           996   9,96000e-02  -1,48366e+00   3,73477e+01   3,16000e+01
           997   9,97000e-02  -1,48238e+00   3,69520e+01   3,12000e+01
           998   9,98000e-02  -1,48102e+00   3,65576e+01   3,08000e+01
           999   9,99000e-02  -1,47970e+00   3,61628e+01   3,04000e+01
          1000   1,00000e-01  -1,47870e+00   3,57677e+01   3,00000e+01
          1001   1,00100e-01  -1,47783e+00   3,53723e+01   2,96000e+01
          1002   1,00200e-01  -1,47710e+00   3,49750e+01   2,92000e+01
          1003   1,00300e-01  -1,47623e+00   3,45806e+01   2,88000e+01
          1004   1,00400e-01  -1,47558e+00   3,41874e+01   2,84000e+01
          1005   1,00500e-01  -1,47476e+00   3,37907e+01   2,80000e+01
          1006   1,00600e-01  -1,47389e+00   3,33985e+01   2,76000e+01
          1007   1,00700e-01  -1,47299e+00   3,30044e+01   2,72000e+01
          1008   1,00800e-01  -1,47204e+00   3,26131e+01   2,68000e+01
          1009   1,00900e-01  -1,47085e+00   3,22231e+01   2,64000e+01
          1010   1,01000e-01  -1,46961e+00   3,18280e+01   2,60000e+01
          1011   1,01100e-01  -1,46822e+00   3,14422e+01   2,56000e+01
          1012   1,01200e-01  -1,46655e+00   3,10512e+01   2,52000e+01
          1013   1,01300e-01  -1,46453e+00   3,06648e+01   2,48000e+01
          1014   1,01400e-01  -1,46226e+00   3,02764e+01   2,44000e+01
          1015   1,01500e-01  -1,45978e+00   2,98909e+01   2,40000e+01
          1016   1,01600e-01  -1,45712e+00   2,95115e+01   2,36000e+01
          1017   1,01700e-01  -1,45426e+00   2,91238e+01   2,32000e+01
          1018   1,01800e-01  -1,45122e+00   2,87455e+01   2,28000e+01
          1019   1,01900e-01  -1,44809e+00   2,83636e+01   2,24000e+01
          1020   1,02000e-01  -1,44487e+00   2,79830e+01   2,20000e+01
          1021   1,02100e-01  -1,44165e+00   2,76021e+01   2,16000e+01
          1022   1,02200e-01  -1,43849e+00   2,72289e+01   2,12000e+01
          1023   1,02300e-01  -1,43546e+00   2,68539e+01   2,08000e+01
          1024   1,02400e-01  -1,43256e+00   2,64769e+01   2,04000e+01
          1025   1,02500e-01  -1,42951e+00   2,61028e+01   2,00000e+01
          1026   1,02600e-01  -1,42646e+00   2,57317e+01   1,96000e+01
          1027   1,02700e-01  -1,42344e+00   2,53619e+01   1,92000e+01
          1028   1,02800e-01  -1,42017e+00   2,49886e+01   1,88000e+01
          1029   1,02900e-01  -1,41699e+00   2,46182e+01   1,84000e+01
          1030   1,03000e-01  -1,41374e+00   2,42524e+01   1,80000e+01
          1031   1,03100e-01  -1,41035e+00   2,38879e+01   1,76000e+01
          1032   1,03200e-01  -1,40689e+00   2,35216e+01   1,72000e+01
          1033   1,03300e-01  -1,40316e+00   2,31598e+01   1,68000e+01
          1034   1,03400e-01  -1,39947e+00   2,27944e+01   1,64000e+01
          1035   1,03500e-01  -1,39571e+00   2,24337e+01   1,60000e+01
          1036   1,03600e-01  -1,39174e+00   2,20726e+01   1,56000e+01
          1037   1,03700e-01  -1,38775e+00   2,17081e+01   1,52000e+01
          1038   1,03800e-01  -1,38365e+00   2,13530e+01   1,48000e+01
          1039   1,03900e-01  -1,37959e+00   2,09927e+01   1,44000e+01
          1040   1,04000e-01  -1,37547e+00   2,06355e+01   1,40000e+01
          1041   1,04100e-01  -1,37122e+00   2,02812e+01   1,36000e+01
          1042   1,04200e-01  -1,36690e+00   1,99250e+01   1,32000e+01
          1043   1,04300e-01  -1,36253e+00   1,95702e+01   1,28000e+01
          1044   1,04400e-01  -1,35813e+00   1,92183e+01   1,24000e+01
          1045   1,04500e-01  -1,35380e+00   1,88695e+01   1,20000e+01
          1046   1,04600e-01  -1,34941e+00   1,85221e+01   1,16000e+01
          1047   1,04700e-01  -1,34502e+00   1,81727e+01   1,12000e+01
          1048   1,04800e-01  -1,34082e+00   1,78280e+01   1,08000e+01
          1049   1,04900e-01  -1,33657e+00   1,74814e+01   1,04000e+01
          1050   1,05000e-01  -1,33241e+00   1,71312e+01   1,00000e+01
          1051   1,05100e-01  -1,32809e+00   1,67873e+01   9,60000e+00
          1052   1,05200e-01  -1,32372e+00   1,64415e+01   9,19999e+00
          1053   1,05300e-01  -1,31915e+00   1,61037e+01   8,80002e+00
          1054   1,05400e-01  -1,31476e+00   1,57607e+01   8,40001e+00
          1055   1,05500e-01  -1,31025e+00   1,54224e+01   8,00000e+00
          1056   1,05600e-01  -1,30585e+00   1,50822e+01   7,60000e+00
          1057   1,05700e-01  -1,30153e+00   1,47383e+01   7,20002e+00
          1058   1,05800e-01  -1,29718e+00   1,44042e+01   6,80001e+00
          1059   1,05900e-01  -1,29284e+00   1,40682e+01   6,40001e+00
          1060   1,06000e-01  -1,28818e+00   1,37319e+01   6,00000e+00
          1061   1,06100e-01  -1,28350e+00   1,34003e+01   5,59999e+00
          1062   1,06200e-01  -1,27884e+00   1,30618e+01   5,20002e+00
          1063   1,06300e-01  -1,27413e+00   1,27297e+01   4,80001e+00
          1064   1,06400e-01  -1,26939e+00   1,23974e+01   4,40000e+00
          1065   1,06500e-01  -1,26481e+00   1,20698e+01   3,99999e+00
          1066   1,06600e-01  -1,26026e+00   1,17369e+01   3,60002e+00
          1067   1,06700e-01  -1,25596e+00   1,14138e+01   3,20001e+00
          1068   1,06800e-01  -1,25170e+00   1,10838e+01   2,80000e+00
          1069   1,06900e-01  -1,24734e+00   1,07569e+01   2,40000e+00
          1070   1,07000e-01  -1,24292e+00   1,04313e+01   1,99999e+00
          1071   1,07100e-01  -1,23841e+00   1,01106e+01   1,60001e+00
          1072   1,07200e-01  -1,23395e+00   9,78462e+00   1,20001e+00
          1073   1,07300e-01  -1,22946e+00   9,46509e+00   8,00000e-01
          1074   1,07400e-01  -1,22512e+00   9,13689e+00   3,99994e-01
          1075   1,07500e-01  -1,22065e+00   8,81855e+00   1,66144e-05
          1076   1,07600e-01  -1,21617e+00   8,49490e+00  -3,99990e-01
          1077   1,07700e-01  -1,21173e+00   8,17606e+00  -7,99997e-01
          1078   1,07800e-01  -1,20734e+00   7,86374e+00  -1,20000e+00
          1079   1,07900e-01  -1,20302e+00   7,54104e+00  -1,59998e+00
          1080   1,08000e-01  -1,19881e+00   7,22316e+00  -1,99999e+00
          1081   1,08100e-01  -1,19441e+00   6,90842e+00  -2,39999e+00
          1082   1,08200e-01  -1,19019e+00   6,59344e+00  -2,80000e+00
          1083   1,08300e-01  -1,18610e+00   6,28331e+00  -3,20001e+00
          1084   1,08400e-01  -1,18198e+00   5,96784e+00  -3,59998e+00
          1085   1,08500e-01  -1,17777e+00   5,65554e+00  -3,99999e+00
          1086   1,08600e-01  -1,17361e+00   5,34299e+00  -4,40000e+00
          1087   1,08700e-01  -1,16947e+00   5,03361e+00  -4,80000e+00
          1088   1,08800e-01  -1,16508e+00   4,72910e+00  -5,19998e+00
          1089   1,08900e-01  -1,16073e+00   4,42265e+00  -5,59999e+00
          1090   1,09000e-01  -1,15643e+00   4,10916e+00  -6,00000e+00
          1091   1,09100e-01  -1,15207e+00   3,80395e+00  -6,40000e+00
          1092   1,09200e-01  -1,14763e+00   3,50363e+00  -6,80001e+00
          1093   1,09300e-01  -1,14324e+00   3,19284e+00  -7,19999e+00
          1094   1,09400e-01  -1,13891e+00   2,88694e+00  -7,59999e+00
          1095   1,09500e-01  -1,13470e+00   2,58765e+00  -8,00000e+00
          1096   1,09600e-01  -1,13058e+00   2,28814e+00  -8,40001e+00
          1097   1,09700e-01  -1,12643e+00   1,98497e+00  -8,79998e+00
          1098   1,09800e-01  -1,12235e+00   1,68672e+00  -9,19999e+00
          1099   1,09900e-01  -1,11825e+00   1,38653e+00  -9,60000e+00
          1100   1,10000e-01  -1,11420e+00   1,08267e+00  -1,00000e+01
          1101   1,10100e-01  -1,11007e+00   7,85463e-01  -1,04000e+01
          1102   1,10200e-01  -1,10598e+00   4,88030e-01  -1,08000e+01
          1103   1,10300e-01  -1,10187e+00   1,90374e-01  -1,12000e+01
          1104   1,10400e-01  -1,09789e+00  -1,04061e-01  -1,16000e+01
          1105   1,10500e-01  -1,09377e+00  -4,00440e-01  -1,20000e+01
          1106   1,10600e-01  -1,08964e+00  -6,93592e-01  -1,24000e+01
          1107   1,10700e-01  -1,08537e+00  -9,83509e-01  -1,28000e+01
          1108   1,10800e-01  -1,08116e+00  -1,27710e+00  -1,32000e+01
          1109   1,10900e-01  -1,07710e+00  -1,56745e+00  -1,36000e+01
          1110   1,11000e-01  -1,07310e+00  -1,85802e+00  -1,40000e+01
          1111   1,11100e-01  -1,06898e+00  -2,14880e+00  -1,44000e+01
          1112   1,11200e-01  -1,06491e+00  -2,43633e+00  -1,48000e+01
          1113   1,11300e-01  -1,06082e+00  -2,72235e+00  -1,52000e+01
          1114   1,11400e-01  -1,05663e+00  -3,01204e+00  -1,56000e+01
          1115   1,11500e-01  -1,05246e+00  -3,29501e+00  -1,60000e+01
          1116   1,11600e-01  -1,04839e+00  -3,58513e+00  -1,64000e+01
          1117   1,11700e-01  -1,04439e+00  -3,87199e+00  -1,68000e+01
          1118   1,11800e-01  -1,04049e+00  -4,15036e+00  -1,72000e+01
          1119   1,11900e-01  -1,03663e+00  -4,43242e+00  -1,76000e+01
          1120   1,12000e-01  -1,03282e+00  -4,71294e+00  -1,80000e+01
          1121   1,12100e-01  -1,02902e+00  -4,99367e+00  -1,84000e+01
          1122   1,12200e-01  -1,02542e+00  -5,27984e+00  -1,88000e+01
          1123   1,12300e-01  -1,02189e+00  -5,55924e+00  -1,92000e+01
          1124   1,12400e-01  -1,01826e+00  -5,83709e+00  -1,96000e+01
          1125   1,12500e-01  -1,01456e+00  -6,11340e+00  -2,00000e+01
          1126   1,12600e-01  -1,01091e+00  -6,39516e+00  -2,04000e+01
          1127   1,12700e-01  -1,00719e+00  -6,66837e+00  -2,08000e+01
          1128   1,12800e-01  -1,00341e+00  -6,94703e+00  -2,12000e+01
          1129   1,12900e-01  -9,99569e-01  -7,22240e+00  -2,16000e+01
          1130   1,13000e-01  -9,95690e-01  -7,49796e+00  -2,20000e+01
          1131   1,13100e-01  -9,91836e-01  -7,76846e+00  -2,24000e+01
          1132   1,13200e-01  -9,88076e-01  -8,03915e+00  -2,28000e+01
          1133   1,13300e-01  -9,84474e-01  -8,31355e+00  -2,32000e+01
          1134   1,13400e-01  -9,80927e-01  -8,58463e+00  -2,36000e+01
          1135   1,13500e-01  -9,77301e-01  -8,85767e+00  -2,40000e+01
          1136   1,13600e-01  -9,73719e-01  -9,12033e+00  -2,44000e+01
          1137   1,13700e-01  -9,70237e-01  -9,39377e+00  -2,48000e+01
          1138   1,13800e-01  -9,66631e-01  -9,65504e+00  -2,52000e+01
          1139   1,13900e-01  -9,62984e-01  -9,92532e+00  -2,56000e+01
          1140   1,14000e-01  -9,59250e-01  -1,01905e+01  -2,60000e+01
          1141   1,14100e-01  -9,55598e-01  -1,04577e+01  -2,64000e+01
          1142   1,14200e-01  -9,51897e-01  -1,07250e+01  -2,68000e+01
          1143   1,14300e-01  -9,48324e-01  -1,09890e+01  -2,72000e+01
          1144   1,14400e-01  -9,44842e-01  -1,12460e+01  -2,76000e+01
          1145   1,14500e-01  -9,41384e-01  -1,15140e+01  -2,80000e+01
          1146   1,14600e-01  -9,38007e-01  -1,17750e+01  -2,84000e+01
          1147   1,14700e-01  -9,34534e-01  -1,20379e+01  -2,88000e+01
          1148   1,14800e-01  -9,31206e-01  -1,22975e+01  -2,92000e+01
          1149   1,14900e-01  -9,27911e-01  -1,25573e+01  -2,96000e+01
          1150   1,15000e-01  -9,24530e-01  -1,28155e+01  -3,00000e+01
          1151   1,15100e-01  -9,21164e-01  -1,30703e+01  -3,04000e+01
          1152   1,15200e-01  -9,17850e-01  -1,33288e+01  -3,08000e+01
          1153   1,15300e-01  -9,14515e-01  -1,35929e+01  -3,12000e+01
          1154   1,15400e-01  -9,11185e-01  -1,38465e+01  -3,16000e+01
          1155   1,15500e-01  -9,07789e-01  -1,41020e+01  -3,20000e+01
          1156   1,15600e-01  -9,04390e-01  -1,43559e+01  -3,24000e+01
          1157   1,15700e-01  -9,00852e-01  -1,46136e+01  -3,28000e+01
          1158   1,15800e-01  -8,97357e-01  -1,48625e+01  -3,32000e+01
          1159   1,15900e-01  -8,93887e-01  -1,51133e+01  -3,36000e+01
          1160   1,16000e-01  -8,90460e-01  -1,53644e+01  -3,40000e+01
          1161   1,16100e-01  -8,87201e-01  -1,56174e+01  -3,44000e+01
          1162   1,16200e-01  -8,83948e-01  -1,58652e+01  -3,48000e+01
          1163   1,16300e-01  -8,80683e-01  -1,61168e+01  -3,52000e+01
          1164   1,16400e-01  -8,77514e-01  -1,63649e+01  -3,56000e+01
          1165   1,16500e-01  -8,74243e-01  -1,66132e+01  -3,60000e+01
          1166   1,16600e-01  -8,71067e-01  -1,68599e+01  -3,64000e+01
          1167   1,16700e-01  -8,67825e-01  -1,71068e+01  -3,68000e+01
          1168   1,16800e-01  -8,64572e-01  -1,73502e+01  -3,72000e+01
          1169   1,16900e-01  -8,61343e-01  -1,75992e+01  -3,76000e+01
          1170   1,17000e-01  -8,58172e-01  -1,78412e+01  -3,80000e+01
          1171   1,17100e-01  -8,54875e-01  -1,80887e+01  -3,84000e+01
          1172   1,17200e-01  -8,51690e-01  -1,83311e+01  -3,88000e+01
          1173   1,17300e-01  -8,48388e-01  -1,85717e+01  -3,92000e+01
          1174   1,17400e-01  -8,45092e-01  -1,88107e+01  -3,96000e+01
          1175   1,17500e-01  -8,41741e-01  -1,90571e+01  -4,00000e+01
          1176   1,17600e-01  -8,38414e-01  -1,92928e+01  -4,04000e+01
          1177   1,17700e-01  -8,35215e-01  -1,95342e+01  -4,08000e+01
          1178   1,17800e-01  -8,31953e-01  -1,97738e+01  -4,12000e+01
          1179   1,17900e-01  -8,28802e-01  -2,00118e+01  -4,16000e+01
          1180   1,18000e-01  -8,25639e-01  -2,02500e+01  -4,20000e+01
          1181   1,18100e-01  -8,22379e-01  -2,04865e+01  -4,24000e+01
          1182   1,18200e-01  -8,19219e-01  -2,07232e+01  -4,28000e+01
          1183   1,18300e-01  -8,16273e-01  -2,09564e+01  -4,32000e+01
          1184   1,18400e-01  -8,13522e-01  -2,11934e+01  -4,36000e+01
          1185   1,18500e-01  -8,10827e-01  -2,14288e+01  -4,40000e+01
          1186   1,18600e-01  -8,08042e-01  -2,16624e+01  -4,44000e+01
          1187   1,18700e-01  -8,05312e-01  -2,18908e+01  -4,48000e+01
          1188   1,18800e-01  -8,02460e-01  -2,21248e+01  -4,52000e+01
          1189   1,18900e-01  -7,99560e-01  -2,23534e+01  -4,56000e+01
          1190   1,19000e-01  -7,96607e-01  -2,25877e+01  -4,60000e+01
          1191   1,19100e-01  -7,93564e-01  -2,28167e+01  -4,64000e+01
          1192   1,19200e-01  -7,90605e-01  -2,30477e+01  -4,68000e+01
          1193   1,19300e-01  -7,87693e-01  -2,32788e+01  -4,72000e+01
          1194   1,19400e-01  -7,84828e-01  -2,35009e+01  -4,76000e+01
          1195   1,19500e-01  -7,81910e-01  -2,37304e+01  -4,80000e+01
          1196   1,19600e-01  -7,78938e-01  -2,39565e+01  -4,84000e+01
          1197   1,19700e-01  -7,75921e-01  -2,41827e+01  -4,88000e+01
          1198   1,19800e-01  -7,72943e-01  -2,44091e+01  -4,92000e+01
          1199   1,19900e-01  -7,69912e-01  -2,46356e+01  -4,96000e+01
          1200   1,20000e-01  -7,66762e-01  -2,48604e+01  -5,00000e+01
          1201   1,20100e-01  -7,63743e-01  -2,50817e+01  -5,04000e+01
          1202   1,20200e-01  -7,60797e-01  -2,53050e+01  -5,08000e+01
          1203   1,20300e-01  -7,58056e-01  -2,55265e+01  -5,12000e+01
          1204   1,20400e-01  -7,55353e-01  -2,57446e+01  -5,16000e+01
          1205   1,20500e-01  -7,52622e-01  -2,59701e+01  -5,20000e+01
          1206   1,20600e-01  -7,49928e-01  -2,61884e+01  -5,24000e+01
          1207   1,20700e-01  -7,47165e-01  -2,64069e+01  -5,28000e+01
          1208   1,20800e-01  -7,44152e-01  -2,66310e+01  -5,32000e+01
          1209   1,20900e-01  -7,41210e-01  -2,68498e+01  -5,36000e+01
          1210   1,21000e-01  -7,38184e-01  -2,70631e+01  -5,40000e+01
          1211   1,21100e-01  -7,35311e-01  -2,72803e+01  -5,44000e+01
          1212   1,21200e-01  -7,32322e-01  -2,74976e+01  -5,48000e+01
          1213   1,21300e-01  -7,29451e-01  -2,77132e+01  -5,52000e+01
          1214   1,21400e-01  -7,26661e-01  -2,79289e+01  -5,56000e+01
          1215   1,21500e-01  -7,23908e-01  -2,81448e+01  -5,60000e+01
          1216   1,21600e-01  -7,21030e-01  -2,83589e+01  -5,64000e+01
          1217   1,21700e-01  -7,18190e-01  -2,85751e+01  -5,68000e+01
          1218   1,21800e-01  -7,15469e-01  -2,87877e+01  -5,72000e+01
          1219   1,21900e-01  -7,12842e-01  -2,90004e+01  -5,76000e+01
          1220   1,22000e-01  -7,10300e-01  -2,92114e+01  -5,80000e+01
          1221   1,22100e-01  -7,07834e-01  -2,94225e+01  -5,84000e+01
          1222   1,22200e-01  -7,05341e-01  -2,96337e+01  -5,88000e+01
          1223   1,22300e-01  -7,02957e-01  -2,98432e+01  -5,92000e+01
          1224   1,22400e-01  -7,00544e-01  -3,00473e+01  -5,96000e+01
          1225   1,22500e-01  -6,98112e-01  -3,02589e+01  -6,00000e+01
          1226   1,22600e-01  -6,95651e-01  -3,04670e+01  -6,04000e+01
          1227   1,22700e-01  -6,93052e-01  -3,06770e+01  -6,08000e+01
          1228   1,22800e-01  -6,90489e-01  -3,08816e+01  -6,12000e+01
          1229   1,22900e-01  -6,87820e-01  -3,10919e+01  -6,16000e+01
          1230   1,23000e-01  -6,85252e-01  -3,12911e+01  -6,20000e+01
          1231   1,23100e-01  -6,82592e-01  -3,14960e+01  -6,24000e+01
          1232   1,23200e-01  -6,79907e-01  -3,17030e+01  -6,28000e+01
          1233   1,23300e-01  -6,77101e-01  -3,19063e+01  -6,32000e+01
          1234   1,23400e-01  -6,74418e-01  -3,21079e+01  -6,36000e+01
          1235   1,23500e-01  -6,71670e-01  -3,23114e+01  -6,40000e+01
          1236   1,23600e-01  -6,68959e-01  -3,25114e+01  -6,44000e+01
          1237   1,23700e-01  -6,66276e-01  -3,27114e+01  -6,48000e+01
          1238   1,23800e-01  -6,63630e-01  -3,29135e+01  -6,52000e+01
          1239   1,23900e-01  -6,60997e-01  -3,31138e+01  -6,56000e+01
          1240   1,24000e-01  -6,58439e-01  -3,33142e+01  -6,60000e+01
          1241   1,24100e-01  -6,56033e-01  -3,35129e+01  -6,64000e+01
          1242   1,24200e-01  -6,53630e-01  -3,37098e+01  -6,68000e+01
          1243   1,24300e-01  -6,51155e-01  -3,39049e+01  -6,72000e+01
          1244   1,24400e-01  -6,48808e-01  -3,41078e+01  -6,76000e+01
          1245   1,24500e-01  -6,46343e-01  -3,43031e+01  -6,80000e+01
          1246   1,24600e-01  -6,43973e-01  -3,44967e+01  -6,84000e+01
          1247   1,24700e-01  -6,41639e-01  -3,46961e+01  -6,88000e+01
          1248   1,24800e-01  -6,39385e-01  -3,48824e+01  -6,92000e+01
          1249   1,24900e-01  -6,36982e-01  -3,50801e+01  -6,96000e+01
          1250   1,25000e-01  -6,34584e-01  -3,52780e+01  -7,00000e+01
          1251   1,25100e-01  -6,32160e-01  -3,54703e+01  -7,04000e+01
          1252   1,25200e-01  -6,29809e-01  -3,56627e+01  -7,08000e+01
          1253   1,25300e-01  -6,27523e-01  -3,58590e+01  -7,12000e+01
          1254   1,25400e-01  -6,25240e-01  -3,60516e+01  -7,16000e+01
          1255   1,25500e-01  -6,22992e-01  -3,62406e+01  -7,20000e+01
          1256   1,25600e-01  -6,20582e-01  -3,64296e+01  -7,24000e+01
          1257   1,25700e-01  -6,18237e-01  -3,66264e+01  -7,28000e+01
          1258   1,25800e-01  -6,15889e-01  -3,68062e+01  -7,32000e+01
          1259   1,25900e-01  -6,13560e-01  -3,69956e+01  -7,36000e+01
          1260   1,26000e-01  -6,11281e-01  -3,71889e+01  -7,40000e+01
          1261   1,26100e-01  -6,08989e-01  -3,73747e+01  -7,44000e+01
          1262   1,26200e-01  -6,06658e-01  -3,75606e+01  -7,48000e+01
          1263   1,26300e-01  -6,04271e-01  -3,77485e+01  -7,52000e+01
          1264   1,26400e-01  -6,01905e-01  -3,79308e+01  -7,56000e+01
          1265   1,26500e-01  -5,99588e-01  -3,81228e+01  -7,60000e+01
          1266   1,26600e-01  -5,97193e-01  -3,83054e+01  -7,64000e+01
          1267   1,26700e-01  -5,94729e-01  -3,84860e+01  -7,68000e+01
          1268   1,26800e-01  -5,92242e-01  -3,86765e+01  -7,72000e+01
          1269   1,26900e-01  -5,89743e-01  -3,88555e+01  -7,76000e+01
          1270   1,27000e-01  -5,87361e-01  -3,90384e+01  -7,80000e+01
          1271   1,27100e-01  -5,85042e-01  -3,92195e+01  -7,84000e+01
          1272   1,27200e-01  -5,82639e-01  -3,94066e+01  -7,88000e+01
          1273   1,27300e-01  -5,80284e-01  -3,95860e+01  -7,92000e+01
          1274   1,27400e-01  -5,77890e-01  -3,97636e+01  -7,96000e+01
$ISTI23 90815 Jos_usf2_coolings_2000_4000_6000_8000_10000
