         Index             t     Heat Flow            Ts            Tr
           [#]           [s]          [mW]          [°C]          [°C]
             0   0,00000e+00   4,41024e-01   4,29806e+02   4,30000e+02
             1   1,00000e-04   4,38214e-01   4,29798e+02   4,29200e+02
             2   2,00000e-04   4,39517e-01   4,29777e+02   4,28400e+02
             3   3,00000e-04   4,47294e-01   4,29729e+02   4,27600e+02
             4   4,00000e-04   4,57389e-01   4,29655e+02   4,26800e+02
             5   5,00000e-04   4,60929e-01   4,29513e+02   4,26000e+02
             6   6,00000e-04   4,50217e-01   4,29296e+02   4,25200e+02
             7   7,00000e-04   4,23703e-01   4,28993e+02   4,24400e+02
             8   8,00000e-04   3,85758e-01   4,28627e+02   4,23600e+02
             9   9,00000e-04   3,43693e-01   4,28214e+02   4,22800e+02
            10   1,00000e-03   3,03333e-01   4,27774e+02   4,22000e+02
            11   1,10000e-03   2,66715e-01   4,27324e+02   4,21200e+02
            12   1,20000e-03   2,34374e-01   4,26860e+02   4,20400e+02
            13   1,30000e-03   2,06107e-01   4,26364e+02   4,19600e+02
            14   1,40000e-03   1,80857e-01   4,25828e+02   4,18800e+02
            15   1,50000e-03   1,57262e-01   4,25259e+02   4,18000e+02
            16   1,60000e-03   1,33809e-01   4,24655e+02   4,17200e+02
            17   1,70000e-03   1,09272e-01   4,24038e+02   4,16400e+02
            18   1,80000e-03   8,26964e-02   4,23412e+02   4,15600e+02
            19   1,90000e-03   5,32564e-02   4,22778e+02   4,14800e+02
            20   2,00000e-03   1,98155e-02   4,22134e+02   4,14000e+02
            21   2,10000e-03  -1,91442e-02   4,21478e+02   4,13200e+02
            22   2,20000e-03  -6,52364e-02   4,20803e+02   4,12400e+02
            23   2,30000e-03  -1,19619e-01   4,20117e+02   4,11600e+02
            24   2,40000e-03  -1,82486e-01   4,19411e+02   4,10800e+02
            25   2,50000e-03  -2,52965e-01   4,18701e+02   4,10000e+02
            26   2,60000e-03  -3,29830e-01   4,17985e+02   4,09200e+02
            27   2,70000e-03  -4,11597e-01   4,17269e+02   4,08400e+02
            28   2,80000e-03  -4,97090e-01   4,16545e+02   4,07600e+02
            29   2,90000e-03  -5,85447e-01   4,15815e+02   4,06800e+02
            30   3,00000e-03  -6,75588e-01   4,15077e+02   4,06000e+02
            31   3,10000e-03  -7,66104e-01   4,14335e+02   4,05200e+02
            32   3,20000e-03  -8,54877e-01   4,13581e+02   4,04400e+02
            33   3,30000e-03  -9,39858e-01   4,12828e+02   4,03600e+02
            34   3,40000e-03  -1,01917e+00   4,12074e+02   4,02800e+02
            35   3,50000e-03  -1,09230e+00   4,11316e+02   4,02000e+02
            36   3,60000e-03  -1,15949e+00   4,10555e+02   4,01200e+02
            37   3,70000e-03  -1,22139e+00   4,09797e+02   4,00400e+02
            38   3,80000e-03  -1,27926e+00   4,09028e+02   3,99600e+02
            39   3,90000e-03  -1,33377e+00   4,08257e+02   3,98800e+02
            40   4,00000e-03  -1,38577e+00   4,07486e+02   3,98000e+02
            41   4,10000e-03  -1,43629e+00   4,06711e+02   3,97200e+02
            42   4,20000e-03  -1,48597e+00   4,05934e+02   3,96400e+02
            43   4,30000e-03  -1,53572e+00   4,05157e+02   3,95600e+02
            44   4,40000e-03  -1,58605e+00   4,04381e+02   3,94800e+02
            45   4,50000e-03  -1,63806e+00   4,03598e+02   3,94000e+02
            46   4,60000e-03  -1,69198e+00   4,02819e+02   3,93200e+02
            47   4,70000e-03  -1,74789e+00   4,02039e+02   3,92400e+02
            48   4,80000e-03  -1,80556e+00   4,01255e+02   3,91600e+02
            49   4,90000e-03  -1,86431e+00   4,00471e+02   3,90800e+02
            50   5,00000e-03  -1,92363e+00   3,99683e+02   3,90000e+02
            51   5,10000e-03  -1,98285e+00   3,98898e+02   3,89200e+02
            52   5,20000e-03  -2,04089e+00   3,98112e+02   3,88400e+02
            53   5,30000e-03  -2,09733e+00   3,97326e+02   3,87600e+02
            54   5,40000e-03  -2,15186e+00   3,96540e+02   3,86800e+02
            55   5,50000e-03  -2,20407e+00   3,95753e+02   3,86000e+02
            56   5,60000e-03  -2,25363e+00   3,94960e+02   3,85200e+02
            57   5,70000e-03  -2,30003e+00   3,94171e+02   3,84400e+02
            58   5,80000e-03  -2,34361e+00   3,93379e+02   3,83600e+02
            59   5,90000e-03  -2,38406e+00   3,92592e+02   3,82800e+02
            60   6,00000e-03  -2,42171e+00   3,91801e+02   3,82000e+02
            61   6,10000e-03  -2,45690e+00   3,91010e+02   3,81200e+02
            62   6,20000e-03  -2,49047e+00   3,90215e+02   3,80400e+02
            63   6,30000e-03  -2,52223e+00   3,89426e+02   3,79600e+02
            64   6,40000e-03  -2,55326e+00   3,88633e+02   3,78800e+02
            65   6,50000e-03  -2,58436e+00   3,87842e+02   3,78000e+02
            66   6,60000e-03  -2,61560e+00   3,87048e+02   3,77200e+02
            67   6,70000e-03  -2,64704e+00   3,86253e+02   3,76400e+02
            68   6,80000e-03  -2,67868e+00   3,85459e+02   3,75600e+02
            69   6,90000e-03  -2,71020e+00   3,84669e+02   3,74800e+02
            70   7,00000e-03  -2,74203e+00   3,83873e+02   3,74000e+02
            71   7,10000e-03  -2,77423e+00   3,83084e+02   3,73200e+02
            72   7,20000e-03  -2,80679e+00   3,82288e+02   3,72400e+02
            73   7,30000e-03  -2,83913e+00   3,81492e+02   3,71600e+02
            74   7,40000e-03  -2,87115e+00   3,80696e+02   3,70800e+02
            75   7,50000e-03  -2,90254e+00   3,79904e+02   3,70000e+02
            76   7,60000e-03  -2,93291e+00   3,79106e+02   3,69200e+02
            77   7,70000e-03  -2,96182e+00   3,78312e+02   3,68400e+02
            78   7,80000e-03  -2,98888e+00   3,77519e+02   3,67600e+02
            79   7,90000e-03  -3,01426e+00   3,76726e+02   3,66800e+02
            80   8,00000e-03  -3,03791e+00   3,75930e+02   3,66000e+02
            81   8,10000e-03  -3,06056e+00   3,75133e+02   3,65200e+02
            82   8,20000e-03  -3,08236e+00   3,74340e+02   3,64400e+02
            83   8,30000e-03  -3,10361e+00   3,73542e+02   3,63600e+02
            84   8,40000e-03  -3,12454e+00   3,72746e+02   3,62800e+02
            85   8,50000e-03  -3,14518e+00   3,71947e+02   3,62000e+02
            86   8,60000e-03  -3,16518e+00   3,71152e+02   3,61200e+02
            87   8,70000e-03  -3,18494e+00   3,70358e+02   3,60400e+02
            88   8,80000e-03  -3,20404e+00   3,69562e+02   3,59600e+02
            89   8,90000e-03  -3,22295e+00   3,68766e+02   3,58800e+02
            90   9,00000e-03  -3,24153e+00   3,67969e+02   3,58000e+02
            91   9,10000e-03  -3,25973e+00   3,67173e+02   3,57200e+02
            92   9,20000e-03  -3,27793e+00   3,66377e+02   3,56400e+02
            93   9,30000e-03  -3,29616e+00   3,65580e+02   3,55600e+02
            94   9,40000e-03  -3,31441e+00   3,64786e+02   3,54800e+02
            95   9,50000e-03  -3,33281e+00   3,63991e+02   3,54000e+02
            96   9,60000e-03  -3,35097e+00   3,63192e+02   3,53200e+02
            97   9,70000e-03  -3,36900e+00   3,62392e+02   3,52400e+02
            98   9,80000e-03  -3,38660e+00   3,61599e+02   3,51600e+02
            99   9,90000e-03  -3,40399e+00   3,60802e+02   3,50800e+02
           100   1,00000e-02  -3,42047e+00   3,60001e+02   3,50000e+02
           101   1,01000e-02  -3,43634e+00   3,59208e+02   3,49200e+02
           102   1,02000e-02  -3,45163e+00   3,58412e+02   3,48400e+02
           103   1,03000e-02  -3,46607e+00   3,57614e+02   3,47600e+02
           104   1,04000e-02  -3,47974e+00   3,56817e+02   3,46800e+02
           105   1,05000e-02  -3,49275e+00   3,56018e+02   3,46000e+02
           106   1,06000e-02  -3,50521e+00   3,55221e+02   3,45200e+02
           107   1,07000e-02  -3,51725e+00   3,54427e+02   3,44400e+02
           108   1,08000e-02  -3,52910e+00   3,53628e+02   3,43600e+02
           109   1,09000e-02  -3,54073e+00   3,52828e+02   3,42800e+02
           110   1,10000e-02  -3,55227e+00   3,52033e+02   3,42000e+02
           111   1,11000e-02  -3,56386e+00   3,51236e+02   3,41200e+02
           112   1,12000e-02  -3,57531e+00   3,50443e+02   3,40400e+02
           113   1,13000e-02  -3,58692e+00   3,49643e+02   3,39600e+02
           114   1,14000e-02  -3,59861e+00   3,48849e+02   3,38800e+02
           115   1,15000e-02  -3,61026e+00   3,48048e+02   3,38000e+02
           116   1,16000e-02  -3,62177e+00   3,47253e+02   3,37200e+02
           117   1,17000e-02  -3,63327e+00   3,46452e+02   3,36400e+02
           118   1,18000e-02  -3,64427e+00   3,45657e+02   3,35600e+02
           119   1,19000e-02  -3,65525e+00   3,44860e+02   3,34800e+02
           120   1,20000e-02  -3,66581e+00   3,44061e+02   3,34000e+02
           121   1,21000e-02  -3,67612e+00   3,43263e+02   3,33200e+02
           122   1,22000e-02  -3,68650e+00   3,42467e+02   3,32400e+02
           123   1,23000e-02  -3,69637e+00   3,41669e+02   3,31600e+02
           124   1,24000e-02  -3,70591e+00   3,40871e+02   3,30800e+02
           125   1,25000e-02  -3,71501e+00   3,40075e+02   3,30000e+02
           126   1,26000e-02  -3,72383e+00   3,39276e+02   3,29200e+02
           127   1,27000e-02  -3,73266e+00   3,38476e+02   3,28400e+02
           128   1,28000e-02  -3,74116e+00   3,37680e+02   3,27600e+02
           129   1,29000e-02  -3,74914e+00   3,36883e+02   3,26800e+02
           130   1,30000e-02  -3,75684e+00   3,36088e+02   3,26000e+02
           131   1,31000e-02  -3,76454e+00   3,35291e+02   3,25200e+02
           132   1,32000e-02  -3,77217e+00   3,34493e+02   3,24400e+02
           133   1,33000e-02  -3,78011e+00   3,33695e+02   3,23600e+02
           134   1,34000e-02  -3,78859e+00   3,32898e+02   3,22800e+02
           135   1,35000e-02  -3,79703e+00   3,32101e+02   3,22000e+02
           136   1,36000e-02  -3,80528e+00   3,31302e+02   3,21200e+02
           137   1,37000e-02  -3,81339e+00   3,30504e+02   3,20400e+02
           138   1,38000e-02  -3,82090e+00   3,29704e+02   3,19600e+02
           139   1,39000e-02  -3,82821e+00   3,28910e+02   3,18800e+02
           140   1,40000e-02  -3,83534e+00   3,28110e+02   3,18000e+02
           141   1,41000e-02  -3,84183e+00   3,27312e+02   3,17200e+02
           142   1,42000e-02  -3,84796e+00   3,26517e+02   3,16400e+02
           143   1,43000e-02  -3,85428e+00   3,25718e+02   3,15600e+02
           144   1,44000e-02  -3,86012e+00   3,24921e+02   3,14800e+02
           145   1,45000e-02  -3,86620e+00   3,24119e+02   3,14000e+02
           146   1,46000e-02  -3,87231e+00   3,23323e+02   3,13200e+02
           147   1,47000e-02  -3,87872e+00   3,22525e+02   3,12400e+02
           148   1,48000e-02  -3,88508e+00   3,21728e+02   3,11600e+02
           149   1,49000e-02  -3,89110e+00   3,20931e+02   3,10800e+02
           150   1,50000e-02  -3,89724e+00   3,20132e+02   3,10000e+02
           151   1,51000e-02  -3,90294e+00   3,19337e+02   3,09200e+02
           152   1,52000e-02  -3,90858e+00   3,18540e+02   3,08400e+02
           153   1,53000e-02  -3,91452e+00   3,17742e+02   3,07600e+02
           154   1,54000e-02  -3,92053e+00   3,16946e+02   3,06800e+02
           155   1,55000e-02  -3,92665e+00   3,16146e+02   3,06000e+02
           156   1,56000e-02  -3,93263e+00   3,15351e+02   3,05200e+02
           157   1,57000e-02  -3,93867e+00   3,14552e+02   3,04400e+02
           158   1,58000e-02  -3,94468e+00   3,13753e+02   3,03600e+02
           159   1,59000e-02  -3,95035e+00   3,12956e+02   3,02800e+02
           160   1,60000e-02  -3,95627e+00   3,12160e+02   3,02000e+02
           161   1,61000e-02  -3,96210e+00   3,11362e+02   3,01200e+02
           162   1,62000e-02  -3,96858e+00   3,10563e+02   3,00400e+02
           163   1,63000e-02  -3,97532e+00   3,09765e+02   2,99600e+02
           164   1,64000e-02  -3,98317e+00   3,08966e+02   2,98800e+02
           165   1,65000e-02  -3,99126e+00   3,08168e+02   2,98000e+02
           166   1,66000e-02  -3,99955e+00   3,07371e+02   2,97200e+02
           167   1,67000e-02  -4,00755e+00   3,06574e+02   2,96400e+02
           168   1,68000e-02  -4,01544e+00   3,05774e+02   2,95600e+02
           169   1,69000e-02  -4,02288e+00   3,04979e+02   2,94800e+02
           170   1,70000e-02  -4,03040e+00   3,04181e+02   2,94000e+02
           171   1,71000e-02  -4,03876e+00   3,03382e+02   2,93200e+02
           172   1,72000e-02  -4,04782e+00   3,02585e+02   2,92400e+02
           173   1,73000e-02  -4,05820e+00   3,01789e+02   2,91600e+02
           174   1,74000e-02  -4,07016e+00   3,00993e+02   2,90800e+02
           175   1,75000e-02  -4,08368e+00   3,00196e+02   2,90000e+02
           176   1,76000e-02  -4,09805e+00   2,99398e+02   2,89200e+02
           177   1,77000e-02  -4,11346e+00   2,98600e+02   2,88400e+02
           178   1,78000e-02  -4,12998e+00   2,97807e+02   2,87600e+02
           179   1,79000e-02  -4,14736e+00   2,97007e+02   2,86800e+02
           180   1,80000e-02  -4,16520e+00   2,96210e+02   2,86000e+02
           181   1,81000e-02  -4,18295e+00   2,95414e+02   2,85200e+02
           182   1,82000e-02  -4,20054e+00   2,94618e+02   2,84400e+02
           183   1,83000e-02  -4,21752e+00   2,93820e+02   2,83600e+02
           184   1,84000e-02  -4,23363e+00   2,93020e+02   2,82800e+02
           185   1,85000e-02  -4,24828e+00   2,92225e+02   2,82000e+02
           186   1,86000e-02  -4,26116e+00   2,91432e+02   2,81200e+02
           187   1,87000e-02  -4,27204e+00   2,90631e+02   2,80400e+02
           188   1,88000e-02  -4,28088e+00   2,89835e+02   2,79600e+02
           189   1,89000e-02  -4,28796e+00   2,89035e+02   2,78800e+02
           190   1,90000e-02  -4,29459e+00   2,88241e+02   2,78000e+02
           191   1,91000e-02  -4,30123e+00   2,87444e+02   2,77200e+02
           192   1,92000e-02  -4,30781e+00   2,86645e+02   2,76400e+02
           193   1,93000e-02  -4,31479e+00   2,85848e+02   2,75600e+02
           194   1,94000e-02  -4,32184e+00   2,85053e+02   2,74800e+02
           195   1,95000e-02  -4,32894e+00   2,84251e+02   2,74000e+02
           196   1,96000e-02  -4,33648e+00   2,83456e+02   2,73200e+02
           197   1,97000e-02  -4,34419e+00   2,82660e+02   2,72400e+02
           198   1,98000e-02  -4,35199e+00   2,81864e+02   2,71600e+02
           199   1,99000e-02  -4,35998e+00   2,81065e+02   2,70800e+02
           200   2,00000e-02  -4,36746e+00   2,80266e+02   2,70000e+02
           201   2,01000e-02  -4,37477e+00   2,79469e+02   2,69200e+02
           202   2,02000e-02  -4,38139e+00   2,78674e+02   2,68400e+02
           203   2,03000e-02  -4,38781e+00   2,77877e+02   2,67600e+02
           204   2,04000e-02  -4,39364e+00   2,77079e+02   2,66800e+02
           205   2,05000e-02  -4,39830e+00   2,76280e+02   2,66000e+02
           206   2,06000e-02  -4,40212e+00   2,75484e+02   2,65200e+02
           207   2,07000e-02  -4,40453e+00   2,74685e+02   2,64400e+02
           208   2,08000e-02  -4,40609e+00   2,73886e+02   2,63600e+02
           209   2,09000e-02  -4,40694e+00   2,73089e+02   2,62800e+02
           210   2,10000e-02  -4,40752e+00   2,72295e+02   2,62000e+02
           211   2,11000e-02  -4,40835e+00   2,71492e+02   2,61200e+02
           212   2,12000e-02  -4,40913e+00   2,70700e+02   2,60400e+02
           213   2,13000e-02  -4,41047e+00   2,69902e+02   2,59600e+02
           214   2,14000e-02  -4,41189e+00   2,69106e+02   2,58800e+02
           215   2,15000e-02  -4,41359e+00   2,68305e+02   2,58000e+02
           216   2,16000e-02  -4,41566e+00   2,67510e+02   2,57200e+02
           217   2,17000e-02  -4,41786e+00   2,66710e+02   2,56400e+02
           218   2,18000e-02  -4,41993e+00   2,65909e+02   2,55600e+02
           219   2,19000e-02  -4,42150e+00   2,65115e+02   2,54800e+02
           220   2,20000e-02  -4,42207e+00   2,64318e+02   2,54000e+02
           221   2,21000e-02  -4,42239e+00   2,63521e+02   2,53200e+02
           222   2,22000e-02  -4,42217e+00   2,62723e+02   2,52400e+02
           223   2,23000e-02  -4,42089e+00   2,61924e+02   2,51600e+02
           224   2,24000e-02  -4,41880e+00   2,61127e+02   2,50800e+02
           225   2,25000e-02  -4,41547e+00   2,60327e+02   2,50000e+02
           226   2,26000e-02  -4,41193e+00   2,59532e+02   2,49200e+02
           227   2,27000e-02  -4,40795e+00   2,58734e+02   2,48400e+02
           228   2,28000e-02  -4,40358e+00   2,57938e+02   2,47600e+02
           229   2,29000e-02  -4,39870e+00   2,57141e+02   2,46800e+02
           230   2,30000e-02  -4,39368e+00   2,56341e+02   2,46000e+02
           231   2,31000e-02  -4,38837e+00   2,55542e+02   2,45200e+02
           232   2,32000e-02  -4,38323e+00   2,54748e+02   2,44400e+02
           233   2,33000e-02  -4,37926e+00   2,53951e+02   2,43600e+02
           234   2,34000e-02  -4,37569e+00   2,53151e+02   2,42800e+02
           235   2,35000e-02  -4,37269e+00   2,52352e+02   2,42000e+02
           236   2,36000e-02  -4,37007e+00   2,51554e+02   2,41200e+02
           237   2,37000e-02  -4,36780e+00   2,50756e+02   2,40400e+02
           238   2,38000e-02  -4,36522e+00   2,49961e+02   2,39600e+02
           239   2,39000e-02  -4,36244e+00   2,49162e+02   2,38800e+02
           240   2,40000e-02  -4,35907e+00   2,48365e+02   2,38000e+02
           241   2,41000e-02  -4,35492e+00   2,47567e+02   2,37200e+02
           242   2,42000e-02  -4,35061e+00   2,46769e+02   2,36400e+02
           243   2,43000e-02  -4,34560e+00   2,45970e+02   2,35600e+02
           244   2,44000e-02  -4,33990e+00   2,45176e+02   2,34800e+02
           245   2,45000e-02  -4,33319e+00   2,44378e+02   2,34000e+02
           246   2,46000e-02  -4,32609e+00   2,43579e+02   2,33200e+02
           247   2,47000e-02  -4,31849e+00   2,42781e+02   2,32400e+02
           248   2,48000e-02  -4,31064e+00   2,41987e+02   2,31600e+02
           249   2,49000e-02  -4,30278e+00   2,41189e+02   2,30800e+02
           250   2,50000e-02  -4,29548e+00   2,40388e+02   2,30000e+02
           251   2,51000e-02  -4,28893e+00   2,39590e+02   2,29200e+02
           252   2,52000e-02  -4,28306e+00   2,38796e+02   2,28400e+02
           253   2,53000e-02  -4,27771e+00   2,37997e+02   2,27600e+02
           254   2,54000e-02  -4,27339e+00   2,37199e+02   2,26800e+02
           255   2,55000e-02  -4,26895e+00   2,36405e+02   2,26000e+02
           256   2,56000e-02  -4,26479e+00   2,35605e+02   2,25200e+02
           257   2,57000e-02  -4,26031e+00   2,34809e+02   2,24400e+02
           258   2,58000e-02  -4,25641e+00   2,34009e+02   2,23600e+02
           259   2,59000e-02  -4,25251e+00   2,33215e+02   2,22800e+02
           260   2,60000e-02  -4,24857e+00   2,32420e+02   2,22000e+02
           261   2,61000e-02  -4,24460e+00   2,31624e+02   2,21200e+02
           262   2,62000e-02  -4,23952e+00   2,30824e+02   2,20400e+02
           263   2,63000e-02  -4,23375e+00   2,30026e+02   2,19600e+02
           264   2,64000e-02  -4,22741e+00   2,29228e+02   2,18800e+02
           265   2,65000e-02  -4,22079e+00   2,28431e+02   2,18000e+02
           266   2,66000e-02  -4,21431e+00   2,27634e+02   2,17200e+02
           267   2,67000e-02  -4,20801e+00   2,26838e+02   2,16400e+02
           268   2,68000e-02  -4,20162e+00   2,26038e+02   2,15600e+02
           269   2,69000e-02  -4,19507e+00   2,25246e+02   2,14800e+02
           270   2,70000e-02  -4,18879e+00   2,24445e+02   2,14000e+02
           271   2,71000e-02  -4,18225e+00   2,23649e+02   2,13200e+02
           272   2,72000e-02  -4,17609e+00   2,22851e+02   2,12400e+02
           273   2,73000e-02  -4,17013e+00   2,22057e+02   2,11600e+02
           274   2,74000e-02  -4,16439e+00   2,21258e+02   2,10800e+02
           275   2,75000e-02  -4,15897e+00   2,20462e+02   2,10000e+02
           276   2,76000e-02  -4,15366e+00   2,19664e+02   2,09200e+02
           277   2,77000e-02  -4,14867e+00   2,18864e+02   2,08400e+02
           278   2,78000e-02  -4,14409e+00   2,18072e+02   2,07600e+02
           279   2,79000e-02  -4,13962e+00   2,17275e+02   2,06800e+02
           280   2,80000e-02  -4,13460e+00   2,16477e+02   2,06000e+02
           281   2,81000e-02  -4,12944e+00   2,15677e+02   2,05200e+02
           282   2,82000e-02  -4,12386e+00   2,14882e+02   2,04400e+02
           283   2,83000e-02  -4,11780e+00   2,14087e+02   2,03600e+02
           284   2,84000e-02  -4,11119e+00   2,13289e+02   2,02800e+02
           285   2,85000e-02  -4,10461e+00   2,12492e+02   2,02000e+02
           286   2,86000e-02  -4,09792e+00   2,11696e+02   2,01200e+02
           287   2,87000e-02  -4,09130e+00   2,10902e+02   2,00400e+02
           288   2,88000e-02  -4,08481e+00   2,10103e+02   1,99600e+02
           289   2,89000e-02  -4,07788e+00   2,09309e+02   1,98800e+02
           290   2,90000e-02  -4,07098e+00   2,08508e+02   1,98000e+02
           291   2,91000e-02  -4,06424e+00   2,07714e+02   1,97200e+02
           292   2,92000e-02  -4,05806e+00   2,06919e+02   1,96400e+02
           293   2,93000e-02  -4,05247e+00   2,06121e+02   1,95600e+02
           294   2,94000e-02  -4,04780e+00   2,05329e+02   1,94800e+02
           295   2,95000e-02  -4,04417e+00   2,04530e+02   1,94000e+02
           296   2,96000e-02  -4,04081e+00   2,03736e+02   1,93200e+02
           297   2,97000e-02  -4,03684e+00   2,02937e+02   1,92400e+02
           298   2,98000e-02  -4,03262e+00   2,02143e+02   1,91600e+02
           299   2,99000e-02  -4,02765e+00   2,01348e+02   1,90800e+02
           300   3,00000e-02  -4,02201e+00   2,00549e+02   1,90000e+02
           301   3,01000e-02  -4,01609e+00   1,99755e+02   1,89200e+02
           302   3,02000e-02  -4,01006e+00   1,98960e+02   1,88400e+02
           303   3,03000e-02  -4,00355e+00   1,98163e+02   1,87600e+02
           304   3,04000e-02  -3,99734e+00   1,97368e+02   1,86800e+02
           305   3,05000e-02  -3,99140e+00   1,96573e+02   1,86000e+02
           306   3,06000e-02  -3,98595e+00   1,95775e+02   1,85200e+02
           307   3,07000e-02  -3,98116e+00   1,94980e+02   1,84400e+02
           308   3,08000e-02  -3,97668e+00   1,94187e+02   1,83600e+02
           309   3,09000e-02  -3,97178e+00   1,93389e+02   1,82800e+02
           310   3,10000e-02  -3,96633e+00   1,92598e+02   1,82000e+02
           311   3,11000e-02  -3,96121e+00   1,91802e+02   1,81200e+02
           312   3,12000e-02  -3,95632e+00   1,91009e+02   1,80400e+02
           313   3,13000e-02  -3,95134e+00   1,90212e+02   1,79600e+02
           314   3,14000e-02  -3,94643e+00   1,89416e+02   1,78800e+02
           315   3,15000e-02  -3,94168e+00   1,88621e+02   1,78000e+02
           316   3,16000e-02  -3,93697e+00   1,87829e+02   1,77200e+02
           317   3,17000e-02  -3,93222e+00   1,87033e+02   1,76400e+02
           318   3,18000e-02  -3,92740e+00   1,86238e+02   1,75600e+02
           319   3,19000e-02  -3,92302e+00   1,85446e+02   1,74800e+02
           320   3,20000e-02  -3,91878e+00   1,84649e+02   1,74000e+02
           321   3,21000e-02  -3,91464e+00   1,83852e+02   1,73200e+02
           322   3,22000e-02  -3,91053e+00   1,83058e+02   1,72400e+02
           323   3,23000e-02  -3,90607e+00   1,82265e+02   1,71600e+02
           324   3,24000e-02  -3,90147e+00   1,81473e+02   1,70800e+02
           325   3,25000e-02  -3,89693e+00   1,80680e+02   1,70000e+02
           326   3,26000e-02  -3,89243e+00   1,79886e+02   1,69200e+02
           327   3,27000e-02  -3,88740e+00   1,79093e+02   1,68400e+02
           328   3,28000e-02  -3,88195e+00   1,78297e+02   1,67600e+02
           329   3,29000e-02  -3,87670e+00   1,77501e+02   1,66800e+02
           330   3,30000e-02  -3,87151e+00   1,76709e+02   1,66000e+02
           331   3,31000e-02  -3,86653e+00   1,75919e+02   1,65200e+02
           332   3,32000e-02  -3,86147e+00   1,75123e+02   1,64400e+02
           333   3,33000e-02  -3,85595e+00   1,74328e+02   1,63600e+02
           334   3,34000e-02  -3,85009e+00   1,73535e+02   1,62800e+02
           335   3,35000e-02  -3,84432e+00   1,72741e+02   1,62000e+02
           336   3,36000e-02  -3,83941e+00   1,71951e+02   1,61200e+02
           337   3,37000e-02  -3,83509e+00   1,71157e+02   1,60400e+02
           338   3,38000e-02  -3,83103e+00   1,70367e+02   1,59600e+02
           339   3,39000e-02  -3,82760e+00   1,69579e+02   1,58800e+02
           340   3,40000e-02  -3,82442e+00   1,68785e+02   1,58000e+02
           341   3,41000e-02  -3,82114e+00   1,67999e+02   1,57200e+02
           342   3,42000e-02  -3,81772e+00   1,67215e+02   1,56400e+02
           343   3,43000e-02  -3,81358e+00   1,66431e+02   1,55600e+02
           344   3,44000e-02  -3,80877e+00   1,65649e+02   1,54800e+02
           345   3,45000e-02  -3,80325e+00   1,64872e+02   1,54000e+02
           346   3,46000e-02  -3,79667e+00   1,64092e+02   1,53200e+02
           347   3,47000e-02  -3,78902e+00   1,63315e+02   1,52400e+02
           348   3,48000e-02  -3,78070e+00   1,62544e+02   1,51600e+02
           349   3,49000e-02  -3,77215e+00   1,61776e+02   1,50800e+02
           350   3,50000e-02  -3,76311e+00   1,61005e+02   1,50000e+02
           351   3,51000e-02  -3,75382e+00   1,60240e+02   1,49200e+02
           352   3,52000e-02  -3,74453e+00   1,59475e+02   1,48400e+02
           353   3,53000e-02  -3,73524e+00   1,58715e+02   1,47600e+02
           354   3,54000e-02  -3,72581e+00   1,57957e+02   1,46800e+02
           355   3,55000e-02  -3,71677e+00   1,57201e+02   1,46000e+02
           356   3,56000e-02  -3,70773e+00   1,56448e+02   1,45200e+02
           357   3,57000e-02  -3,69901e+00   1,55699e+02   1,44400e+02
           358   3,58000e-02  -3,69042e+00   1,54946e+02   1,43600e+02
           359   3,59000e-02  -3,68201e+00   1,54205e+02   1,42800e+02
           360   3,60000e-02  -3,67372e+00   1,53461e+02   1,42000e+02
           361   3,61000e-02  -3,66541e+00   1,52718e+02   1,41200e+02
           362   3,62000e-02  -3,65706e+00   1,51982e+02   1,40400e+02
           363   3,63000e-02  -3,64800e+00   1,51245e+02   1,39600e+02
           364   3,64000e-02  -3,63859e+00   1,50507e+02   1,38800e+02
           365   3,65000e-02  -3,62853e+00   1,49780e+02   1,38000e+02
           366   3,66000e-02  -3,61800e+00   1,49055e+02   1,37200e+02
           367   3,67000e-02  -3,60721e+00   1,48327e+02   1,36400e+02
           368   3,68000e-02  -3,59654e+00   1,47606e+02   1,35600e+02
           369   3,69000e-02  -3,58562e+00   1,46884e+02   1,34800e+02
           370   3,70000e-02  -3,57474e+00   1,46163e+02   1,34000e+02
           371   3,71000e-02  -3,56358e+00   1,45450e+02   1,33200e+02
           372   3,72000e-02  -3,55264e+00   1,44736e+02   1,32400e+02
           373   3,73000e-02  -3,54159e+00   1,44021e+02   1,31600e+02
           374   3,74000e-02  -3,53022e+00   1,43315e+02   1,30800e+02
           375   3,75000e-02  -3,51833e+00   1,42606e+02   1,30000e+02
           376   3,76000e-02  -3,50580e+00   1,41900e+02   1,29200e+02
           377   3,77000e-02  -3,49332e+00   1,41200e+02   1,28400e+02
           378   3,78000e-02  -3,48087e+00   1,40498e+02   1,27600e+02
           379   3,79000e-02  -3,46901e+00   1,39802e+02   1,26800e+02
           380   3,80000e-02  -3,45735e+00   1,39103e+02   1,26000e+02
           381   3,81000e-02  -3,44585e+00   1,38415e+02   1,25200e+02
           382   3,82000e-02  -3,43418e+00   1,37721e+02   1,24400e+02
           383   3,83000e-02  -3,42246e+00   1,37033e+02   1,23600e+02
           384   3,84000e-02  -3,41106e+00   1,36348e+02   1,22800e+02
           385   3,85000e-02  -3,40014e+00   1,35663e+02   1,22000e+02
           386   3,86000e-02  -3,38909e+00   1,34978e+02   1,21200e+02
           387   3,87000e-02  -3,37785e+00   1,34298e+02   1,20400e+02
           388   3,88000e-02  -3,36667e+00   1,33623e+02   1,19600e+02
           389   3,89000e-02  -3,35516e+00   1,32944e+02   1,18800e+02
           390   3,90000e-02  -3,34328e+00   1,32272e+02   1,18000e+02
           391   3,91000e-02  -3,33100e+00   1,31601e+02   1,17200e+02
           392   3,92000e-02  -3,31846e+00   1,30929e+02   1,16400e+02
           393   3,93000e-02  -3,30550e+00   1,30260e+02   1,15600e+02
           394   3,94000e-02  -3,29215e+00   1,29598e+02   1,14800e+02
           395   3,95000e-02  -3,27893e+00   1,28928e+02   1,14000e+02
           396   3,96000e-02  -3,26572e+00   1,28270e+02   1,13200e+02
           397   3,97000e-02  -3,25260e+00   1,27611e+02   1,12400e+02
           398   3,98000e-02  -3,23958e+00   1,26956e+02   1,11600e+02
           399   3,99000e-02  -3,22682e+00   1,26296e+02   1,10800e+02
           400   4,00000e-02  -3,21445e+00   1,25647e+02   1,10000e+02
           401   4,01000e-02  -3,20251e+00   1,24991e+02   1,09200e+02
           402   4,02000e-02  -3,19096e+00   1,24340e+02   1,08400e+02
           403   4,03000e-02  -3,17964e+00   1,23696e+02   1,07600e+02
           404   4,04000e-02  -3,16844e+00   1,23050e+02   1,06800e+02
           405   4,05000e-02  -3,15723e+00   1,22409e+02   1,06000e+02
           406   4,06000e-02  -3,14599e+00   1,21763e+02   1,05200e+02
           407   4,07000e-02  -3,13483e+00   1,21125e+02   1,04400e+02
           408   4,08000e-02  -3,12326e+00   1,20488e+02   1,03600e+02
           409   4,09000e-02  -3,11158e+00   1,19852e+02   1,02800e+02
           410   4,10000e-02  -3,09955e+00   1,19215e+02   1,02000e+02
           411   4,11000e-02  -3,08724e+00   1,18583e+02   1,01200e+02
           412   4,12000e-02  -3,07466e+00   1,17952e+02   1,00400e+02
           413   4,13000e-02  -3,06206e+00   1,17328e+02   9,96000e+01
           414   4,14000e-02  -3,04920e+00   1,16701e+02   9,88000e+01
           415   4,15000e-02  -3,03642e+00   1,16073e+02   9,80000e+01
           416   4,16000e-02  -3,02390e+00   1,15450e+02   9,72000e+01
           417   4,17000e-02  -3,01146e+00   1,14830e+02   9,64000e+01
           418   4,18000e-02  -2,99925e+00   1,14211e+02   9,56000e+01
           419   4,19000e-02  -2,98707e+00   1,13591e+02   9,48000e+01
           420   4,20000e-02  -2,97529e+00   1,12974e+02   9,40000e+01
           421   4,21000e-02  -2,96389e+00   1,12365e+02   9,32000e+01
           422   4,22000e-02  -2,95244e+00   1,11747e+02   9,24000e+01
           423   4,23000e-02  -2,94118e+00   1,11145e+02   9,16000e+01
           424   4,24000e-02  -2,93006e+00   1,10533e+02   9,08000e+01
           425   4,25000e-02  -2,91890e+00   1,09931e+02   9,00000e+01
           426   4,26000e-02  -2,90758e+00   1,09325e+02   8,92000e+01
           427   4,27000e-02  -2,89624e+00   1,08720e+02   8,84000e+01
           428   4,28000e-02  -2,88468e+00   1,08121e+02   8,76000e+01
           429   4,29000e-02  -2,87320e+00   1,07519e+02   8,68000e+01
           430   4,30000e-02  -2,86188e+00   1,06918e+02   8,60000e+01
           431   4,31000e-02  -2,85090e+00   1,06321e+02   8,52000e+01
           432   4,32000e-02  -2,83974e+00   1,05728e+02   8,44000e+01
           433   4,33000e-02  -2,82806e+00   1,05135e+02   8,36000e+01
           434   4,34000e-02  -2,81650e+00   1,04544e+02   8,28000e+01
           435   4,35000e-02  -2,80518e+00   1,03957e+02   8,20000e+01
           436   4,36000e-02  -2,79371e+00   1,03370e+02   8,12000e+01
           437   4,37000e-02  -2,78224e+00   1,02784e+02   8,04000e+01
           438   4,38000e-02  -2,77101e+00   1,02195e+02   7,96000e+01
           439   4,39000e-02  -2,75976e+00   1,01615e+02   7,88000e+01
           440   4,40000e-02  -2,74845e+00   1,01033e+02   7,80000e+01
           441   4,41000e-02  -2,73724e+00   1,00453e+02   7,72000e+01
           442   4,42000e-02  -2,72623e+00   9,98769e+01   7,64000e+01
           443   4,43000e-02  -2,71540e+00   9,93008e+01   7,56000e+01
           444   4,44000e-02  -2,70484e+00   9,87285e+01   7,48000e+01
           445   4,45000e-02  -2,69457e+00   9,81572e+01   7,40000e+01
           446   4,46000e-02  -2,68426e+00   9,75839e+01   7,32000e+01
           447   4,47000e-02  -2,67389e+00   9,70145e+01   7,24000e+01
           448   4,48000e-02  -2,66332e+00   9,64446e+01   7,16000e+01
           449   4,49000e-02  -2,65295e+00   9,58799e+01   7,08000e+01
           450   4,50000e-02  -2,64250e+00   9,53105e+01   7,00000e+01
           451   4,51000e-02  -2,63201e+00   9,47535e+01   6,92000e+01
           452   4,52000e-02  -2,62151e+00   9,41888e+01   6,84000e+01
           453   4,53000e-02  -2,61080e+00   9,36280e+01   6,76000e+01
           454   4,54000e-02  -2,60011e+00   9,30754e+01   6,68000e+01
           455   4,55000e-02  -2,58946e+00   9,25208e+01   6,60000e+01
           456   4,56000e-02  -2,57879e+00   9,19658e+01   6,52000e+01
           457   4,57000e-02  -2,56821e+00   9,14089e+01   6,44000e+01
           458   4,58000e-02  -2,55745e+00   9,08588e+01   6,36000e+01
           459   4,59000e-02  -2,54689e+00   9,03067e+01   6,28000e+01
           460   4,60000e-02  -2,53675e+00   8,97600e+01   6,20000e+01
           461   4,61000e-02  -2,52662e+00   8,92099e+01   6,12000e+01
           462   4,62000e-02  -2,51696e+00   8,86651e+01   6,04000e+01
           463   4,63000e-02  -2,50724e+00   8,81242e+01   5,96000e+01
           464   4,64000e-02  -2,49737e+00   8,75829e+01   5,88000e+01
           465   4,65000e-02  -2,48774e+00   8,70426e+01   5,80000e+01
           466   4,66000e-02  -2,47812e+00   8,65004e+01   5,72000e+01
           467   4,67000e-02  -2,46830e+00   8,59664e+01   5,64000e+01
           468   4,68000e-02  -2,45833e+00   8,54262e+01   5,56000e+01
           469   4,69000e-02  -2,44838e+00   8,48928e+01   5,48000e+01
           470   4,70000e-02  -2,43850e+00   8,43575e+01   5,40000e+01
           471   4,71000e-02  -2,42883e+00   8,38261e+01   5,32000e+01
           472   4,72000e-02  -2,41921e+00   8,32987e+01   5,24000e+01
           473   4,73000e-02  -2,40972e+00   8,27737e+01   5,16000e+01
           474   4,74000e-02  -2,40062e+00   8,22440e+01   5,08000e+01
           475   4,75000e-02  -2,39153e+00   8,17196e+01   5,00000e+01
           476   4,76000e-02  -2,38229e+00   8,11948e+01   4,92000e+01
           477   4,77000e-02  -2,37285e+00   8,06710e+01   4,84000e+01
           478   4,78000e-02  -2,36332e+00   8,01497e+01   4,76000e+01
           479   4,79000e-02  -2,35377e+00   7,96309e+01   4,68000e+01
           480   4,80000e-02  -2,34427e+00   7,91117e+01   4,60000e+01
           481   4,81000e-02  -2,33455e+00   7,85935e+01   4,52000e+01
           482   4,82000e-02  -2,32490e+00   7,80779e+01   4,44000e+01
           483   4,83000e-02  -2,31514e+00   7,75647e+01   4,36000e+01
           484   4,84000e-02  -2,30560e+00   7,70526e+01   4,28000e+01
           485   4,85000e-02  -2,29603e+00   7,65415e+01   4,20000e+01
           486   4,86000e-02  -2,28656e+00   7,60330e+01   4,12000e+01
           487   4,87000e-02  -2,27735e+00   7,55255e+01   4,04000e+01
           488   4,88000e-02  -2,26827e+00   7,50206e+01   3,96000e+01
           489   4,89000e-02  -2,25951e+00   7,45167e+01   3,88000e+01
           490   4,90000e-02  -2,25073e+00   7,40094e+01   3,80000e+01
           491   4,91000e-02  -2,24192e+00   7,35091e+01   3,72000e+01
           492   4,92000e-02  -2,23325e+00   7,30084e+01   3,64000e+01
           493   4,93000e-02  -2,22463e+00   7,25058e+01   3,56000e+01
           494   4,94000e-02  -2,21591e+00   7,20087e+01   3,48000e+01
           495   4,95000e-02  -2,20709e+00   7,15157e+01   3,40000e+01
           496   4,96000e-02  -2,19837e+00   7,10163e+01   3,32000e+01
           497   4,97000e-02  -2,18974e+00   7,05239e+01   3,24000e+01
           498   4,98000e-02  -2,18117e+00   7,00341e+01   3,16000e+01
           499   4,99000e-02  -2,17267e+00   6,95394e+01   3,08000e+01
           500   5,00000e-02  -2,16433e+00   6,90503e+01   3,00000e+01
           501   5,01000e-02  -2,15633e+00   6,85622e+01   2,92000e+01
           502   5,02000e-02  -2,14841e+00   6,80753e+01   2,84000e+01
           503   5,03000e-02  -2,14043e+00   6,75909e+01   2,76000e+01
           504   5,04000e-02  -2,13240e+00   6,71077e+01   2,68000e+01
           505   5,05000e-02  -2,12432e+00   6,66270e+01   2,60000e+01
           506   5,06000e-02  -2,11605e+00   6,61399e+01   2,52000e+01
           507   5,07000e-02  -2,10763e+00   6,56615e+01   2,44000e+01
           508   5,08000e-02  -2,09910e+00   6,51811e+01   2,36000e+01
           509   5,09000e-02  -2,09049e+00   6,47063e+01   2,28000e+01
           510   5,10000e-02  -2,08193e+00   6,42282e+01   2,20000e+01
           511   5,11000e-02  -2,07348e+00   6,37542e+01   2,12000e+01
           512   5,12000e-02  -2,06546e+00   6,32812e+01   2,04000e+01
           513   5,13000e-02  -2,05749e+00   6,28094e+01   1,96000e+01
           514   5,14000e-02  -2,04923e+00   6,23418e+01   1,88000e+01
           515   5,15000e-02  -2,04078e+00   6,18707e+01   1,80000e+01
           516   5,16000e-02  -2,03254e+00   6,13977e+01   1,72000e+01
           517   5,17000e-02  -2,02442e+00   6,09364e+01   1,64000e+01
           518   5,18000e-02  -2,01654e+00   6,04703e+01   1,56000e+01
           519   5,19000e-02  -2,00865e+00   6,00067e+01   1,48000e+01
           520   5,20000e-02  -2,00082e+00   5,95397e+01   1,40000e+01
           521   5,21000e-02  -1,99302e+00   5,90785e+01   1,32000e+01
           522   5,22000e-02  -1,98522e+00   5,86198e+01   1,24000e+01
           523   5,23000e-02  -1,97765e+00   5,81639e+01   1,16000e+01
           524   5,24000e-02  -1,97001e+00   5,77075e+01   1,08000e+01
           525   5,25000e-02  -1,96238e+00   5,72447e+01   1,00000e+01
           526   5,26000e-02  -1,95496e+00   5,67922e+01   9,19999e+00
           527   5,27000e-02  -1,94763e+00   5,63393e+01   8,40001e+00
           528   5,28000e-02  -1,94011e+00   5,58845e+01   7,59999e+00
           529   5,29000e-02  -1,93255e+00   5,54355e+01   6,80001e+00
           530   5,30000e-02  -1,92516e+00   5,49830e+01   6,00000e+00
           531   5,31000e-02  -1,91783e+00   5,45363e+01   5,20001e+00
           532   5,32000e-02  -1,91062e+00   5,40876e+01   4,40000e+00
           533   5,33000e-02  -1,90330e+00   5,36417e+01   3,60002e+00
           534   5,34000e-02  -1,89583e+00   5,31969e+01   2,80000e+00
           535   5,35000e-02  -1,88833e+00   5,27502e+01   1,99999e+00
           536   5,36000e-02  -1,88101e+00   5,23109e+01   1,20000e+00
           537   5,37000e-02  -1,87373e+00   5,18681e+01   3,99991e-01
           538   5,38000e-02  -1,86646e+00   5,14280e+01  -3,99993e-01
           539   5,39000e-02  -1,85914e+00   5,09937e+01  -1,20001e+00
           540   5,40000e-02  -1,85189e+00   5,05544e+01  -1,99999e+00
           541   5,41000e-02  -1,84481e+00   5,01179e+01  -2,80000e+00
           542   5,42000e-02  -1,83778e+00   4,96825e+01  -3,59999e+00
           543   5,43000e-02  -1,83121e+00   4,92499e+01  -4,40000e+00
           544   5,44000e-02  -1,82447e+00   4,88154e+01  -5,19998e+00
           545   5,45000e-02  -1,81763e+00   4,83867e+01  -6,00000e+00
           546   5,46000e-02  -1,81053e+00   4,79530e+01  -6,80001e+00
           547   5,47000e-02  -1,80340e+00   4,75267e+01  -7,60000e+00
           548   5,48000e-02  -1,79606e+00   4,70954e+01  -8,40001e+00
           549   5,49000e-02  -1,78888e+00   4,66715e+01  -9,19999e+00
           550   5,50000e-02  -1,78188e+00   4,62442e+01  -1,00000e+01
           551   5,51000e-02  -1,77485e+00   4,58211e+01  -1,08000e+01
           552   5,52000e-02  -1,76788e+00   4,53962e+01  -1,16000e+01
           553   5,53000e-02  -1,76079e+00   4,49740e+01  -1,24000e+01
           554   5,54000e-02  -1,75380e+00   4,45562e+01  -1,32000e+01
           555   5,55000e-02  -1,74706e+00   4,41380e+01  -1,40000e+01
           556   5,56000e-02  -1,74030e+00   4,37164e+01  -1,48000e+01
           557   5,57000e-02  -1,73361e+00   4,32975e+01  -1,56000e+01
           558   5,58000e-02  -1,72685e+00   4,28830e+01  -1,64000e+01
           559   5,59000e-02  -1,72032e+00   4,24682e+01  -1,72000e+01
           560   5,60000e-02  -1,71391e+00   4,20593e+01  -1,80000e+01
           561   5,61000e-02  -1,70775e+00   4,16422e+01  -1,88000e+01
           562   5,62000e-02  -1,70142e+00   4,12295e+01  -1,96000e+01
           563   5,63000e-02  -1,69512e+00   4,08195e+01  -2,04000e+01
           564   5,64000e-02  -1,68885e+00   4,04124e+01  -2,12000e+01
           565   5,65000e-02  -1,68253e+00   4,00050e+01  -2,20000e+01
           566   5,66000e-02  -1,67610e+00   3,95956e+01  -2,28000e+01
           567   5,67000e-02  -1,66956e+00   3,91875e+01  -2,36000e+01
           568   5,68000e-02  -1,66297e+00   3,87823e+01  -2,44000e+01
           569   5,69000e-02  -1,65643e+00   3,83782e+01  -2,52000e+01
           570   5,70000e-02  -1,65002e+00   3,79849e+01  -2,60000e+01
           571   5,71000e-02  -1,64389e+00   3,75787e+01  -2,68000e+01
           572   5,72000e-02  -1,63783e+00   3,71800e+01  -2,76000e+01
           573   5,73000e-02  -1,63197e+00   3,67841e+01  -2,84000e+01
           574   5,74000e-02  -1,62623e+00   3,63832e+01  -2,92000e+01
           575   5,75000e-02  -1,62042e+00   3,59883e+01  -3,00000e+01
           576   5,76000e-02  -1,61455e+00   3,55947e+01  -3,08000e+01
           577   5,77000e-02  -1,60855e+00   3,51976e+01  -3,16000e+01
           578   5,78000e-02  -1,60249e+00   3,48081e+01  -3,24000e+01
           579   5,79000e-02  -1,59654e+00   3,44103e+01  -3,32000e+01
           580   5,80000e-02  -1,59031e+00   3,40218e+01  -3,40000e+01
           581   5,81000e-02  -1,58402e+00   3,36281e+01  -3,48000e+01
           582   5,82000e-02  -1,57760e+00   3,32438e+01  -3,56000e+01
           583   5,83000e-02  -1,57116e+00   3,28543e+01  -3,64000e+01
           584   5,84000e-02  -1,56475e+00   3,24661e+01  -3,72000e+01
           585   5,85000e-02  -1,55828e+00   3,20808e+01  -3,80000e+01
           586   5,86000e-02  -1,55196e+00   3,16951e+01  -3,88000e+01
           587   5,87000e-02  -1,54577e+00   3,13124e+01  -3,96000e+01
           588   5,88000e-02  -1,53967e+00   3,09278e+01  -4,04000e+01
           589   5,89000e-02  -1,53368e+00   3,05509e+01  -4,12000e+01
           590   5,90000e-02  -1,52783e+00   3,01672e+01  -4,20000e+01
           591   5,91000e-02  -1,52227e+00   2,97929e+01  -4,28000e+01
           592   5,92000e-02  -1,51681e+00   2,94118e+01  -4,36000e+01
           593   5,93000e-02  -1,51147e+00   2,90337e+01  -4,44000e+01
           594   5,94000e-02  -1,50618e+00   2,86585e+01  -4,52000e+01
           595   5,95000e-02  -1,50114e+00   2,82846e+01  -4,60000e+01
           596   5,96000e-02  -1,49613e+00   2,79071e+01  -4,68000e+01
           597   5,97000e-02  -1,49115e+00   2,75358e+01  -4,76000e+01
           598   5,98000e-02  -1,48615e+00   2,71643e+01  -4,84000e+01
           599   5,99000e-02  -1,48095e+00   2,67956e+01  -4,92000e+01
           600   6,00000e-02  -1,47555e+00   2,64235e+01  -5,00000e+01
           601   6,01000e-02  -1,47002e+00   2,60510e+01  -5,08000e+01
           602   6,02000e-02  -1,46423e+00   2,56896e+01  -5,16000e+01
           603   6,03000e-02  -1,45834e+00   2,53181e+01  -5,24000e+01
           604   6,04000e-02  -1,45243e+00   2,49561e+01  -5,32000e+01
           605   6,05000e-02  -1,44649e+00   2,45890e+01  -5,40000e+01
           606   6,06000e-02  -1,44056e+00   2,42280e+01  -5,48000e+01
           607   6,07000e-02  -1,43469e+00   2,38635e+01  -5,56000e+01
           608   6,08000e-02  -1,42882e+00   2,35004e+01  -5,64000e+01
           609   6,09000e-02  -1,42301e+00   2,31418e+01  -5,72000e+01
           610   6,10000e-02  -1,41721e+00   2,27830e+01  -5,80000e+01
           611   6,11000e-02  -1,41152e+00   2,24222e+01  -5,88000e+01
           612   6,12000e-02  -1,40615e+00   2,20645e+01  -5,96000e+01
           613   6,13000e-02  -1,40082e+00   2,17146e+01  -6,04000e+01
           614   6,14000e-02  -1,39575e+00   2,13546e+01  -6,12000e+01
           615   6,15000e-02  -1,39067e+00   2,09976e+01  -6,20000e+01
           616   6,16000e-02  -1,38569e+00   2,06453e+01  -6,28000e+01
           617   6,17000e-02  -1,38069e+00   2,02943e+01  -6,36000e+01
           618   6,18000e-02  -1,37571e+00   1,99381e+01  -6,44000e+01
           619   6,19000e-02  -1,37083e+00   1,95915e+01  -6,52000e+01
           620   6,20000e-02  -1,36587e+00   1,92413e+01  -6,60000e+01
           621   6,21000e-02  -1,36118e+00   1,88925e+01  -6,68000e+01
           622   6,22000e-02  -1,35630e+00   1,85402e+01  -6,76000e+01
           623   6,23000e-02  -1,35138e+00   1,81991e+01  -6,84000e+01
           624   6,24000e-02  -1,34637e+00   1,78511e+01  -6,92000e+01
           625   6,25000e-02  -1,34128e+00   1,75111e+01  -7,00000e+01
           626   6,26000e-02  -1,33621e+00   1,71642e+01  -7,08000e+01
           627   6,27000e-02  -1,33131e+00   1,68253e+01  -7,16000e+01
           628   6,28000e-02  -1,32627e+00   1,64812e+01  -7,24000e+01
           629   6,29000e-02  -1,32117e+00   1,61385e+01  -7,32000e+01
           630   6,30000e-02  -1,31618e+00   1,57988e+01  -7,40000e+01
           631   6,31000e-02  -1,31121e+00   1,54589e+01  -7,48000e+01
           632   6,32000e-02  -1,30632e+00   1,51237e+01  -7,56000e+01
           633   6,33000e-02  -1,30148e+00   1,47832e+01  -7,64000e+01
           634   6,34000e-02  -1,29680e+00   1,44491e+01  -7,72000e+01
           635   6,35000e-02  -1,29218e+00   1,41131e+01  -7,80000e+01
           636   6,36000e-02  -1,28752e+00   1,37785e+01  -7,88000e+01
$ISTI23 90815 Jos_usf2_coolings_2000_4000_6000_8000_10000
