         Index             t     Heat Flow            Ts            Tr
           [#]           [s]          [mW]          [°C]          [°C]
             0   0,00000e+00  -1,27635e-01   4,29793e+02   4,30000e+02
             1   1,00000e-04  -1,27672e-01   4,29789e+02   4,29400e+02
             2   2,00000e-04  -1,26099e-01   4,29775e+02   4,28800e+02
             3   3,00000e-04  -1,21987e-01   4,29739e+02   4,28200e+02
             4   4,00000e-04  -1,16383e-01   4,29680e+02   4,27600e+02
             5   5,00000e-04  -1,11619e-01   4,29577e+02   4,27000e+02
             6   6,00000e-04  -1,09332e-01   4,29412e+02   4,26400e+02
             7   7,00000e-04  -1,09941e-01   4,29188e+02   4,25800e+02
             8   8,00000e-04  -1,12464e-01   4,28907e+02   4,25200e+02
             9   9,00000e-04  -1,15261e-01   4,28593e+02   4,24600e+02
            10   1,00000e-03  -1,16824e-01   4,28266e+02   4,24000e+02
            11   1,10000e-03  -1,16797e-01   4,27929e+02   4,23400e+02
            12   1,20000e-03  -1,15841e-01   4,27580e+02   4,22800e+02
            13   1,30000e-03  -1,15509e-01   4,27212e+02   4,22200e+02
            14   1,40000e-03  -1,16959e-01   4,26814e+02   4,21600e+02
            15   1,50000e-03  -1,20628e-01   4,26384e+02   4,21000e+02
            16   1,60000e-03  -1,26111e-01   4,25931e+02   4,20400e+02
            17   1,70000e-03  -1,32532e-01   4,25462e+02   4,19800e+02
            18   1,80000e-03  -1,39233e-01   4,24987e+02   4,19200e+02
            19   1,90000e-03  -1,45953e-01   4,24510e+02   4,18600e+02
            20   2,00000e-03  -1,53215e-01   4,24033e+02   4,18000e+02
            21   2,10000e-03  -1,61968e-01   4,23540e+02   4,17400e+02
            22   2,20000e-03  -1,72929e-01   4,23038e+02   4,16800e+02
            23   2,30000e-03  -1,86558e-01   4,22519e+02   4,16200e+02
            24   2,40000e-03  -2,02535e-01   4,21989e+02   4,15600e+02
            25   2,50000e-03  -2,20281e-01   4,21448e+02   4,15000e+02
            26   2,60000e-03  -2,39281e-01   4,20908e+02   4,14400e+02
            27   2,70000e-03  -2,59268e-01   4,20368e+02   4,13800e+02
            28   2,80000e-03  -2,80496e-01   4,19827e+02   4,13200e+02
            29   2,90000e-03  -3,03134e-01   4,19283e+02   4,12600e+02
            30   3,00000e-03  -3,27570e-01   4,18730e+02   4,12000e+02
            31   3,10000e-03  -3,54002e-01   4,18170e+02   4,11400e+02
            32   3,20000e-03  -3,81942e-01   4,17605e+02   4,10800e+02
            33   3,30000e-03  -4,10722e-01   4,17033e+02   4,10200e+02
            34   3,40000e-03  -4,39548e-01   4,16462e+02   4,09600e+02
            35   3,50000e-03  -4,67904e-01   4,15896e+02   4,09000e+02
            36   3,60000e-03  -4,95556e-01   4,15322e+02   4,08400e+02
            37   3,70000e-03  -5,22763e-01   4,14751e+02   4,07800e+02
            38   3,80000e-03  -5,49571e-01   4,14179e+02   4,07200e+02
            39   3,90000e-03  -5,76116e-01   4,13601e+02   4,06600e+02
            40   4,00000e-03  -6,02033e-01   4,13017e+02   4,06000e+02
            41   4,10000e-03  -6,26818e-01   4,12432e+02   4,05400e+02
            42   4,20000e-03  -6,50048e-01   4,11851e+02   4,04800e+02
            43   4,30000e-03  -6,71502e-01   4,11265e+02   4,04200e+02
            44   4,40000e-03  -6,91188e-01   4,10683e+02   4,03600e+02
            45   4,50000e-03  -7,09397e-01   4,10097e+02   4,03000e+02
            46   4,60000e-03  -7,26436e-01   4,09511e+02   4,02400e+02
            47   4,70000e-03  -7,42484e-01   4,08924e+02   4,01800e+02
            48   4,80000e-03  -7,57491e-01   4,08335e+02   4,01200e+02
            49   4,90000e-03  -7,71458e-01   4,07741e+02   4,00600e+02
            50   5,00000e-03  -7,84320e-01   4,07151e+02   4,00000e+02
            51   5,10000e-03  -7,96380e-01   4,06560e+02   3,99400e+02
            52   5,20000e-03  -8,07617e-01   4,05967e+02   3,98800e+02
            53   5,30000e-03  -8,18371e-01   4,05376e+02   3,98200e+02
            54   5,40000e-03  -8,28752e-01   4,04785e+02   3,97600e+02
            55   5,50000e-03  -8,38843e-01   4,04192e+02   3,97000e+02
            56   5,60000e-03  -8,48810e-01   4,03598e+02   3,96400e+02
            57   5,70000e-03  -8,58545e-01   4,03006e+02   3,95800e+02
            58   5,80000e-03  -8,67840e-01   4,02411e+02   3,95200e+02
            59   5,90000e-03  -8,76904e-01   4,01816e+02   3,94600e+02
            60   6,00000e-03  -8,85656e-01   4,01224e+02   3,94000e+02
            61   6,10000e-03  -8,94153e-01   4,00628e+02   3,93400e+02
            62   6,20000e-03  -9,02206e-01   4,00033e+02   3,92800e+02
            63   6,30000e-03  -9,10133e-01   3,99439e+02   3,92200e+02
            64   6,40000e-03  -9,17973e-01   3,98841e+02   3,91600e+02
            65   6,50000e-03  -9,25624e-01   3,98246e+02   3,91000e+02
            66   6,60000e-03  -9,32860e-01   3,97649e+02   3,90400e+02
            67   6,70000e-03  -9,40005e-01   3,97056e+02   3,89800e+02
            68   6,80000e-03  -9,46836e-01   3,96455e+02   3,89200e+02
            69   6,90000e-03  -9,53249e-01   3,95859e+02   3,88600e+02
            70   7,00000e-03  -9,59254e-01   3,95265e+02   3,88000e+02
            71   7,10000e-03  -9,64820e-01   3,94670e+02   3,87400e+02
            72   7,20000e-03  -9,69818e-01   3,94072e+02   3,86800e+02
            73   7,30000e-03  -9,74255e-01   3,93475e+02   3,86200e+02
            74   7,40000e-03  -9,78107e-01   3,92879e+02   3,85600e+02
            75   7,50000e-03  -9,81709e-01   3,92282e+02   3,85000e+02
            76   7,60000e-03  -9,85149e-01   3,91686e+02   3,84400e+02
            77   7,70000e-03  -9,88412e-01   3,91087e+02   3,83800e+02
            78   7,80000e-03  -9,91592e-01   3,90488e+02   3,83200e+02
            79   7,90000e-03  -9,94454e-01   3,89892e+02   3,82600e+02
            80   8,00000e-03  -9,97195e-01   3,89294e+02   3,82000e+02
            81   8,10000e-03  -9,99837e-01   3,88697e+02   3,81400e+02
            82   8,20000e-03  -1,00236e+00   3,88100e+02   3,80800e+02
            83   8,30000e-03  -1,00481e+00   3,87505e+02   3,80200e+02
            84   8,40000e-03  -1,00718e+00   3,86904e+02   3,79600e+02
            85   8,50000e-03  -1,00938e+00   3,86306e+02   3,79000e+02
            86   8,60000e-03  -1,01136e+00   3,85710e+02   3,78400e+02
            87   8,70000e-03  -1,01321e+00   3,85110e+02   3,77800e+02
            88   8,80000e-03  -1,01485e+00   3,84514e+02   3,77200e+02
            89   8,90000e-03  -1,01655e+00   3,83914e+02   3,76600e+02
            90   9,00000e-03  -1,01818e+00   3,83315e+02   3,76000e+02
            91   9,10000e-03  -1,01976e+00   3,82717e+02   3,75400e+02
            92   9,20000e-03  -1,02128e+00   3,82122e+02   3,74800e+02
            93   9,30000e-03  -1,02265e+00   3,81523e+02   3,74200e+02
            94   9,40000e-03  -1,02375e+00   3,80927e+02   3,73600e+02
            95   9,50000e-03  -1,02467e+00   3,80325e+02   3,73000e+02
            96   9,60000e-03  -1,02545e+00   3,79727e+02   3,72400e+02
            97   9,70000e-03  -1,02614e+00   3,79130e+02   3,71800e+02
            98   9,80000e-03  -1,02687e+00   3,78531e+02   3,71200e+02
            99   9,90000e-03  -1,02775e+00   3,77934e+02   3,70600e+02
           100   1,00000e-02  -1,02851e+00   3,77334e+02   3,70000e+02
           101   1,01000e-02  -1,02904e+00   3,76738e+02   3,69400e+02
           102   1,02000e-02  -1,02949e+00   3,76138e+02   3,68800e+02
           103   1,03000e-02  -1,02994e+00   3,75539e+02   3,68200e+02
           104   1,04000e-02  -1,03041e+00   3,74942e+02   3,67600e+02
           105   1,05000e-02  -1,03090e+00   3,74341e+02   3,67000e+02
           106   1,06000e-02  -1,03117e+00   3,73744e+02   3,66400e+02
           107   1,07000e-02  -1,03116e+00   3,73146e+02   3,65800e+02
           108   1,08000e-02  -1,03123e+00   3,72547e+02   3,65200e+02
           109   1,09000e-02  -1,03143e+00   3,71948e+02   3,64600e+02
           110   1,10000e-02  -1,03152e+00   3,71350e+02   3,64000e+02
           111   1,11000e-02  -1,03157e+00   3,70750e+02   3,63400e+02
           112   1,12000e-02  -1,03194e+00   3,70153e+02   3,62800e+02
           113   1,13000e-02  -1,03242e+00   3,69554e+02   3,62200e+02
           114   1,14000e-02  -1,03280e+00   3,68955e+02   3,61600e+02
           115   1,15000e-02  -1,03304e+00   3,68359e+02   3,61000e+02
           116   1,16000e-02  -1,03328e+00   3,67759e+02   3,60400e+02
           117   1,17000e-02  -1,03352e+00   3,67158e+02   3,59800e+02
           118   1,18000e-02  -1,03370e+00   3,66556e+02   3,59200e+02
           119   1,19000e-02  -1,03382e+00   3,65961e+02   3,58600e+02
           120   1,20000e-02  -1,03383e+00   3,65366e+02   3,58000e+02
           121   1,21000e-02  -1,03393e+00   3,64763e+02   3,57400e+02
           122   1,22000e-02  -1,03403e+00   3,64167e+02   3,56800e+02
           123   1,23000e-02  -1,03406e+00   3,63570e+02   3,56200e+02
           124   1,24000e-02  -1,03399e+00   3,62972e+02   3,55600e+02
           125   1,25000e-02  -1,03382e+00   3,62368e+02   3,55000e+02
           126   1,26000e-02  -1,03347e+00   3,61770e+02   3,54400e+02
           127   1,27000e-02  -1,03318e+00   3,61170e+02   3,53800e+02
           128   1,28000e-02  -1,03255e+00   3,60575e+02   3,53200e+02
           129   1,29000e-02  -1,03186e+00   3,59975e+02   3,52600e+02
           130   1,30000e-02  -1,03142e+00   3,59379e+02   3,52000e+02
           131   1,31000e-02  -1,03112e+00   3,58777e+02   3,51400e+02
           132   1,32000e-02  -1,03075e+00   3,58177e+02   3,50800e+02
           133   1,33000e-02  -1,03055e+00   3,57581e+02   3,50200e+02
           134   1,34000e-02  -1,03050e+00   3,56982e+02   3,49600e+02
           135   1,35000e-02  -1,03052e+00   3,56385e+02   3,49000e+02
           136   1,36000e-02  -1,03050e+00   3,55784e+02   3,48400e+02
           137   1,37000e-02  -1,03072e+00   3,55185e+02   3,47800e+02
           138   1,38000e-02  -1,03097e+00   3,54586e+02   3,47200e+02
           139   1,39000e-02  -1,03111e+00   3,53990e+02   3,46600e+02
           140   1,40000e-02  -1,03119e+00   3,53389e+02   3,46000e+02
           141   1,41000e-02  -1,03101e+00   3,52786e+02   3,45400e+02
           142   1,42000e-02  -1,03077e+00   3,52190e+02   3,44800e+02
           143   1,43000e-02  -1,03047e+00   3,51590e+02   3,44200e+02
           144   1,44000e-02  -1,03021e+00   3,50991e+02   3,43600e+02
           145   1,45000e-02  -1,02983e+00   3,50395e+02   3,43000e+02
           146   1,46000e-02  -1,02938e+00   3,49797e+02   3,42400e+02
           147   1,47000e-02  -1,02893e+00   3,49198e+02   3,41800e+02
           148   1,48000e-02  -1,02871e+00   3,48599e+02   3,41200e+02
           149   1,49000e-02  -1,02848e+00   3,47999e+02   3,40600e+02
           150   1,50000e-02  -1,02829e+00   3,47400e+02   3,40000e+02
           151   1,51000e-02  -1,02818e+00   3,46802e+02   3,39400e+02
           152   1,52000e-02  -1,02833e+00   3,46202e+02   3,38800e+02
           153   1,53000e-02  -1,02845e+00   3,45608e+02   3,38200e+02
           154   1,54000e-02  -1,02856e+00   3,45004e+02   3,37600e+02
           155   1,55000e-02  -1,02868e+00   3,44406e+02   3,37000e+02
           156   1,56000e-02  -1,02874e+00   3,43807e+02   3,36400e+02
           157   1,57000e-02  -1,02874e+00   3,43208e+02   3,35800e+02
           158   1,58000e-02  -1,02889e+00   3,42610e+02   3,35200e+02
           159   1,59000e-02  -1,02889e+00   3,42010e+02   3,34600e+02
           160   1,60000e-02  -1,02870e+00   3,41411e+02   3,34000e+02
           161   1,61000e-02  -1,02854e+00   3,40814e+02   3,33400e+02
           162   1,62000e-02  -1,02847e+00   3,40215e+02   3,32800e+02
           163   1,63000e-02  -1,02868e+00   3,39616e+02   3,32200e+02
           164   1,64000e-02  -1,02900e+00   3,39017e+02   3,31600e+02
           165   1,65000e-02  -1,02927e+00   3,38417e+02   3,31000e+02
           166   1,66000e-02  -1,02952e+00   3,37819e+02   3,30400e+02
           167   1,67000e-02  -1,02986e+00   3,37221e+02   3,29800e+02
           168   1,68000e-02  -1,03020e+00   3,36620e+02   3,29200e+02
           169   1,69000e-02  -1,03038e+00   3,36024e+02   3,28600e+02
           170   1,70000e-02  -1,03075e+00   3,35422e+02   3,28000e+02
           171   1,71000e-02  -1,03096e+00   3,34825e+02   3,27400e+02
           172   1,72000e-02  -1,03127e+00   3,34227e+02   3,26800e+02
           173   1,73000e-02  -1,03172e+00   3,33624e+02   3,26200e+02
           174   1,74000e-02  -1,03231e+00   3,33027e+02   3,25600e+02
           175   1,75000e-02  -1,03284e+00   3,32429e+02   3,25000e+02
           176   1,76000e-02  -1,03344e+00   3,31829e+02   3,24400e+02
           177   1,77000e-02  -1,03422e+00   3,31232e+02   3,23800e+02
           178   1,78000e-02  -1,03511e+00   3,30634e+02   3,23200e+02
           179   1,79000e-02  -1,03589e+00   3,30032e+02   3,22600e+02
           180   1,80000e-02  -1,03659e+00   3,29435e+02   3,22000e+02
           181   1,81000e-02  -1,03737e+00   3,28837e+02   3,21400e+02
           182   1,82000e-02  -1,03809e+00   3,28235e+02   3,20800e+02
           183   1,83000e-02  -1,03886e+00   3,27638e+02   3,20200e+02
           184   1,84000e-02  -1,03984e+00   3,27041e+02   3,19600e+02
           185   1,85000e-02  -1,04116e+00   3,26441e+02   3,19000e+02
           186   1,86000e-02  -1,04285e+00   3,25841e+02   3,18400e+02
           187   1,87000e-02  -1,04504e+00   3,25241e+02   3,17800e+02
           188   1,88000e-02  -1,04770e+00   3,24644e+02   3,17200e+02
           189   1,89000e-02  -1,05086e+00   3,24043e+02   3,16600e+02
           190   1,90000e-02  -1,05469e+00   3,23447e+02   3,16000e+02
           191   1,91000e-02  -1,05961e+00   3,22848e+02   3,15400e+02
           192   1,92000e-02  -1,06598e+00   3,22251e+02   3,14800e+02
           193   1,93000e-02  -1,07400e+00   3,21652e+02   3,14200e+02
           194   1,94000e-02  -1,08363e+00   3,21056e+02   3,13600e+02
           195   1,95000e-02  -1,09510e+00   3,20455e+02   3,13000e+02
           196   1,96000e-02  -1,10785e+00   3,19858e+02   3,12400e+02
           197   1,97000e-02  -1,12186e+00   3,19262e+02   3,11800e+02
           198   1,98000e-02  -1,13711e+00   3,18661e+02   3,11200e+02
           199   1,99000e-02  -1,15312e+00   3,18061e+02   3,10600e+02
           200   2,00000e-02  -1,16981e+00   3,17466e+02   3,10000e+02
           201   2,01000e-02  -1,18694e+00   3,16870e+02   3,09400e+02
           202   2,02000e-02  -1,20401e+00   3,16270e+02   3,08800e+02
           203   2,03000e-02  -1,22081e+00   3,15673e+02   3,08200e+02
           204   2,04000e-02  -1,23663e+00   3,15075e+02   3,07600e+02
           205   2,05000e-02  -1,25113e+00   3,14474e+02   3,07000e+02
           206   2,06000e-02  -1,26390e+00   3,13874e+02   3,06400e+02
           207   2,07000e-02  -1,27485e+00   3,13276e+02   3,05800e+02
           208   2,08000e-02  -1,28387e+00   3,12678e+02   3,05200e+02
           209   2,09000e-02  -1,29097e+00   3,12081e+02   3,04600e+02
           210   2,10000e-02  -1,29598e+00   3,11482e+02   3,04000e+02
           211   2,11000e-02  -1,29910e+00   3,10883e+02   3,03400e+02
           212   2,12000e-02  -1,30014e+00   3,10284e+02   3,02800e+02
           213   2,13000e-02  -1,29940e+00   3,09684e+02   3,02200e+02
           214   2,14000e-02  -1,29693e+00   3,09085e+02   3,01600e+02
           215   2,15000e-02  -1,29317e+00   3,08485e+02   3,01000e+02
           216   2,16000e-02  -1,28810e+00   3,07886e+02   3,00400e+02
           217   2,17000e-02  -1,28226e+00   3,07287e+02   2,99800e+02
           218   2,18000e-02  -1,27581e+00   3,06689e+02   2,99200e+02
           219   2,19000e-02  -1,26906e+00   3,06087e+02   2,98600e+02
           220   2,20000e-02  -1,26217e+00   3,05489e+02   2,98000e+02
           221   2,21000e-02  -1,25517e+00   3,04889e+02   2,97400e+02
           222   2,22000e-02  -1,24815e+00   3,04291e+02   2,96800e+02
           223   2,23000e-02  -1,24119e+00   3,03691e+02   2,96200e+02
           224   2,24000e-02  -1,23450e+00   3,03093e+02   2,95600e+02
           225   2,25000e-02  -1,22819e+00   3,02494e+02   2,95000e+02
           226   2,26000e-02  -1,22223e+00   3,01893e+02   2,94400e+02
           227   2,27000e-02  -1,21625e+00   3,01297e+02   2,93800e+02
           228   2,28000e-02  -1,21030e+00   3,00696e+02   2,93200e+02
           229   2,29000e-02  -1,20457e+00   3,00096e+02   2,92600e+02
           230   2,30000e-02  -1,19887e+00   2,99495e+02   2,92000e+02
           231   2,31000e-02  -1,19342e+00   2,98899e+02   2,91400e+02
           232   2,32000e-02  -1,18797e+00   2,98298e+02   2,90800e+02
           233   2,33000e-02  -1,18238e+00   2,97700e+02   2,90200e+02
           234   2,34000e-02  -1,17681e+00   2,97100e+02   2,89600e+02
           235   2,35000e-02  -1,17130e+00   2,96500e+02   2,89000e+02
           236   2,36000e-02  -1,16561e+00   2,95905e+02   2,88400e+02
           237   2,37000e-02  -1,15958e+00   2,95300e+02   2,87800e+02
           238   2,38000e-02  -1,15376e+00   2,94699e+02   2,87200e+02
           239   2,39000e-02  -1,14813e+00   2,94100e+02   2,86600e+02
           240   2,40000e-02  -1,14249e+00   2,93503e+02   2,86000e+02
           241   2,41000e-02  -1,13682e+00   2,92902e+02   2,85400e+02
           242   2,42000e-02  -1,13122e+00   2,92304e+02   2,84800e+02
           243   2,43000e-02  -1,12529e+00   2,91704e+02   2,84200e+02
           244   2,44000e-02  -1,11913e+00   2,91106e+02   2,83600e+02
           245   2,45000e-02  -1,11294e+00   2,90506e+02   2,83000e+02
           246   2,46000e-02  -1,10677e+00   2,89907e+02   2,82400e+02
           247   2,47000e-02  -1,10064e+00   2,89303e+02   2,81800e+02
           248   2,48000e-02  -1,09467e+00   2,88709e+02   2,81200e+02
           249   2,49000e-02  -1,08913e+00   2,88109e+02   2,80600e+02
           250   2,50000e-02  -1,08376e+00   2,87510e+02   2,80000e+02
           251   2,51000e-02  -1,07851e+00   2,86908e+02   2,79400e+02
           252   2,52000e-02  -1,07322e+00   2,86312e+02   2,78800e+02
           253   2,53000e-02  -1,06816e+00   2,85712e+02   2,78200e+02
           254   2,54000e-02  -1,06325e+00   2,85113e+02   2,77600e+02
           255   2,55000e-02  -1,05868e+00   2,84513e+02   2,77000e+02
           256   2,56000e-02  -1,05459e+00   2,83916e+02   2,76400e+02
           257   2,57000e-02  -1,05079e+00   2,83319e+02   2,75800e+02
           258   2,58000e-02  -1,04709e+00   2,82716e+02   2,75200e+02
           259   2,59000e-02  -1,04338e+00   2,82118e+02   2,74600e+02
           260   2,60000e-02  -1,03966e+00   2,81517e+02   2,74000e+02
           261   2,61000e-02  -1,03611e+00   2,80918e+02   2,73400e+02
           262   2,62000e-02  -1,03268e+00   2,80322e+02   2,72800e+02
           263   2,63000e-02  -1,02933e+00   2,79720e+02   2,72200e+02
           264   2,64000e-02  -1,02596e+00   2,79123e+02   2,71600e+02
           265   2,65000e-02  -1,02273e+00   2,78524e+02   2,71000e+02
           266   2,66000e-02  -1,01972e+00   2,77925e+02   2,70400e+02
           267   2,67000e-02  -1,01692e+00   2,77327e+02   2,69800e+02
           268   2,68000e-02  -1,01409e+00   2,76727e+02   2,69200e+02
           269   2,69000e-02  -1,01119e+00   2,76129e+02   2,68600e+02
           270   2,70000e-02  -1,00856e+00   2,75527e+02   2,68000e+02
           271   2,71000e-02  -1,00572e+00   2,74930e+02   2,67400e+02
           272   2,72000e-02  -1,00292e+00   2,74330e+02   2,66800e+02
           273   2,73000e-02  -1,00026e+00   2,73733e+02   2,66200e+02
           274   2,74000e-02  -9,97633e-01   2,73133e+02   2,65600e+02
           275   2,75000e-02  -9,94966e-01   2,72533e+02   2,65000e+02
           276   2,76000e-02  -9,92538e-01   2,71938e+02   2,64400e+02
           277   2,77000e-02  -9,90159e-01   2,71334e+02   2,63800e+02
           278   2,78000e-02  -9,87790e-01   2,70735e+02   2,63200e+02
           279   2,79000e-02  -9,85359e-01   2,70135e+02   2,62600e+02
           280   2,80000e-02  -9,82778e-01   2,69540e+02   2,62000e+02
           281   2,81000e-02  -9,80269e-01   2,68942e+02   2,61400e+02
           282   2,82000e-02  -9,77660e-01   2,68342e+02   2,60800e+02
           283   2,83000e-02  -9,75070e-01   2,67743e+02   2,60200e+02
           284   2,84000e-02  -9,72698e-01   2,67146e+02   2,59600e+02
           285   2,85000e-02  -9,70364e-01   2,66548e+02   2,59000e+02
           286   2,86000e-02  -9,68067e-01   2,65945e+02   2,58400e+02
           287   2,87000e-02  -9,65997e-01   2,65349e+02   2,57800e+02
           288   2,88000e-02  -9,64018e-01   2,64749e+02   2,57200e+02
           289   2,89000e-02  -9,62302e-01   2,64149e+02   2,56600e+02
           290   2,90000e-02  -9,60588e-01   2,63553e+02   2,56000e+02
           291   2,91000e-02  -9,58857e-01   2,62958e+02   2,55400e+02
           292   2,92000e-02  -9,57313e-01   2,62356e+02   2,54800e+02
           293   2,93000e-02  -9,55853e-01   2,61756e+02   2,54200e+02
           294   2,94000e-02  -9,54453e-01   2,61158e+02   2,53600e+02
           295   2,95000e-02  -9,52921e-01   2,60560e+02   2,53000e+02
           296   2,96000e-02  -9,51531e-01   2,59962e+02   2,52400e+02
           297   2,97000e-02  -9,50295e-01   2,59365e+02   2,51800e+02
           298   2,98000e-02  -9,49093e-01   2,58764e+02   2,51200e+02
           299   2,99000e-02  -9,48037e-01   2,58164e+02   2,50600e+02
           300   3,00000e-02  -9,47081e-01   2,57565e+02   2,50000e+02
           301   3,01000e-02  -9,45933e-01   2,56966e+02   2,49400e+02
           302   3,02000e-02  -9,44543e-01   2,56369e+02   2,48800e+02
           303   3,03000e-02  -9,43030e-01   2,55772e+02   2,48200e+02
           304   3,04000e-02  -9,41379e-01   2,55171e+02   2,47600e+02
           305   3,05000e-02  -9,39523e-01   2,54572e+02   2,47000e+02
           306   3,06000e-02  -9,37874e-01   2,53975e+02   2,46400e+02
           307   3,07000e-02  -9,36375e-01   2,53380e+02   2,45800e+02
           308   3,08000e-02  -9,34906e-01   2,52778e+02   2,45200e+02
           309   3,09000e-02  -9,33464e-01   2,52179e+02   2,44600e+02
           310   3,10000e-02  -9,32180e-01   2,51580e+02   2,44000e+02
           311   3,11000e-02  -9,31033e-01   2,50980e+02   2,43400e+02
           312   3,12000e-02  -9,29812e-01   2,50382e+02   2,42800e+02
           313   3,13000e-02  -9,28465e-01   2,49783e+02   2,42200e+02
           314   3,14000e-02  -9,27167e-01   2,49183e+02   2,41600e+02
           315   3,15000e-02  -9,25830e-01   2,48586e+02   2,41000e+02
           316   3,16000e-02  -9,24491e-01   2,47990e+02   2,40400e+02
           317   3,17000e-02  -9,23164e-01   2,47387e+02   2,39800e+02
           318   3,18000e-02  -9,21833e-01   2,46791e+02   2,39200e+02
           319   3,19000e-02  -9,20624e-01   2,46190e+02   2,38600e+02
           320   3,20000e-02  -9,19368e-01   2,45592e+02   2,38000e+02
           321   3,21000e-02  -9,18166e-01   2,44995e+02   2,37400e+02
           322   3,22000e-02  -9,17078e-01   2,44393e+02   2,36800e+02
           323   3,23000e-02  -9,16017e-01   2,43795e+02   2,36200e+02
           324   3,24000e-02  -9,15116e-01   2,43202e+02   2,35600e+02
           325   3,25000e-02  -9,14109e-01   2,42598e+02   2,35000e+02
           326   3,26000e-02  -9,13035e-01   2,42000e+02   2,34400e+02
           327   3,27000e-02  -9,11753e-01   2,41398e+02   2,33800e+02
           328   3,28000e-02  -9,10351e-01   2,40801e+02   2,33200e+02
           329   3,29000e-02  -9,08781e-01   2,40203e+02   2,32600e+02
           330   3,30000e-02  -9,07401e-01   2,39606e+02   2,32000e+02
           331   3,31000e-02  -9,05954e-01   2,39006e+02   2,31400e+02
           332   3,32000e-02  -9,04467e-01   2,38406e+02   2,30800e+02
           333   3,33000e-02  -9,03258e-01   2,37813e+02   2,30200e+02
           334   3,34000e-02  -9,02148e-01   2,37212e+02   2,29600e+02
           335   3,35000e-02  -9,01349e-01   2,36613e+02   2,29000e+02
           336   3,36000e-02  -9,00848e-01   2,36012e+02   2,28400e+02
           337   3,37000e-02  -9,00693e-01   2,35413e+02   2,27800e+02
           338   3,38000e-02  -9,00251e-01   2,34815e+02   2,27200e+02
           339   3,39000e-02  -8,99520e-01   2,34222e+02   2,26600e+02
           340   3,40000e-02  -8,98848e-01   2,33619e+02   2,26000e+02
           341   3,41000e-02  -8,98127e-01   2,33022e+02   2,25400e+02
           342   3,42000e-02  -8,97625e-01   2,32426e+02   2,24800e+02
           343   3,43000e-02  -8,97239e-01   2,31825e+02   2,24200e+02
           344   3,44000e-02  -8,96663e-01   2,31225e+02   2,23600e+02
           345   3,45000e-02  -8,95861e-01   2,30627e+02   2,23000e+02
           346   3,46000e-02  -8,95026e-01   2,30028e+02   2,22400e+02
           347   3,47000e-02  -8,94461e-01   2,29430e+02   2,21800e+02
           348   3,48000e-02  -8,93956e-01   2,28831e+02   2,21200e+02
           349   3,49000e-02  -8,93127e-01   2,28232e+02   2,20600e+02
           350   3,50000e-02  -8,92226e-01   2,27635e+02   2,20000e+02
           351   3,51000e-02  -8,91509e-01   2,27038e+02   2,19400e+02
           352   3,52000e-02  -8,90664e-01   2,26438e+02   2,18800e+02
           353   3,53000e-02  -8,89945e-01   2,25840e+02   2,18200e+02
           354   3,54000e-02  -8,89262e-01   2,25242e+02   2,17600e+02
           355   3,55000e-02  -8,88669e-01   2,24645e+02   2,17000e+02
           356   3,56000e-02  -8,88003e-01   2,24044e+02   2,16400e+02
           357   3,57000e-02  -8,87499e-01   2,23447e+02   2,15800e+02
           358   3,58000e-02  -8,87331e-01   2,22848e+02   2,15200e+02
           359   3,59000e-02  -8,87004e-01   2,22252e+02   2,14600e+02
           360   3,60000e-02  -8,86658e-01   2,21652e+02   2,14000e+02
           361   3,61000e-02  -8,86263e-01   2,21054e+02   2,13400e+02
           362   3,62000e-02  -8,85797e-01   2,20456e+02   2,12800e+02
           363   3,63000e-02  -8,85243e-01   2,19855e+02   2,12200e+02
           364   3,64000e-02  -8,84632e-01   2,19257e+02   2,11600e+02
           365   3,65000e-02  -8,83826e-01   2,18662e+02   2,11000e+02
           366   3,66000e-02  -8,82809e-01   2,18059e+02   2,10400e+02
           367   3,67000e-02  -8,81486e-01   2,17457e+02   2,09800e+02
           368   3,68000e-02  -8,80145e-01   2,16864e+02   2,09200e+02
           369   3,69000e-02  -8,78733e-01   2,16265e+02   2,08600e+02
           370   3,70000e-02  -8,77219e-01   2,15670e+02   2,08000e+02
           371   3,71000e-02  -8,75732e-01   2,15068e+02   2,07400e+02
           372   3,72000e-02  -8,74469e-01   2,14470e+02   2,06800e+02
           373   3,73000e-02  -8,73543e-01   2,13870e+02   2,06200e+02
           374   3,74000e-02  -8,72721e-01   2,13274e+02   2,05600e+02
           375   3,75000e-02  -8,71951e-01   2,12676e+02   2,05000e+02
           376   3,76000e-02  -8,71217e-01   2,12075e+02   2,04400e+02
           377   3,77000e-02  -8,70395e-01   2,11478e+02   2,03800e+02
           378   3,78000e-02  -8,69612e-01   2,10878e+02   2,03200e+02
           379   3,79000e-02  -8,68658e-01   2,10280e+02   2,02600e+02
           380   3,80000e-02  -8,67796e-01   2,09682e+02   2,02000e+02
           381   3,81000e-02  -8,66842e-01   2,09085e+02   2,01400e+02
           382   3,82000e-02  -8,65909e-01   2,08486e+02   2,00800e+02
           383   3,83000e-02  -8,64985e-01   2,07888e+02   2,00200e+02
           384   3,84000e-02  -8,63886e-01   2,07291e+02   1,99600e+02
           385   3,85000e-02  -8,62892e-01   2,06690e+02   1,99000e+02
           386   3,86000e-02  -8,61754e-01   2,06090e+02   1,98400e+02
           387   3,87000e-02  -8,60848e-01   2,05492e+02   1,97800e+02
           388   3,88000e-02  -8,60053e-01   2,04893e+02   1,97200e+02
           389   3,89000e-02  -8,59110e-01   2,04300e+02   1,96600e+02
           390   3,90000e-02  -8,58138e-01   2,03697e+02   1,96000e+02
           391   3,91000e-02  -8,57234e-01   2,03099e+02   1,95400e+02
           392   3,92000e-02  -8,56579e-01   2,02504e+02   1,94800e+02
           393   3,93000e-02  -8,56149e-01   2,01904e+02   1,94200e+02
           394   3,94000e-02  -8,55726e-01   2,01307e+02   1,93600e+02
           395   3,95000e-02  -8,55176e-01   2,00709e+02   1,93000e+02
           396   3,96000e-02  -8,54430e-01   2,00112e+02   1,92400e+02
           397   3,97000e-02  -8,53688e-01   1,99510e+02   1,91800e+02
           398   3,98000e-02  -8,52893e-01   1,98910e+02   1,91200e+02
           399   3,99000e-02  -8,52169e-01   1,98314e+02   1,90600e+02
           400   4,00000e-02  -8,51508e-01   1,97716e+02   1,90000e+02
           401   4,01000e-02  -8,50950e-01   1,97118e+02   1,89400e+02
           402   4,02000e-02  -8,50469e-01   1,96521e+02   1,88800e+02
           403   4,03000e-02  -8,49958e-01   1,95921e+02   1,88200e+02
           404   4,04000e-02  -8,49357e-01   1,95324e+02   1,87600e+02
           405   4,05000e-02  -8,48759e-01   1,94722e+02   1,87000e+02
           406   4,06000e-02  -8,47914e-01   1,94127e+02   1,86400e+02
           407   4,07000e-02  -8,47024e-01   1,93528e+02   1,85800e+02
           408   4,08000e-02  -8,46014e-01   1,92931e+02   1,85200e+02
           409   4,09000e-02  -8,45138e-01   1,92330e+02   1,84600e+02
           410   4,10000e-02  -8,44154e-01   1,91732e+02   1,84000e+02
           411   4,11000e-02  -8,43065e-01   1,91136e+02   1,83400e+02
           412   4,12000e-02  -8,41900e-01   1,90538e+02   1,82800e+02
           413   4,13000e-02  -8,40961e-01   1,89937e+02   1,82200e+02
           414   4,14000e-02  -8,40204e-01   1,89343e+02   1,81600e+02
           415   4,15000e-02  -8,39518e-01   1,88744e+02   1,81000e+02
           416   4,16000e-02  -8,38815e-01   1,88142e+02   1,80400e+02
           417   4,17000e-02  -8,38204e-01   1,87549e+02   1,79800e+02
           418   4,18000e-02  -8,37621e-01   1,86947e+02   1,79200e+02
           419   4,19000e-02  -8,37095e-01   1,86351e+02   1,78600e+02
           420   4,20000e-02  -8,36760e-01   1,85755e+02   1,78000e+02
           421   4,21000e-02  -8,36514e-01   1,85156e+02   1,77400e+02
           422   4,22000e-02  -8,36209e-01   1,84559e+02   1,76800e+02
           423   4,23000e-02  -8,35909e-01   1,83957e+02   1,76200e+02
           424   4,24000e-02  -8,35560e-01   1,83359e+02   1,75600e+02
           425   4,25000e-02  -8,35102e-01   1,82764e+02   1,75000e+02
           426   4,26000e-02  -8,34632e-01   1,82162e+02   1,74400e+02
           427   4,27000e-02  -8,34108e-01   1,81567e+02   1,73800e+02
           428   4,28000e-02  -8,33634e-01   1,80968e+02   1,73200e+02
           429   4,29000e-02  -8,32812e-01   1,80372e+02   1,72600e+02
           430   4,30000e-02  -8,31802e-01   1,79771e+02   1,72000e+02
           431   4,31000e-02  -8,30913e-01   1,79175e+02   1,71400e+02
           432   4,32000e-02  -8,30006e-01   1,78577e+02   1,70800e+02
           433   4,33000e-02  -8,29275e-01   1,77979e+02   1,70200e+02
           434   4,34000e-02  -8,28522e-01   1,77379e+02   1,69600e+02
           435   4,35000e-02  -8,27740e-01   1,76783e+02   1,69000e+02
           436   4,36000e-02  -8,26720e-01   1,76182e+02   1,68400e+02
           437   4,37000e-02  -8,25808e-01   1,75587e+02   1,67800e+02
           438   4,38000e-02  -8,24834e-01   1,74987e+02   1,67200e+02
           439   4,39000e-02  -8,23824e-01   1,74387e+02   1,66600e+02
           440   4,40000e-02  -8,22993e-01   1,73792e+02   1,66000e+02
           441   4,41000e-02  -8,22264e-01   1,73193e+02   1,65400e+02
           442   4,42000e-02  -8,21408e-01   1,72593e+02   1,64800e+02
           443   4,43000e-02  -8,20331e-01   1,72000e+02   1,64200e+02
           444   4,44000e-02  -8,19273e-01   1,71401e+02   1,63600e+02
           445   4,45000e-02  -8,18093e-01   1,70802e+02   1,63000e+02
           446   4,46000e-02  -8,16932e-01   1,70206e+02   1,62400e+02
           447   4,47000e-02  -8,15945e-01   1,69609e+02   1,61800e+02
           448   4,48000e-02  -8,15321e-01   1,69006e+02   1,61200e+02
           449   4,49000e-02  -8,14625e-01   1,68411e+02   1,60600e+02
           450   4,50000e-02  -8,13981e-01   1,67811e+02   1,60000e+02
           451   4,51000e-02  -8,13459e-01   1,67216e+02   1,59400e+02
           452   4,52000e-02  -8,12819e-01   1,66618e+02   1,58800e+02
           453   4,53000e-02  -8,12135e-01   1,66020e+02   1,58200e+02
           454   4,54000e-02  -8,11343e-01   1,65422e+02   1,57600e+02
           455   4,55000e-02  -8,10619e-01   1,64828e+02   1,57000e+02
           456   4,56000e-02  -8,09719e-01   1,64225e+02   1,56400e+02
           457   4,57000e-02  -8,08789e-01   1,63628e+02   1,55800e+02
           458   4,58000e-02  -8,08011e-01   1,63027e+02   1,55200e+02
           459   4,59000e-02  -8,07422e-01   1,62432e+02   1,54600e+02
           460   4,60000e-02  -8,06681e-01   1,61831e+02   1,54000e+02
           461   4,61000e-02  -8,06033e-01   1,61240e+02   1,53400e+02
           462   4,62000e-02  -8,05477e-01   1,60638e+02   1,52800e+02
           463   4,63000e-02  -8,04883e-01   1,60041e+02   1,52200e+02
           464   4,64000e-02  -8,04379e-01   1,59446e+02   1,51600e+02
           465   4,65000e-02  -8,03898e-01   1,58845e+02   1,51000e+02
           466   4,66000e-02  -8,03480e-01   1,58250e+02   1,50400e+02
           467   4,67000e-02  -8,02797e-01   1,57651e+02   1,49800e+02
           468   4,68000e-02  -8,02137e-01   1,57055e+02   1,49200e+02
           469   4,69000e-02  -8,01328e-01   1,56452e+02   1,48600e+02
           470   4,70000e-02  -8,00505e-01   1,55855e+02   1,48000e+02
           471   4,71000e-02  -7,99869e-01   1,55258e+02   1,47400e+02
           472   4,72000e-02  -7,99196e-01   1,54663e+02   1,46800e+02
           473   4,73000e-02  -7,98662e-01   1,54065e+02   1,46200e+02
           474   4,74000e-02  -7,98199e-01   1,53471e+02   1,45600e+02
           475   4,75000e-02  -7,97780e-01   1,52872e+02   1,45000e+02
           476   4,76000e-02  -7,97368e-01   1,52272e+02   1,44400e+02
           477   4,77000e-02  -7,96988e-01   1,51674e+02   1,43800e+02
           478   4,78000e-02  -7,96673e-01   1,51077e+02   1,43200e+02
           479   4,79000e-02  -7,96295e-01   1,50479e+02   1,42600e+02
           480   4,80000e-02  -7,95812e-01   1,49884e+02   1,42000e+02
           481   4,81000e-02  -7,95280e-01   1,49285e+02   1,41400e+02
           482   4,82000e-02  -7,94595e-01   1,48687e+02   1,40800e+02
           483   4,83000e-02  -7,93690e-01   1,48091e+02   1,40200e+02
           484   4,84000e-02  -7,92751e-01   1,47493e+02   1,39600e+02
           485   4,85000e-02  -7,91966e-01   1,46896e+02   1,39000e+02
           486   4,86000e-02  -7,91111e-01   1,46297e+02   1,38400e+02
           487   4,87000e-02  -7,90171e-01   1,45701e+02   1,37800e+02
           488   4,88000e-02  -7,89277e-01   1,45104e+02   1,37200e+02
           489   4,89000e-02  -7,88210e-01   1,44507e+02   1,36600e+02
           490   4,90000e-02  -7,87003e-01   1,43909e+02   1,36000e+02
           491   4,91000e-02  -7,85770e-01   1,43313e+02   1,35400e+02
           492   4,92000e-02  -7,84741e-01   1,42715e+02   1,34800e+02
           493   4,93000e-02  -7,83719e-01   1,42115e+02   1,34200e+02
           494   4,94000e-02  -7,82735e-01   1,41519e+02   1,33600e+02
           495   4,95000e-02  -7,81714e-01   1,40922e+02   1,33000e+02
           496   4,96000e-02  -7,80710e-01   1,40324e+02   1,32400e+02
           497   4,97000e-02  -7,79708e-01   1,39726e+02   1,31800e+02
           498   4,98000e-02  -7,78681e-01   1,39130e+02   1,31200e+02
           499   4,99000e-02  -7,77730e-01   1,38532e+02   1,30600e+02
           500   5,00000e-02  -7,76736e-01   1,37934e+02   1,30000e+02
           501   5,01000e-02  -7,75821e-01   1,37338e+02   1,29400e+02
           502   5,02000e-02  -7,75090e-01   1,36736e+02   1,28800e+02
           503   5,03000e-02  -7,74393e-01   1,36144e+02   1,28200e+02
           504   5,04000e-02  -7,73662e-01   1,35541e+02   1,27600e+02
           505   5,05000e-02  -7,72891e-01   1,34946e+02   1,27000e+02
           506   5,06000e-02  -7,71983e-01   1,34351e+02   1,26400e+02
           507   5,07000e-02  -7,71285e-01   1,33755e+02   1,25800e+02
           508   5,08000e-02  -7,70695e-01   1,33157e+02   1,25200e+02
           509   5,09000e-02  -7,70184e-01   1,32560e+02   1,24600e+02
           510   5,10000e-02  -7,69623e-01   1,31964e+02   1,24000e+02
           511   5,11000e-02  -7,68890e-01   1,31366e+02   1,23400e+02
           512   5,12000e-02  -7,68052e-01   1,30769e+02   1,22800e+02
           513   5,13000e-02  -7,67141e-01   1,30171e+02   1,22200e+02
           514   5,14000e-02  -7,66418e-01   1,29576e+02   1,21600e+02
           515   5,15000e-02  -7,65940e-01   1,28977e+02   1,21000e+02
           516   5,16000e-02  -7,65380e-01   1,28379e+02   1,20400e+02
           517   5,17000e-02  -7,64764e-01   1,27790e+02   1,19800e+02
           518   5,18000e-02  -7,64180e-01   1,27192e+02   1,19200e+02
           519   5,19000e-02  -7,63519e-01   1,26594e+02   1,18600e+02
           520   5,20000e-02  -7,62810e-01   1,25995e+02   1,18000e+02
           521   5,21000e-02  -7,62204e-01   1,25402e+02   1,17400e+02
           522   5,22000e-02  -7,61548e-01   1,24799e+02   1,16800e+02
           523   5,23000e-02  -7,60900e-01   1,24203e+02   1,16200e+02
           524   5,24000e-02  -7,60217e-01   1,23608e+02   1,15600e+02
           525   5,25000e-02  -7,59359e-01   1,23013e+02   1,15000e+02
           526   5,26000e-02  -7,58320e-01   1,22414e+02   1,14400e+02
           527   5,27000e-02  -7,57065e-01   1,21825e+02   1,13800e+02
           528   5,28000e-02  -7,55771e-01   1,21221e+02   1,13200e+02
           529   5,29000e-02  -7,54561e-01   1,20628e+02   1,12600e+02
           530   5,30000e-02  -7,53386e-01   1,20031e+02   1,12000e+02
           531   5,31000e-02  -7,52273e-01   1,19435e+02   1,11400e+02
           532   5,32000e-02  -7,50942e-01   1,18838e+02   1,10800e+02
           533   5,33000e-02  -7,49644e-01   1,18239e+02   1,10200e+02
           534   5,34000e-02  -7,48427e-01   1,17649e+02   1,09600e+02
           535   5,35000e-02  -7,47362e-01   1,17046e+02   1,09000e+02
           536   5,36000e-02  -7,46485e-01   1,16454e+02   1,08400e+02
           537   5,37000e-02  -7,45676e-01   1,15857e+02   1,07800e+02
           538   5,38000e-02  -7,44775e-01   1,15264e+02   1,07200e+02
           539   5,39000e-02  -7,43934e-01   1,14668e+02   1,06600e+02
           540   5,40000e-02  -7,43274e-01   1,14068e+02   1,06000e+02
           541   5,41000e-02  -7,42515e-01   1,13472e+02   1,05400e+02
           542   5,42000e-02  -7,41920e-01   1,12878e+02   1,04800e+02
           543   5,43000e-02  -7,41384e-01   1,12283e+02   1,04200e+02
           544   5,44000e-02  -7,40907e-01   1,11683e+02   1,03600e+02
           545   5,45000e-02  -7,40529e-01   1,11091e+02   1,03000e+02
           546   5,46000e-02  -7,40124e-01   1,10494e+02   1,02400e+02
           547   5,47000e-02  -7,39540e-01   1,09901e+02   1,01800e+02
           548   5,48000e-02  -7,38940e-01   1,09305e+02   1,01200e+02
           549   5,49000e-02  -7,38225e-01   1,08709e+02   1,00600e+02
           550   5,50000e-02  -7,37415e-01   1,08116e+02   1,00000e+02
           551   5,51000e-02  -7,36298e-01   1,07515e+02   9,94000e+01
           552   5,52000e-02  -7,35035e-01   1,06920e+02   9,88000e+01
           553   5,53000e-02  -7,33751e-01   1,06326e+02   9,82000e+01
           554   5,54000e-02  -7,32629e-01   1,05733e+02   9,76000e+01
           555   5,55000e-02  -7,31598e-01   1,05137e+02   9,70000e+01
           556   5,56000e-02  -7,30657e-01   1,04541e+02   9,64000e+01
           557   5,57000e-02  -7,29662e-01   1,03949e+02   9,58000e+01
           558   5,58000e-02  -7,28658e-01   1,03353e+02   9,52000e+01
           559   5,59000e-02  -7,27506e-01   1,02760e+02   9,46000e+01
           560   5,60000e-02  -7,26446e-01   1,02167e+02   9,40000e+01
           561   5,61000e-02  -7,25565e-01   1,01570e+02   9,34000e+01
           562   5,62000e-02  -7,24547e-01   1,00974e+02   9,28000e+01
           563   5,63000e-02  -7,23561e-01   1,00380e+02   9,22000e+01
           564   5,64000e-02  -7,22544e-01   9,97851e+01   9,16000e+01
           565   5,65000e-02  -7,21592e-01   9,91887e+01   9,10000e+01
           566   5,66000e-02  -7,20920e-01   9,86004e+01   9,04000e+01
           567   5,67000e-02  -7,20340e-01   9,80030e+01   8,98000e+01
           568   5,68000e-02  -7,19648e-01   9,74121e+01   8,92000e+01
           569   5,69000e-02  -7,18911e-01   9,68137e+01   8,86000e+01
           570   5,70000e-02  -7,18171e-01   9,62176e+01   8,80000e+01
           571   5,71000e-02  -7,17579e-01   9,56267e+01   8,74000e+01
           572   5,72000e-02  -7,16758e-01   9,50281e+01   8,68000e+01
           573   5,73000e-02  -7,15892e-01   9,44362e+01   8,62000e+01
           574   5,74000e-02  -7,15220e-01   9,38409e+01   8,56000e+01
           575   5,75000e-02  -7,14726e-01   9,32522e+01   8,50000e+01
           576   5,76000e-02  -7,14181e-01   9,26602e+01   8,44000e+01
           577   5,77000e-02  -7,13625e-01   9,20647e+01   8,38000e+01
           578   5,78000e-02  -7,12985e-01   9,14759e+01   8,32000e+01
           579   5,79000e-02  -7,12201e-01   9,08866e+01   8,26000e+01
           580   5,80000e-02  -7,11329e-01   9,02925e+01   8,20000e+01
           581   5,81000e-02  -7,10520e-01   8,97093e+01   8,14000e+01
           582   5,82000e-02  -7,09747e-01   8,91199e+01   8,08000e+01
           583   5,83000e-02  -7,08909e-01   8,85357e+01   8,02000e+01
           584   5,84000e-02  -7,08014e-01   8,79539e+01   7,96000e+01
           585   5,85000e-02  -7,07063e-01   8,73672e+01   7,90000e+01
           586   5,86000e-02  -7,05969e-01   8,67902e+01   7,84000e+01
           587   5,87000e-02  -7,04893e-01   8,62126e+01   7,78000e+01
           588   5,88000e-02  -7,03849e-01   8,56345e+01   7,72000e+01
           589   5,89000e-02  -7,02717e-01   8,50588e+01   7,66000e+01
           590   5,90000e-02  -7,01536e-01   8,44855e+01   7,60000e+01
           591   5,91000e-02  -7,00311e-01   8,39117e+01   7,54000e+01
           592   5,92000e-02  -6,98829e-01   8,33447e+01   7,48000e+01
           593   5,93000e-02  -6,97190e-01   8,27757e+01   7,42000e+01
           594   5,94000e-02  -6,95408e-01   8,22076e+01   7,36000e+01
           595   5,95000e-02  -6,93822e-01   8,16463e+01   7,30000e+01
           596   5,96000e-02  -6,92250e-01   8,10846e+01   7,24000e+01
           597   5,97000e-02  -6,90648e-01   8,05223e+01   7,18000e+01
           598   5,98000e-02  -6,88858e-01   7,99654e+01   7,12000e+01
           599   5,99000e-02  -6,86958e-01   7,94065e+01   7,06000e+01
           600   6,00000e-02  -6,84951e-01   7,88516e+01   7,00000e+01
           601   6,01000e-02  -6,82897e-01   7,83005e+01   6,94000e+01
           602   6,02000e-02  -6,80755e-01   7,77475e+01   6,88000e+01
           603   6,03000e-02  -6,78536e-01   7,71969e+01   6,82000e+01
           604   6,04000e-02  -6,76209e-01   7,66474e+01   6,76000e+01
           605   6,05000e-02  -6,73917e-01   7,61047e+01   6,70000e+01
           606   6,06000e-02  -6,71360e-01   7,55615e+01   6,64000e+01
           607   6,07000e-02  -6,68781e-01   7,50178e+01   6,58000e+01
           608   6,08000e-02  -6,66139e-01   7,44796e+01   6,52000e+01
           609   6,09000e-02  -6,63584e-01   7,39394e+01   6,46000e+01
           610   6,10000e-02  -6,61112e-01   7,34061e+01   6,40000e+01
           611   6,11000e-02  -6,58564e-01   7,28664e+01   6,34000e+01
           612   6,12000e-02  -6,55910e-01   7,23366e+01   6,28000e+01
           613   6,13000e-02  -6,53170e-01   7,18049e+01   6,22000e+01
           614   6,14000e-02  -6,50467e-01   7,12772e+01   6,16000e+01
           615   6,15000e-02  -6,47595e-01   7,07460e+01   6,10000e+01
           616   6,16000e-02  -6,44688e-01   7,02173e+01   6,04000e+01
           617   6,17000e-02  -6,41759e-01   6,96971e+01   5,98000e+01
           618   6,18000e-02  -6,38840e-01   6,91735e+01   5,92000e+01
           619   6,19000e-02  -6,35943e-01   6,86538e+01   5,86000e+01
           620   6,20000e-02  -6,33097e-01   6,81367e+01   5,80000e+01
           621   6,21000e-02  -6,30364e-01   6,76192e+01   5,74000e+01
           622   6,22000e-02  -6,27660e-01   6,71026e+01   5,68000e+01
           623   6,23000e-02  -6,24876e-01   6,65857e+01   5,62000e+01
           624   6,24000e-02  -6,21940e-01   6,60757e+01   5,56000e+01
           625   6,25000e-02  -6,19134e-01   6,55624e+01   5,50000e+01
           626   6,26000e-02  -6,16505e-01   6,50575e+01   5,44000e+01
           627   6,27000e-02  -6,13962e-01   6,45507e+01   5,38000e+01
           628   6,28000e-02  -6,11336e-01   6,40435e+01   5,32000e+01
           629   6,29000e-02  -6,08660e-01   6,35419e+01   5,26000e+01
           630   6,30000e-02  -6,05904e-01   6,30353e+01   5,20000e+01
           631   6,31000e-02  -6,03235e-01   6,25358e+01   5,14000e+01
           632   6,32000e-02  -6,00483e-01   6,20388e+01   5,08000e+01
           633   6,33000e-02  -5,97841e-01   6,15399e+01   5,02000e+01
           634   6,34000e-02  -5,95263e-01   6,10437e+01   4,96000e+01
           635   6,35000e-02  -5,92741e-01   6,05484e+01   4,90000e+01
           636   6,36000e-02  -5,90239e-01   6,00558e+01   4,84000e+01
           637   6,37000e-02  -5,87810e-01   5,95673e+01   4,78000e+01
           638   6,38000e-02  -5,85353e-01   5,90769e+01   4,72000e+01
           639   6,39000e-02  -5,82846e-01   5,85921e+01   4,66000e+01
           640   6,40000e-02  -5,80268e-01   5,81053e+01   4,60000e+01
           641   6,41000e-02  -5,77698e-01   5,76197e+01   4,54000e+01
           642   6,42000e-02  -5,75179e-01   5,71352e+01   4,48000e+01
           643   6,43000e-02  -5,72568e-01   5,66563e+01   4,42000e+01
           644   6,44000e-02  -5,69906e-01   5,61739e+01   4,36000e+01
           645   6,45000e-02  -5,67245e-01   5,56958e+01   4,30000e+01
           646   6,46000e-02  -5,64543e-01   5,52156e+01   4,24000e+01
           647   6,47000e-02  -5,61949e-01   5,47443e+01   4,18000e+01
           648   6,48000e-02  -5,59349e-01   5,42679e+01   4,12000e+01
           649   6,49000e-02  -5,56779e-01   5,37942e+01   4,06000e+01
           650   6,50000e-02  -5,54318e-01   5,33277e+01   4,00000e+01
           651   6,51000e-02  -5,51818e-01   5,28547e+01   3,94000e+01
           652   6,52000e-02  -5,49409e-01   5,23875e+01   3,88000e+01
           653   6,53000e-02  -5,46890e-01   5,19259e+01   3,82000e+01
           654   6,54000e-02  -5,44408e-01   5,14563e+01   3,76000e+01
           655   6,55000e-02  -5,41930e-01   5,09970e+01   3,70000e+01
           656   6,56000e-02  -5,39485e-01   5,05312e+01   3,64000e+01
           657   6,57000e-02  -5,37060e-01   5,00743e+01   3,58000e+01
           658   6,58000e-02  -5,34710e-01   4,96108e+01   3,52000e+01
           659   6,59000e-02  -5,32297e-01   4,91561e+01   3,46000e+01
           660   6,60000e-02  -5,29887e-01   4,86980e+01   3,40000e+01
           661   6,61000e-02  -5,27429e-01   4,82410e+01   3,34000e+01
           662   6,62000e-02  -5,25000e-01   4,77913e+01   3,28000e+01
           663   6,63000e-02  -5,22693e-01   4,73367e+01   3,22000e+01
           664   6,64000e-02  -5,20347e-01   4,68894e+01   3,16000e+01
           665   6,65000e-02  -5,18073e-01   4,64370e+01   3,10000e+01
           666   6,66000e-02  -5,15826e-01   4,59889e+01   3,04000e+01
           667   6,67000e-02  -5,13555e-01   4,55436e+01   2,98000e+01
           668   6,68000e-02  -5,11298e-01   4,50979e+01   2,92000e+01
           669   6,69000e-02  -5,09045e-01   4,46533e+01   2,86000e+01
           670   6,70000e-02  -5,06771e-01   4,42130e+01   2,80000e+01
           671   6,71000e-02  -5,04451e-01   4,37724e+01   2,74000e+01
           672   6,72000e-02  -5,02173e-01   4,33330e+01   2,68000e+01
           673   6,73000e-02  -4,99906e-01   4,28947e+01   2,62000e+01
           674   6,74000e-02  -4,97663e-01   4,24561e+01   2,56000e+01
           675   6,75000e-02  -4,95428e-01   4,20218e+01   2,50000e+01
           676   6,76000e-02  -4,93099e-01   4,15855e+01   2,44000e+01
           677   6,77000e-02  -4,90748e-01   4,11552e+01   2,38000e+01
           678   6,78000e-02  -4,88398e-01   4,07229e+01   2,32000e+01
           679   6,79000e-02  -4,86116e-01   4,02918e+01   2,26000e+01
           680   6,80000e-02  -4,83798e-01   3,98666e+01   2,20000e+01
           681   6,81000e-02  -4,81566e-01   3,94396e+01   2,14000e+01
           682   6,82000e-02  -4,79290e-01   3,90105e+01   2,08000e+01
           683   6,83000e-02  -4,77185e-01   3,85843e+01   2,02000e+01
           684   6,84000e-02  -4,75147e-01   3,81656e+01   1,96000e+01
           685   6,85000e-02  -4,73091e-01   3,77402e+01   1,90000e+01
           686   6,86000e-02  -4,71106e-01   3,73239e+01   1,84000e+01
           687   6,87000e-02  -4,69135e-01   3,69042e+01   1,78000e+01
           688   6,88000e-02  -4,67223e-01   3,64841e+01   1,72000e+01
           689   6,89000e-02  -4,65408e-01   3,60683e+01   1,66000e+01
           690   6,90000e-02  -4,63580e-01   3,56523e+01   1,60000e+01
           691   6,91000e-02  -4,61731e-01   3,52390e+01   1,54000e+01
           692   6,92000e-02  -4,59873e-01   3,48238e+01   1,48000e+01
           693   6,93000e-02  -4,58007e-01   3,44115e+01   1,42000e+01
           694   6,94000e-02  -4,56208e-01   3,39988e+01   1,36000e+01
           695   6,95000e-02  -4,54387e-01   3,35889e+01   1,30000e+01
           696   6,96000e-02  -4,52478e-01   3,31866e+01   1,24000e+01
           697   6,97000e-02  -4,50666e-01   3,27809e+01   1,18000e+01
           698   6,98000e-02  -4,48856e-01   3,23732e+01   1,12000e+01
           699   6,99000e-02  -4,46988e-01   3,19715e+01   1,06000e+01
           700   7,00000e-02  -4,45093e-01   3,15663e+01   1,00000e+01
           701   7,01000e-02  -4,43230e-01   3,11656e+01   9,40004e+00
           702   7,02000e-02  -4,41333e-01   3,07677e+01   8,80003e+00
           703   7,03000e-02  -4,39410e-01   3,03663e+01   8,20002e+00
           704   7,04000e-02  -4,37470e-01   2,99646e+01   7,60001e+00
           705   7,05000e-02  -4,35567e-01   2,95754e+01   7,00000e+00
           706   7,06000e-02  -4,33660e-01   2,91778e+01   6,40003e+00
           707   7,07000e-02  -4,31786e-01   2,87783e+01   5,80002e+00
           708   7,08000e-02  -4,29949e-01   2,83865e+01   5,20001e+00
           709   7,09000e-02  -4,28155e-01   2,79944e+01   4,60000e+00
           710   7,10000e-02  -4,26313e-01   2,76035e+01   4,00004e+00
           711   7,11000e-02  -4,24564e-01   2,72156e+01   3,40003e+00
           712   7,12000e-02  -4,22831e-01   2,68289e+01   2,80002e+00
           713   7,13000e-02  -4,21190e-01   2,64387e+01   2,20001e+00
           714   7,14000e-02  -4,19572e-01   2,60531e+01   1,60000e+00
           715   7,15000e-02  -4,18007e-01   2,56687e+01   1,00003e+00
           716   7,16000e-02  -4,16342e-01   2,52856e+01   4,00022e-01
           717   7,17000e-02  -4,14647e-01   2,49007e+01  -1,99988e-01
           718   7,18000e-02  -4,12896e-01   2,45234e+01  -7,99998e-01
           719   7,19000e-02  -4,11214e-01   2,41411e+01  -1,39996e+00
           720   7,20000e-02  -4,09533e-01   2,37649e+01  -1,99997e+00
           721   7,21000e-02  -4,07920e-01   2,33835e+01  -2,59998e+00
           722   7,22000e-02  -4,06350e-01   2,30083e+01  -3,19999e+00
           723   7,23000e-02  -4,04702e-01   2,26377e+01  -3,79996e+00
           724   7,24000e-02  -4,03081e-01   2,22635e+01  -4,39997e+00
           725   7,25000e-02  -4,01379e-01   2,18842e+01  -4,99998e+00
           726   7,26000e-02  -3,99731e-01   2,15159e+01  -5,59999e+00
           727   7,27000e-02  -3,98134e-01   2,11425e+01  -6,20000e+00
           728   7,28000e-02  -3,96505e-01   2,07736e+01  -6,79997e+00
           729   7,29000e-02  -3,94947e-01   2,04077e+01  -7,39998e+00
           730   7,30000e-02  -3,93321e-01   2,00366e+01  -7,99999e+00
           731   7,31000e-02  -3,91651e-01   1,96685e+01  -8,60000e+00
           732   7,32000e-02  -3,89912e-01   1,93067e+01  -9,19996e+00
           733   7,33000e-02  -3,88131e-01   1,89413e+01  -9,79997e+00
           734   7,34000e-02  -3,86474e-01   1,85837e+01  -1,04000e+01
           735   7,35000e-02  -3,84759e-01   1,82145e+01  -1,10000e+01
           736   7,36000e-02  -3,83081e-01   1,78564e+01  -1,16000e+01
           737   7,37000e-02  -3,81481e-01   1,74996e+01  -1,22000e+01
           738   7,38000e-02  -3,79988e-01   1,71393e+01  -1,28000e+01
           739   7,39000e-02  -3,78501e-01   1,67788e+01  -1,34000e+01
           740   7,40000e-02  -3,76963e-01   1,64245e+01  -1,40000e+01
           741   7,41000e-02  -3,75484e-01   1,60699e+01  -1,46000e+01
           742   7,42000e-02  -3,73990e-01   1,57167e+01  -1,52000e+01
           743   7,43000e-02  -3,72491e-01   1,53616e+01  -1,58000e+01
           744   7,44000e-02  -3,70956e-01   1,50095e+01  -1,64000e+01
           745   7,45000e-02  -3,69389e-01   1,46587e+01  -1,70000e+01
           746   7,46000e-02  -3,67794e-01   1,43077e+01  -1,76000e+01
           747   7,47000e-02  -3,66188e-01   1,39581e+01  -1,82000e+01
           748   7,48000e-02  -3,64623e-01   1,36148e+01  -1,88000e+01
           749   7,49000e-02  -3,63048e-01   1,32630e+01  -1,94000e+01
           750   7,50000e-02  -3,61485e-01   1,29225e+01  -2,00000e+01
           751   7,51000e-02  -3,59907e-01   1,25768e+01  -2,06000e+01
           752   7,52000e-02  -3,58342e-01   1,22274e+01  -2,12000e+01
           753   7,53000e-02  -3,56825e-01   1,18911e+01  -2,18000e+01
           754   7,54000e-02  -3,55368e-01   1,15512e+01  -2,24000e+01
           755   7,55000e-02  -3,54052e-01   1,12094e+01  -2,30000e+01
           756   7,56000e-02  -3,52659e-01   1,08689e+01  -2,36000e+01
           757   7,57000e-02  -3,51244e-01   1,05299e+01  -2,42000e+01
           758   7,58000e-02  -3,49869e-01   1,01923e+01  -2,48000e+01
           759   7,59000e-02  -3,48492e-01   9,85777e+00  -2,54000e+01
           760   7,60000e-02  -3,47178e-01   9,52297e+00  -2,60000e+01
           761   7,61000e-02  -3,45784e-01   9,18791e+00  -2,66000e+01
           762   7,62000e-02  -3,44388e-01   8,85427e+00  -2,72000e+01
           763   7,63000e-02  -3,42947e-01   8,52205e+00  -2,78000e+01
           764   7,64000e-02  -3,41491e-01   8,18788e+00  -2,84000e+01
           765   7,65000e-02  -3,40045e-01   7,85682e+00  -2,90000e+01
           766   7,66000e-02  -3,38593e-01   7,53223e+00  -2,96000e+01
           767   7,67000e-02  -3,37048e-01   7,19898e+00  -3,02000e+01
           768   7,68000e-02  -3,35554e-01   6,87557e+00  -3,08000e+01
           769   7,69000e-02  -3,34217e-01   6,54517e+00  -3,14000e+01
           770   7,70000e-02  -3,32883e-01   6,22126e+00  -3,20000e+01
           771   7,71000e-02  -3,31583e-01   5,89880e+00  -3,26000e+01
           772   7,72000e-02  -3,30303e-01   5,57439e+00  -3,32000e+01
           773   7,73000e-02  -3,28954e-01   5,25143e+00  -3,38000e+01
           774   7,74000e-02  -3,27686e-01   4,93499e+00  -3,44000e+01
           775   7,75000e-02  -3,26419e-01   4,61153e+00  -3,50000e+01
           776   7,76000e-02  -3,25221e-01   4,29291e+00  -3,56000e+01
           777   7,77000e-02  -3,24005e-01   3,97744e+00  -3,62000e+01
           778   7,78000e-02  -3,22695e-01   3,65664e+00  -3,68000e+01
           779   7,79000e-02  -3,21402e-01   3,33898e+00  -3,74000e+01
           780   7,80000e-02  -3,20183e-01   3,02619e+00  -3,80000e+01
           781   7,81000e-02  -3,18887e-01   2,70975e+00  -3,86000e+01
           782   7,82000e-02  -3,17592e-01   2,39818e+00  -3,92000e+01
           783   7,83000e-02  -3,16315e-01   2,08468e+00  -3,98000e+01
           784   7,84000e-02  -3,14994e-01   1,76922e+00  -4,04000e+01
           785   7,85000e-02  -3,13686e-01   1,45524e+00  -4,10000e+01
           786   7,86000e-02  -3,12406e-01   1,14955e+00  -4,16000e+01
           787   7,87000e-02  -3,11146e-01   8,40220e-01  -4,22000e+01
           788   7,88000e-02  -3,09935e-01   5,35786e-01  -4,28000e+01
           789   7,89000e-02  -3,08697e-01   2,25990e-01  -4,34000e+01
           790   7,90000e-02  -3,07407e-01  -8,06158e-02  -4,40000e+01
           791   7,91000e-02  -3,06158e-01  -3,84023e-01  -4,46000e+01
           792   7,92000e-02  -3,05028e-01  -6,91091e-01  -4,52000e+01
           793   7,93000e-02  -3,03896e-01  -9,89804e-01  -4,58000e+01
           794   7,94000e-02  -3,02761e-01  -1,29905e+00  -4,64000e+01
           795   7,95000e-02  -3,01601e-01  -1,59650e+00  -4,70000e+01
           796   7,96000e-02  -3,00459e-01  -1,89588e+00  -4,76000e+01
           797   7,97000e-02  -2,99255e-01  -2,19376e+00  -4,82000e+01
           798   7,98000e-02  -2,98031e-01  -2,49532e+00  -4,88000e+01
           799   7,99000e-02  -2,96749e-01  -2,79192e+00  -4,94000e+01
           800   8,00000e-02  -2,95555e-01  -3,09047e+00  -5,00000e+01
           801   8,01000e-02  -2,94326e-01  -3,38579e+00  -5,06000e+01
           802   8,02000e-02  -2,93158e-01  -3,68306e+00  -5,12000e+01
           803   8,03000e-02  -2,91998e-01  -3,97362e+00  -5,18000e+01
           804   8,04000e-02  -2,90832e-01  -4,26613e+00  -5,24000e+01
           805   8,05000e-02  -2,89762e-01  -4,55539e+00  -5,30000e+01
           806   8,06000e-02  -2,88653e-01  -4,85180e+00  -5,36000e+01
           807   8,07000e-02  -2,87562e-01  -5,14323e+00  -5,42000e+01
           808   8,08000e-02  -2,86477e-01  -5,43661e+00  -5,48000e+01
           809   8,09000e-02  -2,85392e-01  -5,72151e+00  -5,54000e+01
           810   8,10000e-02  -2,84270e-01  -6,01011e+00  -5,60000e+01
           811   8,11000e-02  -2,83119e-01  -6,29891e+00  -5,66000e+01
           812   8,12000e-02  -2,81908e-01  -6,57922e+00  -5,72000e+01
           813   8,13000e-02  -2,80711e-01  -6,87367e+00  -5,78000e+01
           814   8,14000e-02  -2,79503e-01  -7,15265e+00  -5,84000e+01
           815   8,15000e-02  -2,78303e-01  -7,43706e+00  -5,90000e+01
           816   8,16000e-02  -2,76989e-01  -7,71818e+00  -5,96000e+01
           817   8,17000e-02  -2,75794e-01  -8,00301e+00  -6,02000e+01
           818   8,18000e-02  -2,74618e-01  -8,27929e+00  -6,08000e+01
           819   8,19000e-02  -2,73503e-01  -8,56278e+00  -6,14000e+01
           820   8,20000e-02  -2,72422e-01  -8,84473e+00  -6,20000e+01
           821   8,21000e-02  -2,71353e-01  -9,11811e+00  -6,26000e+01
           822   8,22000e-02  -2,70285e-01  -9,39520e+00  -6,32000e+01
           823   8,23000e-02  -2,69300e-01  -9,67249e+00  -6,38000e+01
           824   8,24000e-02  -2,68335e-01  -9,95349e+00  -6,44000e+01
           825   8,25000e-02  -2,67456e-01  -1,02224e+01  -6,50000e+01
           826   8,26000e-02  -2,66496e-01  -1,04985e+01  -6,56000e+01
           827   8,27000e-02  -2,65533e-01  -1,07731e+01  -6,62000e+01
           828   8,28000e-02  -2,64590e-01  -1,10443e+01  -6,68000e+01
           829   8,29000e-02  -2,63595e-01  -1,13157e+01  -6,74000e+01
           830   8,30000e-02  -2,62563e-01  -1,15891e+01  -6,80000e+01
           831   8,31000e-02  -2,61505e-01  -1,18521e+01  -6,86000e+01
           832   8,32000e-02  -2,60398e-01  -1,21259e+01  -6,92000e+01
           833   8,33000e-02  -2,59332e-01  -1,23910e+01  -6,98000e+01
           834   8,34000e-02  -2,58291e-01  -1,26634e+01  -7,04000e+01
           835   8,35000e-02  -2,57277e-01  -1,29289e+01  -7,10000e+01
           836   8,36000e-02  -2,56246e-01  -1,31964e+01  -7,16000e+01
           837   8,37000e-02  -2,55167e-01  -1,34570e+01  -7,22000e+01
           838   8,38000e-02  -2,54038e-01  -1,37284e+01  -7,28000e+01
           839   8,39000e-02  -2,52957e-01  -1,39893e+01  -7,34000e+01
           840   8,40000e-02  -2,51801e-01  -1,42504e+01  -7,40000e+01
           841   8,41000e-02  -2,50653e-01  -1,45153e+01  -7,46000e+01
           842   8,42000e-02  -2,49599e-01  -1,47750e+01  -7,52000e+01
           843   8,43000e-02  -2,48543e-01  -1,50349e+01  -7,58000e+01
           844   8,44000e-02  -2,47463e-01  -1,52949e+01  -7,64000e+01
           845   8,45000e-02  -2,46329e-01  -1,55570e+01  -7,70000e+01
           846   8,46000e-02  -2,45314e-01  -1,58138e+01  -7,76000e+01
           847   8,47000e-02  -2,44335e-01  -1,60691e+01  -7,82000e+01
           848   8,48000e-02  -2,43375e-01  -1,63299e+01  -7,88000e+01
           849   8,49000e-02  -2,42467e-01  -1,65837e+01  -7,94000e+01
&ISTI23 90816 Jos_usf2_coolings_2000_4000_6000_8000_10000
