         Index             t     Heat Flow            Ts            Tr
           [#]           [s]          [mW]          [°C]          [°C]
             0   0,00000e+00  -1,26648e-01   4,29794e+02   4,30000e+02
             1   1,00000e-04  -1,26647e-01   4,29789e+02   4,29004e+02
             2   2,00000e-04  -1,24010e-01   4,29760e+02   4,28008e+02
             3   3,00000e-04  -1,17142e-01   4,29704e+02   4,27012e+02
             4   4,00000e-04  -1,08127e-01   4,29608e+02   4,26016e+02
             5   5,00000e-04  -1,00283e-01   4,29441e+02   4,25020e+02
             6   6,00000e-04  -9,62496e-02   4,29173e+02   4,24024e+02
             7   7,00000e-04  -9,65448e-02   4,28803e+02   4,23027e+02
             8   8,00000e-04  -9,99164e-02   4,28344e+02   4,22031e+02
             9   9,00000e-04  -1,04120e-01   4,27824e+02   4,21035e+02
            10   1,00000e-03  -1,06913e-01   4,27272e+02   4,20039e+02
            11   1,10000e-03  -1,07373e-01   4,26703e+02   4,19043e+02
            12   1,20000e-03  -1,06418e-01   4,26115e+02   4,18047e+02
            13   1,30000e-03  -1,05888e-01   4,25499e+02   4,17051e+02
            14   1,40000e-03  -1,07641e-01   4,24843e+02   4,16055e+02
            15   1,50000e-03  -1,12551e-01   4,24137e+02   4,15059e+02
            16   1,60000e-03  -1,20539e-01   4,23394e+02   4,14063e+02
            17   1,70000e-03  -1,30830e-01   4,22614e+02   4,13067e+02
            18   1,80000e-03  -1,42551e-01   4,21821e+02   4,12071e+02
            19   1,90000e-03  -1,55056e-01   4,21022e+02   4,11075e+02
            20   2,00000e-03  -1,68779e-01   4,20216e+02   4,10078e+02
            21   2,10000e-03  -1,84674e-01   4,19396e+02   4,09082e+02
            22   2,20000e-03  -2,04058e-01   4,18565e+02   4,08086e+02
            23   2,30000e-03  -2,27665e-01   4,17706e+02   4,07090e+02
            24   2,40000e-03  -2,55796e-01   4,16831e+02   4,06094e+02
            25   2,50000e-03  -2,88148e-01   4,15940e+02   4,05098e+02
            26   2,60000e-03  -3,23875e-01   4,15037e+02   4,04102e+02
            27   2,70000e-03  -3,62387e-01   4,14135e+02   4,03106e+02
            28   2,80000e-03  -4,03252e-01   4,13229e+02   4,02110e+02
            29   2,90000e-03  -4,46437e-01   4,12316e+02   4,01114e+02
            30   3,00000e-03  -4,92218e-01   4,11398e+02   4,00118e+02
            31   3,10000e-03  -5,40518e-01   4,10475e+02   3,99122e+02
            32   3,20000e-03  -5,90875e-01   4,09537e+02   3,98126e+02
            33   3,30000e-03  -6,42557e-01   4,08594e+02   3,97129e+02
            34   3,40000e-03  -6,94401e-01   4,07644e+02   3,96133e+02
            35   3,50000e-03  -7,44966e-01   4,06695e+02   3,95137e+02
            36   3,60000e-03  -7,93386e-01   4,05744e+02   3,94141e+02
            37   3,70000e-03  -8,39195e-01   4,04787e+02   3,93145e+02
            38   3,80000e-03  -8,82222e-01   4,03831e+02   3,92149e+02
            39   3,90000e-03  -9,22784e-01   4,02872e+02   3,91153e+02
            40   4,00000e-03  -9,60902e-01   4,01906e+02   3,90157e+02
            41   4,10000e-03  -9,96442e-01   4,00939e+02   3,89161e+02
            42   4,20000e-03  -1,02942e+00   3,99966e+02   3,88165e+02
            43   4,30000e-03  -1,05961e+00   3,98994e+02   3,87169e+02
            44   4,40000e-03  -1,08712e+00   3,98013e+02   3,86173e+02
            45   4,50000e-03  -1,11211e+00   3,97043e+02   3,85177e+02
            46   4,60000e-03  -1,13528e+00   3,96069e+02   3,84180e+02
            47   4,70000e-03  -1,15720e+00   3,95092e+02   3,83184e+02
            48   4,80000e-03  -1,17818e+00   3,94110e+02   3,82188e+02
            49   4,90000e-03  -1,19842e+00   3,93128e+02   3,81192e+02
            50   5,00000e-03  -1,21828e+00   3,92144e+02   3,80196e+02
            51   5,10000e-03  -1,23775e+00   3,91163e+02   3,79200e+02
            52   5,20000e-03  -1,25708e+00   3,90179e+02   3,78204e+02
            53   5,30000e-03  -1,27652e+00   3,89193e+02   3,77208e+02
            54   5,40000e-03  -1,29596e+00   3,88209e+02   3,76212e+02
            55   5,50000e-03  -1,31547e+00   3,87220e+02   3,75216e+02
            56   5,60000e-03  -1,33491e+00   3,86235e+02   3,74220e+02
            57   5,70000e-03  -1,35421e+00   3,85247e+02   3,73224e+02
            58   5,80000e-03  -1,37300e+00   3,84259e+02   3,72227e+02
            59   5,90000e-03  -1,39114e+00   3,83271e+02   3,71231e+02
            60   6,00000e-03  -1,40849e+00   3,82280e+02   3,70235e+02
            61   6,10000e-03  -1,42495e+00   3,81291e+02   3,69239e+02
            62   6,20000e-03  -1,44036e+00   3,80302e+02   3,68243e+02
            63   6,30000e-03  -1,45489e+00   3,79311e+02   3,67247e+02
            64   6,40000e-03  -1,46851e+00   3,78321e+02   3,66251e+02
            65   6,50000e-03  -1,48131e+00   3,77332e+02   3,65255e+02
            66   6,60000e-03  -1,49324e+00   3,76341e+02   3,64259e+02
            67   6,70000e-03  -1,50433e+00   3,75347e+02   3,63263e+02
            68   6,80000e-03  -1,51470e+00   3,74355e+02   3,62267e+02
            69   6,90000e-03  -1,52401e+00   3,73365e+02   3,61271e+02
            70   7,00000e-03  -1,53252e+00   3,72372e+02   3,60275e+02
            71   7,10000e-03  -1,54047e+00   3,71378e+02   3,59278e+02
            72   7,20000e-03  -1,54766e+00   3,70384e+02   3,58282e+02
            73   7,30000e-03  -1,55414e+00   3,69393e+02   3,57286e+02
            74   7,40000e-03  -1,56016e+00   3,68398e+02   3,56290e+02
            75   7,50000e-03  -1,56566e+00   3,67406e+02   3,55294e+02
            76   7,60000e-03  -1,57058e+00   3,66413e+02   3,54298e+02
            77   7,70000e-03  -1,57522e+00   3,65419e+02   3,53302e+02
            78   7,80000e-03  -1,57990e+00   3,64422e+02   3,52306e+02
            79   7,90000e-03  -1,58450e+00   3,63431e+02   3,51310e+02
            80   8,00000e-03  -1,58911e+00   3,62437e+02   3,50314e+02
            81   8,10000e-03  -1,59360e+00   3,61443e+02   3,49318e+02
            82   8,20000e-03  -1,59814e+00   3,60446e+02   3,48322e+02
            83   8,30000e-03  -1,60271e+00   3,59451e+02   3,47326e+02
            84   8,40000e-03  -1,60751e+00   3,58456e+02   3,46329e+02
            85   8,50000e-03  -1,61218e+00   3,57464e+02   3,45333e+02
            86   8,60000e-03  -1,61671e+00   3,56470e+02   3,44337e+02
            87   8,70000e-03  -1,62089e+00   3,55473e+02   3,43341e+02
            88   8,80000e-03  -1,62487e+00   3,54482e+02   3,42345e+02
            89   8,90000e-03  -1,62868e+00   3,53485e+02   3,41349e+02
            90   9,00000e-03  -1,63221e+00   3,52491e+02   3,40353e+02
            91   9,10000e-03  -1,63550e+00   3,51495e+02   3,39357e+02
            92   9,20000e-03  -1,63827e+00   3,50500e+02   3,38361e+02
            93   9,30000e-03  -1,64080e+00   3,49507e+02   3,37365e+02
            94   9,40000e-03  -1,64290e+00   3,48509e+02   3,36369e+02
            95   9,50000e-03  -1,64470e+00   3,47515e+02   3,35373e+02
            96   9,60000e-03  -1,64606e+00   3,46521e+02   3,34377e+02
            97   9,70000e-03  -1,64687e+00   3,45526e+02   3,33380e+02
            98   9,80000e-03  -1,64751e+00   3,44528e+02   3,32384e+02
            99   9,90000e-03  -1,64804e+00   3,43533e+02   3,31388e+02
           100   1,00000e-02  -1,64842e+00   3,42540e+02   3,30392e+02
           101   1,01000e-02  -1,64873e+00   3,41540e+02   3,29396e+02
           102   1,02000e-02  -1,64942e+00   3,40548e+02   3,28400e+02
           103   1,03000e-02  -1,65040e+00   3,39553e+02   3,27404e+02
           104   1,04000e-02  -1,65133e+00   3,38554e+02   3,26408e+02
           105   1,05000e-02  -1,65246e+00   3,37559e+02   3,25412e+02
           106   1,06000e-02  -1,65415e+00   3,36566e+02   3,24416e+02
           107   1,07000e-02  -1,65620e+00   3,35569e+02   3,23420e+02
           108   1,08000e-02  -1,65860e+00   3,34572e+02   3,22424e+02
           109   1,09000e-02  -1,66097e+00   3,33577e+02   3,21428e+02
           110   1,10000e-02  -1,66334e+00   3,32583e+02   3,20431e+02
           111   1,11000e-02  -1,66521e+00   3,31585e+02   3,19435e+02
           112   1,12000e-02  -1,66673e+00   3,30589e+02   3,18439e+02
           113   1,13000e-02  -1,66823e+00   3,29595e+02   3,17443e+02
           114   1,14000e-02  -1,66948e+00   3,28597e+02   3,16447e+02
           115   1,15000e-02  -1,67058e+00   3,27601e+02   3,15451e+02
           116   1,16000e-02  -1,67170e+00   3,26611e+02   3,14455e+02
           117   1,17000e-02  -1,67290e+00   3,25614e+02   3,13459e+02
           118   1,18000e-02  -1,67417e+00   3,24619e+02   3,12463e+02
           119   1,19000e-02  -1,67595e+00   3,23619e+02   3,11467e+02
           120   1,20000e-02  -1,67829e+00   3,22626e+02   3,10471e+02
           121   1,21000e-02  -1,68142e+00   3,21631e+02   3,09475e+02
           122   1,22000e-02  -1,68565e+00   3,20634e+02   3,08479e+02
           123   1,23000e-02  -1,69161e+00   3,19639e+02   3,07482e+02
           124   1,24000e-02  -1,69974e+00   3,18645e+02   3,06486e+02
           125   1,25000e-02  -1,70962e+00   3,17648e+02   3,05490e+02
           126   1,26000e-02  -1,72128e+00   3,16654e+02   3,04494e+02
           127   1,27000e-02  -1,73487e+00   3,15659e+02   3,03498e+02
           128   1,28000e-02  -1,75052e+00   3,14667e+02   3,02502e+02
           129   1,29000e-02  -1,76800e+00   3,13673e+02   3,01506e+02
           130   1,30000e-02  -1,78654e+00   3,12677e+02   3,00510e+02
           131   1,31000e-02  -1,80594e+00   3,11681e+02   2,99514e+02
           132   1,32000e-02  -1,82537e+00   3,10691e+02   2,98518e+02
           133   1,33000e-02  -1,84455e+00   3,09692e+02   2,97522e+02
           134   1,34000e-02  -1,86292e+00   3,08698e+02   2,96526e+02
           135   1,35000e-02  -1,87997e+00   3,07704e+02   2,95530e+02
           136   1,36000e-02  -1,89532e+00   3,06709e+02   2,94533e+02
           137   1,37000e-02  -1,90844e+00   3,05714e+02   2,93537e+02
           138   1,38000e-02  -1,91923e+00   3,04718e+02   2,92541e+02
           139   1,39000e-02  -1,92751e+00   3,03720e+02   2,91545e+02
           140   1,40000e-02  -1,93334e+00   3,02726e+02   2,90549e+02
           141   1,41000e-02  -1,93691e+00   3,01729e+02   2,89553e+02
           142   1,42000e-02  -1,93819e+00   3,00733e+02   2,88557e+02
           143   1,43000e-02  -1,93729e+00   2,99739e+02   2,87561e+02
           144   1,44000e-02  -1,93478e+00   2,98742e+02   2,86565e+02
           145   1,45000e-02  -1,93057e+00   2,97745e+02   2,85569e+02
           146   1,46000e-02  -1,92528e+00   2,96749e+02   2,84573e+02
           147   1,47000e-02  -1,91954e+00   2,95755e+02   2,83577e+02
           148   1,48000e-02  -1,91306e+00   2,94758e+02   2,82580e+02
           149   1,49000e-02  -1,90594e+00   2,93761e+02   2,81584e+02
           150   1,50000e-02  -1,89825e+00   2,92766e+02   2,80588e+02
           151   1,51000e-02  -1,89023e+00   2,91766e+02   2,79592e+02
           152   1,52000e-02  -1,88209e+00   2,90771e+02   2,78596e+02
           153   1,53000e-02  -1,87387e+00   2,89773e+02   2,77600e+02
           154   1,54000e-02  -1,86573e+00   2,88775e+02   2,76604e+02
           155   1,55000e-02  -1,85763e+00   2,87781e+02   2,75608e+02
           156   1,56000e-02  -1,84996e+00   2,86785e+02   2,74612e+02
           157   1,57000e-02  -1,84235e+00   2,85789e+02   2,73616e+02
           158   1,58000e-02  -1,83488e+00   2,84794e+02   2,72620e+02
           159   1,59000e-02  -1,82784e+00   2,83799e+02   2,71624e+02
           160   1,60000e-02  -1,82094e+00   2,82799e+02   2,70628e+02
           161   1,61000e-02  -1,81397e+00   2,81804e+02   2,69632e+02
           162   1,62000e-02  -1,80696e+00   2,80806e+02   2,68635e+02
           163   1,63000e-02  -1,79949e+00   2,79808e+02   2,67639e+02
           164   1,64000e-02  -1,79170e+00   2,78813e+02   2,66643e+02
           165   1,65000e-02  -1,78340e+00   2,77819e+02   2,65647e+02
           166   1,66000e-02  -1,77500e+00   2,76823e+02   2,64651e+02
           167   1,67000e-02  -1,76663e+00   2,75822e+02   2,63655e+02
           168   1,68000e-02  -1,75827e+00   2,74829e+02   2,62659e+02
           169   1,69000e-02  -1,74998e+00   2,73833e+02   2,61663e+02
           170   1,70000e-02  -1,74173e+00   2,72835e+02   2,60667e+02
           171   1,71000e-02  -1,73311e+00   2,71843e+02   2,59671e+02
           172   1,72000e-02  -1,72465e+00   2,70847e+02   2,58675e+02
           173   1,73000e-02  -1,71600e+00   2,69849e+02   2,57679e+02
           174   1,74000e-02  -1,70762e+00   2,68852e+02   2,56682e+02
           175   1,75000e-02  -1,69939e+00   2,67857e+02   2,55686e+02
           176   1,76000e-02  -1,69129e+00   2,66863e+02   2,54690e+02
           177   1,77000e-02  -1,68344e+00   2,65866e+02   2,53694e+02
           178   1,78000e-02  -1,67559e+00   2,64867e+02   2,52698e+02
           179   1,79000e-02  -1,66812e+00   2,63874e+02   2,51702e+02
           180   1,80000e-02  -1,66069e+00   2,62880e+02   2,50706e+02
           181   1,81000e-02  -1,65386e+00   2,61882e+02   2,49710e+02
           182   1,82000e-02  -1,64741e+00   2,60886e+02   2,48714e+02
           183   1,83000e-02  -1,64124e+00   2,59895e+02   2,47718e+02
           184   1,84000e-02  -1,63502e+00   2,58895e+02   2,46722e+02
           185   1,85000e-02  -1,62909e+00   2,57900e+02   2,45726e+02
           186   1,86000e-02  -1,62359e+00   2,56908e+02   2,44730e+02
           187   1,87000e-02  -1,61815e+00   2,55913e+02   2,43733e+02
           188   1,88000e-02  -1,61280e+00   2,54919e+02   2,42737e+02
           189   1,89000e-02  -1,60764e+00   2,53923e+02   2,41741e+02
           190   1,90000e-02  -1,60255e+00   2,52929e+02   2,40745e+02
           191   1,91000e-02  -1,59726e+00   2,51932e+02   2,39749e+02
           192   1,92000e-02  -1,59216e+00   2,50936e+02   2,38753e+02
           193   1,93000e-02  -1,58705e+00   2,49944e+02   2,37757e+02
           194   1,94000e-02  -1,58197e+00   2,48948e+02   2,36761e+02
           195   1,95000e-02  -1,57683e+00   2,47953e+02   2,35765e+02
           196   1,96000e-02  -1,57154e+00   2,46960e+02   2,34769e+02
           197   1,97000e-02  -1,56620e+00   2,45963e+02   2,33773e+02
           198   1,98000e-02  -1,56121e+00   2,44971e+02   2,32777e+02
           199   1,99000e-02  -1,55651e+00   2,43973e+02   2,31781e+02
           200   2,00000e-02  -1,55177e+00   2,42981e+02   2,30784e+02
           201   2,01000e-02  -1,54706e+00   2,41988e+02   2,29788e+02
           202   2,02000e-02  -1,54296e+00   2,40990e+02   2,28792e+02
           203   2,03000e-02  -1,53895e+00   2,39995e+02   2,27796e+02
           204   2,04000e-02  -1,53500e+00   2,39002e+02   2,26800e+02
           205   2,05000e-02  -1,53085e+00   2,38010e+02   2,25804e+02
           206   2,06000e-02  -1,52700e+00   2,37016e+02   2,24808e+02
           207   2,07000e-02  -1,52322e+00   2,36020e+02   2,23812e+02
           208   2,08000e-02  -1,51929e+00   2,35022e+02   2,22816e+02
           209   2,09000e-02  -1,51517e+00   2,34032e+02   2,21820e+02
           210   2,10000e-02  -1,51113e+00   2,33039e+02   2,20824e+02
           211   2,11000e-02  -1,50702e+00   2,32043e+02   2,19828e+02
           212   2,12000e-02  -1,50275e+00   2,31049e+02   2,18832e+02
           213   2,13000e-02  -1,49836e+00   2,30058e+02   2,17835e+02
           214   2,14000e-02  -1,49404e+00   2,29061e+02   2,16839e+02
           215   2,15000e-02  -1,48986e+00   2,28071e+02   2,15843e+02
           216   2,16000e-02  -1,48604e+00   2,27080e+02   2,14847e+02
           217   2,17000e-02  -1,48240e+00   2,26084e+02   2,13851e+02
           218   2,18000e-02  -1,47885e+00   2,25092e+02   2,12855e+02
           219   2,19000e-02  -1,47553e+00   2,24099e+02   2,11859e+02
           220   2,20000e-02  -1,47215e+00   2,23107e+02   2,10863e+02
           221   2,21000e-02  -1,46890e+00   2,22113e+02   2,09867e+02
           222   2,22000e-02  -1,46612e+00   2,21121e+02   2,08871e+02
           223   2,23000e-02  -1,46383e+00   2,20129e+02   2,07875e+02
           224   2,24000e-02  -1,46187e+00   2,19133e+02   2,06879e+02
           225   2,25000e-02  -1,45997e+00   2,18143e+02   2,05883e+02
           226   2,26000e-02  -1,45792e+00   2,17149e+02   2,04886e+02
           227   2,27000e-02  -1,45585e+00   2,16158e+02   2,03890e+02
           228   2,28000e-02  -1,45378e+00   2,15167e+02   2,02894e+02
           229   2,29000e-02  -1,45160e+00   2,14173e+02   2,01898e+02
           230   2,30000e-02  -1,44916e+00   2,13185e+02   2,00902e+02
           231   2,31000e-02  -1,44670e+00   2,12196e+02   1,99906e+02
           232   2,32000e-02  -1,44443e+00   2,11203e+02   1,98910e+02
           233   2,33000e-02  -1,44227e+00   2,10212e+02   1,97914e+02
           234   2,34000e-02  -1,44008e+00   2,09228e+02   1,96918e+02
           235   2,35000e-02  -1,43775e+00   2,08240e+02   1,95922e+02
           236   2,36000e-02  -1,43542e+00   2,07257e+02   1,94926e+02
           237   2,37000e-02  -1,43313e+00   2,06274e+02   1,93930e+02
           238   2,38000e-02  -1,43076e+00   2,05293e+02   1,92934e+02
           239   2,39000e-02  -1,42832e+00   2,04315e+02   1,91937e+02
           240   2,40000e-02  -1,42581e+00   2,03343e+02   1,90941e+02
           241   2,41000e-02  -1,42323e+00   2,02372e+02   1,89945e+02
           242   2,42000e-02  -1,42045e+00   2,01404e+02   1,88949e+02
           243   2,43000e-02  -1,41745e+00   2,00438e+02   1,87953e+02
           244   2,44000e-02  -1,41433e+00   1,99480e+02   1,86957e+02
           245   2,45000e-02  -1,41132e+00   1,98522e+02   1,85961e+02
           246   2,46000e-02  -1,40798e+00   1,97564e+02   1,84965e+02
           247   2,47000e-02  -1,40446e+00   1,96615e+02   1,83969e+02
           248   2,48000e-02  -1,40094e+00   1,95662e+02   1,82973e+02
           249   2,49000e-02  -1,39705e+00   1,94720e+02   1,81977e+02
           250   2,50000e-02  -1,39298e+00   1,93776e+02   1,80981e+02
           251   2,51000e-02  -1,38873e+00   1,92842e+02   1,79984e+02
           252   2,52000e-02  -1,38434e+00   1,91906e+02   1,78988e+02
           253   2,53000e-02  -1,37973e+00   1,90980e+02   1,77992e+02
           254   2,54000e-02  -1,37491e+00   1,90048e+02   1,76996e+02
           255   2,55000e-02  -1,36989e+00   1,89126e+02   1,76000e+02
           256   2,56000e-02  -1,36483e+00   1,88206e+02   1,75004e+02
           257   2,57000e-02  -1,35977e+00   1,87286e+02   1,74008e+02
           258   2,58000e-02  -1,35467e+00   1,86376e+02   1,73012e+02
           259   2,59000e-02  -1,34961e+00   1,85466e+02   1,72016e+02
           260   2,60000e-02  -1,34453e+00   1,84559e+02   1,71020e+02
           261   2,61000e-02  -1,33942e+00   1,83655e+02   1,70024e+02
           262   2,62000e-02  -1,33412e+00   1,82754e+02   1,69028e+02
           263   2,63000e-02  -1,32872e+00   1,81858e+02   1,68032e+02
           264   2,64000e-02  -1,32315e+00   1,80966e+02   1,67035e+02
           265   2,65000e-02  -1,31773e+00   1,80077e+02   1,66039e+02
           266   2,66000e-02  -1,31228e+00   1,79189e+02   1,65043e+02
           267   2,67000e-02  -1,30694e+00   1,78306e+02   1,64047e+02
           268   2,68000e-02  -1,30158e+00   1,77427e+02   1,63051e+02
           269   2,69000e-02  -1,29619e+00   1,76552e+02   1,62055e+02
           270   2,70000e-02  -1,29062e+00   1,75678e+02   1,61059e+02
           271   2,71000e-02  -1,28477e+00   1,74808e+02   1,60063e+02
           272   2,72000e-02  -1,27868e+00   1,73942e+02   1,59067e+02
           273   2,73000e-02  -1,27256e+00   1,73077e+02   1,58071e+02
           274   2,74000e-02  -1,26661e+00   1,72216e+02   1,57075e+02
           275   2,75000e-02  -1,26066e+00   1,71361e+02   1,56079e+02
           276   2,76000e-02  -1,25495e+00   1,70509e+02   1,55083e+02
           277   2,77000e-02  -1,24945e+00   1,69656e+02   1,54086e+02
           278   2,78000e-02  -1,24385e+00   1,68806e+02   1,53090e+02
           279   2,79000e-02  -1,23813e+00   1,67964e+02   1,52094e+02
           280   2,80000e-02  -1,23245e+00   1,67121e+02   1,51098e+02
           281   2,81000e-02  -1,22662e+00   1,66282e+02   1,50102e+02
           282   2,82000e-02  -1,22086e+00   1,65449e+02   1,49106e+02
           283   2,83000e-02  -1,21496e+00   1,64615e+02   1,48110e+02
           284   2,84000e-02  -1,20866e+00   1,63788e+02   1,47114e+02
           285   2,85000e-02  -1,20230e+00   1,62959e+02   1,46118e+02
           286   2,86000e-02  -1,19592e+00   1,62138e+02   1,45122e+02
           287   2,87000e-02  -1,18956e+00   1,61318e+02   1,44126e+02
           288   2,88000e-02  -1,18333e+00   1,60502e+02   1,43130e+02
           289   2,89000e-02  -1,17721e+00   1,59687e+02   1,42134e+02
           290   2,90000e-02  -1,17119e+00   1,58876e+02   1,41137e+02
           291   2,91000e-02  -1,16522e+00   1,58068e+02   1,40141e+02
           292   2,92000e-02  -1,15935e+00   1,57260e+02   1,39145e+02
           293   2,93000e-02  -1,15368e+00   1,56460e+02   1,38149e+02
           294   2,94000e-02  -1,14817e+00   1,55658e+02   1,37153e+02
           295   2,95000e-02  -1,14256e+00   1,54862e+02   1,36157e+02
           296   2,96000e-02  -1,13701e+00   1,54068e+02   1,35161e+02
           297   2,97000e-02  -1,13153e+00   1,53277e+02   1,34165e+02
           298   2,98000e-02  -1,12592e+00   1,52483e+02   1,33169e+02
           299   2,99000e-02  -1,12016e+00   1,51702e+02   1,32173e+02
           300   3,00000e-02  -1,11445e+00   1,50914e+02   1,31177e+02
           301   3,01000e-02  -1,10876e+00   1,50136e+02   1,30181e+02
           302   3,02000e-02  -1,10320e+00   1,49360e+02   1,29185e+02
           303   3,03000e-02  -1,09774e+00   1,48585e+02   1,28188e+02
           304   3,04000e-02  -1,09246e+00   1,47808e+02   1,27192e+02
           305   3,05000e-02  -1,08727e+00   1,47043e+02   1,26196e+02
           306   3,06000e-02  -1,08195e+00   1,46273e+02   1,25200e+02
           307   3,07000e-02  -1,07677e+00   1,45510e+02   1,24204e+02
           308   3,08000e-02  -1,07153e+00   1,44749e+02   1,23208e+02
           309   3,09000e-02  -1,06630e+00   1,43988e+02   1,22212e+02
           310   3,10000e-02  -1,06109e+00   1,43234e+02   1,21216e+02
           311   3,11000e-02  -1,05586e+00   1,42478e+02   1,20220e+02
           312   3,12000e-02  -1,05064e+00   1,41728e+02   1,19224e+02
           313   3,13000e-02  -1,04532e+00   1,40980e+02   1,18228e+02
           314   3,14000e-02  -1,04010e+00   1,40234e+02   1,17232e+02
           315   3,15000e-02  -1,03497e+00   1,39487e+02   1,16235e+02
           316   3,16000e-02  -1,02989e+00   1,38749e+02   1,15239e+02
           317   3,17000e-02  -1,02487e+00   1,38012e+02   1,14243e+02
           318   3,18000e-02  -1,01992e+00   1,37277e+02   1,13247e+02
           319   3,19000e-02  -1,01485e+00   1,36543e+02   1,12251e+02
           320   3,20000e-02  -1,00981e+00   1,35809e+02   1,11255e+02
           321   3,21000e-02  -1,00470e+00   1,35083e+02   1,10259e+02
           322   3,22000e-02  -9,99649e-01   1,34355e+02   1,09263e+02
           323   3,23000e-02  -9,94731e-01   1,33636e+02   1,08267e+02
           324   3,24000e-02  -9,89977e-01   1,32916e+02   1,07271e+02
           325   3,25000e-02  -9,85035e-01   1,32196e+02   1,06275e+02
           326   3,26000e-02  -9,80087e-01   1,31479e+02   1,05279e+02
           327   3,27000e-02  -9,75084e-01   1,30765e+02   1,04283e+02
           328   3,28000e-02  -9,70209e-01   1,30052e+02   1,03286e+02
           329   3,29000e-02  -9,65279e-01   1,29344e+02   1,02290e+02
           330   3,30000e-02  -9,60520e-01   1,28638e+02   1,01294e+02
           331   3,31000e-02  -9,55942e-01   1,27936e+02   1,00298e+02
           332   3,32000e-02  -9,51393e-01   1,27236e+02   9,93022e+01
           333   3,33000e-02  -9,46911e-01   1,26535e+02   9,83061e+01
           334   3,34000e-02  -9,42616e-01   1,25839e+02   9,73100e+01
           335   3,35000e-02  -9,38385e-01   1,25142e+02   9,63139e+01
           336   3,36000e-02  -9,34163e-01   1,24451e+02   9,53179e+01
           337   3,37000e-02  -9,29987e-01   1,23762e+02   9,43218e+01
           338   3,38000e-02  -9,25730e-01   1,23074e+02   9,33257e+01
           339   3,39000e-02  -9,21519e-01   1,22387e+02   9,23296e+01
           340   3,40000e-02  -9,17262e-01   1,21704e+02   9,13336e+01
           341   3,41000e-02  -9,12834e-01   1,21024e+02   9,03375e+01
           342   3,42000e-02  -9,08416e-01   1,20348e+02   8,93414e+01
           343   3,43000e-02  -9,03990e-01   1,19670e+02   8,83453e+01
           344   3,44000e-02  -8,99341e-01   1,18993e+02   8,73493e+01
           345   3,45000e-02  -8,94719e-01   1,18319e+02   8,63532e+01
           346   3,46000e-02  -8,90218e-01   1,17653e+02   8,53571e+01
           347   3,47000e-02  -8,85657e-01   1,16981e+02   8,43610e+01
           348   3,48000e-02  -8,81169e-01   1,16321e+02   8,33649e+01
           349   3,49000e-02  -8,76881e-01   1,15655e+02   8,23689e+01
           350   3,50000e-02  -8,72469e-01   1,14997e+02   8,13728e+01
           351   3,51000e-02  -8,67917e-01   1,14337e+02   8,03767e+01
           352   3,52000e-02  -8,63395e-01   1,13680e+02   7,93806e+01
           353   3,53000e-02  -8,58885e-01   1,13022e+02   7,83846e+01
           354   3,54000e-02  -8,54580e-01   1,12376e+02   7,73885e+01
           355   3,55000e-02  -8,50339e-01   1,11722e+02   7,63924e+01
           356   3,56000e-02  -8,46133e-01   1,11074e+02   7,53963e+01
           357   3,57000e-02  -8,42044e-01   1,10431e+02   7,44002e+01
           358   3,58000e-02  -8,37921e-01   1,09784e+02   7,34042e+01
           359   3,59000e-02  -8,33930e-01   1,09144e+02   7,24081e+01
           360   3,60000e-02  -8,30174e-01   1,08505e+02   7,14120e+01
           361   3,61000e-02  -8,26602e-01   1,07865e+02   7,04159e+01
           362   3,62000e-02  -8,23088e-01   1,07232e+02   6,94199e+01
           363   3,63000e-02  -8,19686e-01   1,06599e+02   6,84238e+01
           364   3,64000e-02  -8,16308e-01   1,05964e+02   6,74277e+01
           365   3,65000e-02  -8,12883e-01   1,05336e+02   6,64316e+01
           366   3,66000e-02  -8,09522e-01   1,04706e+02   6,54356e+01
           367   3,67000e-02  -8,06165e-01   1,04083e+02   6,44395e+01
           368   3,68000e-02  -8,02934e-01   1,03462e+02   6,34434e+01
           369   3,69000e-02  -7,99746e-01   1,02843e+02   6,24473e+01
           370   3,70000e-02  -7,96563e-01   1,02222e+02   6,14512e+01
           371   3,71000e-02  -7,93181e-01   1,01602e+02   6,04552e+01
           372   3,72000e-02  -7,89758e-01   1,00991e+02   5,94591e+01
           373   3,73000e-02  -7,86188e-01   1,00377e+02   5,84630e+01
           374   3,74000e-02  -7,82746e-01   9,97638e+01   5,74669e+01
           375   3,75000e-02  -7,79108e-01   9,91575e+01   5,64708e+01
           376   3,76000e-02  -7,75547e-01   9,85463e+01   5,54748e+01
           377   3,77000e-02  -7,71824e-01   9,79418e+01   5,44787e+01
           378   3,78000e-02  -7,68054e-01   9,73409e+01   5,34826e+01
           379   3,79000e-02  -7,64359e-01   9,67382e+01   5,24865e+01
           380   3,80000e-02  -7,60655e-01   9,61377e+01   5,14905e+01
           381   3,81000e-02  -7,57078e-01   9,55367e+01   5,04944e+01
           382   3,82000e-02  -7,53532e-01   9,49438e+01   4,94983e+01
           383   3,83000e-02  -7,49977e-01   9,43518e+01   4,85022e+01
           384   3,84000e-02  -7,46500e-01   9,37550e+01   4,75061e+01
           385   3,85000e-02  -7,43101e-01   9,31662e+01   4,65101e+01
           386   3,86000e-02  -7,39745e-01   9,25784e+01   4,55140e+01
           387   3,87000e-02  -7,36577e-01   9,19958e+01   4,45179e+01
           388   3,88000e-02  -7,33413e-01   9,14084e+01   4,35218e+01
           389   3,89000e-02  -7,30298e-01   9,08277e+01   4,25257e+01
           390   3,90000e-02  -7,27208e-01   9,02450e+01   4,15297e+01
           391   3,91000e-02  -7,24023e-01   8,96661e+01   4,05336e+01
           392   3,92000e-02  -7,20784e-01   8,90896e+01   3,95375e+01
           393   3,93000e-02  -7,17646e-01   8,85155e+01   3,85414e+01
           394   3,94000e-02  -7,14486e-01   8,79409e+01   3,75453e+01
           395   3,95000e-02  -7,11136e-01   8,73716e+01   3,65493e+01
           396   3,96000e-02  -7,07763e-01   8,67988e+01   3,55532e+01
           397   3,97000e-02  -7,04415e-01   8,62271e+01   3,45571e+01
           398   3,98000e-02  -7,01211e-01   8,56664e+01   3,35610e+01
           399   3,99000e-02  -6,97933e-01   8,50994e+01   3,25650e+01
           400   4,00000e-02  -6,94607e-01   8,45363e+01   3,15689e+01
           401   4,01000e-02  -6,91544e-01   8,39713e+01   3,05728e+01
           402   4,02000e-02  -6,88548e-01   8,34145e+01   2,95767e+01
           403   4,03000e-02  -6,85561e-01   8,28586e+01   2,85806e+01
           404   4,04000e-02  -6,82675e-01   8,23038e+01   2,75846e+01
           405   4,05000e-02  -6,79939e-01   8,17499e+01   2,65885e+01
           406   4,06000e-02  -6,77236e-01   8,11999e+01   2,55924e+01
           407   4,07000e-02  -6,74492e-01   8,06479e+01   2,45963e+01
           408   4,08000e-02  -6,71731e-01   8,00985e+01   2,36003e+01
           409   4,09000e-02  -6,68912e-01   7,95529e+01   2,26042e+01
           410   4,10000e-02  -6,66110e-01   7,90054e+01   2,16081e+01
           411   4,11000e-02  -6,63295e-01   7,84618e+01   2,06120e+01
           412   4,12000e-02  -6,60411e-01   7,79177e+01   1,96159e+01
           413   4,13000e-02  -6,57508e-01   7,73776e+01   1,86199e+01
           414   4,14000e-02  -6,54759e-01   7,68384e+01   1,76238e+01
           415   4,15000e-02  -6,51775e-01   7,63018e+01   1,66277e+01
           416   4,16000e-02  -6,48900e-01   7,57661e+01   1,56316e+01
           417   4,17000e-02  -6,46077e-01   7,52359e+01   1,46356e+01
           418   4,18000e-02  -6,43181e-01   7,47052e+01   1,36395e+01
           419   4,19000e-02  -6,40331e-01   7,41697e+01   1,26434e+01
           420   4,20000e-02  -6,37505e-01   7,36410e+01   1,16473e+01
           421   4,21000e-02  -6,34598e-01   7,31149e+01   1,06513e+01
           422   4,22000e-02  -6,31773e-01   7,25927e+01   9,65518e+00
           423   4,23000e-02  -6,29017e-01   7,20671e+01   8,65909e+00
           424   4,24000e-02  -6,26328e-01   7,15426e+01   7,66303e+00
           425   4,25000e-02  -6,23583e-01   7,10235e+01   6,66693e+00
           426   4,26000e-02  -6,20941e-01   7,05025e+01   5,67088e+00
           427   4,27000e-02  -6,18368e-01   6,99855e+01   4,67478e+00
           428   4,28000e-02  -6,15729e-01   6,94740e+01   3,67872e+00
           429   4,29000e-02  -6,13126e-01   6,89547e+01   2,68263e+00
           430   4,30000e-02  -6,10585e-01   6,84453e+01   1,68657e+00
           431   4,31000e-02  -6,08083e-01   6,79369e+01   6,90477e-01
           432   4,32000e-02  -6,05560e-01   6,74252e+01  -3,05581e-01
           433   4,33000e-02  -6,03055e-01   6,69174e+01  -1,30168e+00
           434   4,34000e-02  -6,00458e-01   6,64123e+01  -2,29773e+00
           435   4,35000e-02  -5,97836e-01   6,59067e+01  -3,29383e+00
           436   4,36000e-02  -5,95140e-01   6,54036e+01  -4,28992e+00
           437   4,37000e-02  -5,92462e-01   6,49016e+01  -5,28598e+00
           438   4,38000e-02  -5,89806e-01   6,44007e+01  -6,28207e+00
           439   4,39000e-02  -5,87303e-01   6,39009e+01  -7,27813e+00
           440   4,40000e-02  -5,84952e-01   6,34051e+01  -8,27423e+00
           441   4,41000e-02  -5,82558e-01   6,29104e+01  -9,27028e+00
           442   4,42000e-02  -5,80173e-01   6,24153e+01  -1,02664e+01
           443   4,43000e-02  -5,77646e-01   6,19273e+01  -1,12624e+01
           444   4,44000e-02  -5,75209e-01   6,14329e+01  -1,22585e+01
           445   4,45000e-02  -5,72811e-01   6,09456e+01  -1,32546e+01
           446   4,46000e-02  -5,70342e-01   6,04578e+01  -1,42507e+01
           447   4,47000e-02  -5,67932e-01   5,99666e+01  -1,52468e+01
           448   4,48000e-02  -5,65450e-01   5,94826e+01  -1,62428e+01
           449   4,49000e-02  -5,62970e-01   5,89966e+01  -1,72389e+01
           450   4,50000e-02  -5,60538e-01   5,85148e+01  -1,82350e+01
           451   4,51000e-02  -5,58254e-01   5,80340e+01  -1,92311e+01
           452   4,52000e-02  -5,56089e-01   5,75574e+01  -2,02271e+01
           453   4,53000e-02  -5,53928e-01   5,70804e+01  -2,12232e+01
           454   4,54000e-02  -5,51683e-01   5,66046e+01  -2,22193e+01
           455   4,55000e-02  -5,49502e-01   5,61328e+01  -2,32154e+01
           456   4,56000e-02  -5,47205e-01   5,56592e+01  -2,42114e+01
           457   4,57000e-02  -5,44983e-01   5,51836e+01  -2,52075e+01
           458   4,58000e-02  -5,42686e-01   5,47183e+01  -2,62036e+01
           459   4,59000e-02  -5,40537e-01   5,42481e+01  -2,71997e+01
           460   4,60000e-02  -5,38364e-01   5,37774e+01  -2,81958e+01
           461   4,61000e-02  -5,36249e-01   5,33094e+01  -2,91918e+01
           462   4,62000e-02  -5,34161e-01   5,28455e+01  -3,01879e+01
           463   4,63000e-02  -5,31924e-01   5,23829e+01  -3,11840e+01
           464   4,64000e-02  -5,29559e-01   5,19198e+01  -3,21801e+01
           465   4,65000e-02  -5,27130e-01   5,14655e+01  -3,31761e+01
           466   4,66000e-02  -5,24761e-01   5,10032e+01  -3,41722e+01
           467   4,67000e-02  -5,22550e-01   5,05466e+01  -3,51683e+01
           468   4,68000e-02  -5,20509e-01   5,00928e+01  -3,61644e+01
           469   4,69000e-02  -5,18416e-01   4,96354e+01  -3,71605e+01
           470   4,70000e-02  -5,16328e-01   4,91839e+01  -3,81565e+01
           471   4,71000e-02  -5,14311e-01   4,87304e+01  -3,91526e+01
           472   4,72000e-02  -5,12259e-01   4,82796e+01  -4,01487e+01
           473   4,73000e-02  -5,10246e-01   4,78315e+01  -4,11448e+01
           474   4,74000e-02  -5,08091e-01   4,73784e+01  -4,21409e+01
           475   4,75000e-02  -5,06014e-01   4,69389e+01  -4,31369e+01
           476   4,76000e-02  -5,03965e-01   4,64882e+01  -4,41330e+01
           477   4,77000e-02  -5,01913e-01   4,60417e+01  -4,51291e+01
           478   4,78000e-02  -4,99858e-01   4,55995e+01  -4,61252e+01
           479   4,79000e-02  -4,97652e-01   4,51600e+01  -4,71213e+01
           480   4,80000e-02  -4,95434e-01   4,47248e+01  -4,81173e+01
           481   4,81000e-02  -4,93280e-01   4,42831e+01  -4,91134e+01
           482   4,82000e-02  -4,91173e-01   4,38456e+01  -5,01095e+01
           483   4,83000e-02  -4,89180e-01   4,34078e+01  -5,11056e+01
           484   4,84000e-02  -4,87256e-01   4,29758e+01  -5,21017e+01
           485   4,85000e-02  -4,85322e-01   4,25435e+01  -5,30977e+01
           486   4,86000e-02  -4,83462e-01   4,21124e+01  -5,40938e+01
           487   4,87000e-02  -4,81576e-01   4,16794e+01  -5,50899e+01
           488   4,88000e-02  -4,79581e-01   4,12491e+01  -5,60860e+01
           489   4,89000e-02  -4,77550e-01   4,08185e+01  -5,70820e+01
           490   4,90000e-02  -4,75520e-01   4,03922e+01  -5,80781e+01
           491   4,91000e-02  -4,73451e-01   3,99687e+01  -5,90742e+01
           492   4,92000e-02  -4,71531e-01   3,95479e+01  -6,00703e+01
           493   4,93000e-02  -4,69512e-01   3,91174e+01  -6,10664e+01
           494   4,94000e-02  -4,67590e-01   3,86992e+01  -6,20624e+01
           495   4,95000e-02  -4,65654e-01   3,82774e+01  -6,30585e+01
           496   4,96000e-02  -4,63776e-01   3,78600e+01  -6,40546e+01
           497   4,97000e-02  -4,61838e-01   3,74454e+01  -6,50507e+01
           498   4,98000e-02  -4,59864e-01   3,70241e+01  -6,60467e+01
           499   4,99000e-02  -4,57933e-01   3,66120e+01  -6,70428e+01
           500   5,00000e-02  -4,55946e-01   3,61932e+01  -6,80389e+01
           501   5,01000e-02  -4,54019e-01   3,57852e+01  -6,90350e+01
           502   5,02000e-02  -4,52073e-01   3,53705e+01  -7,00311e+01
           503   5,03000e-02  -4,50197e-01   3,49601e+01  -7,10271e+01
           504   5,04000e-02  -4,48389e-01   3,45479e+01  -7,20232e+01
           505   5,05000e-02  -4,46597e-01   3,41385e+01  -7,30193e+01
           506   5,06000e-02  -4,44859e-01   3,37367e+01  -7,40154e+01
           507   5,07000e-02  -4,43087e-01   3,33282e+01  -7,50114e+01
           508   5,08000e-02  -4,41370e-01   3,29257e+01  -7,60075e+01
           509   5,09000e-02  -4,39652e-01   3,25213e+01  -7,70036e+01
&ISTI23 90816 Jos_usf2_coolings_2000_4000_6000_8000_10000
