         Index             t     Heat Flow            Ts            Tr
           [#]           [s]          [mW]          [°C]          [°C]
             0   0,00000e+00  -1,27398e-01   4,29792e+02   4,30000e+02
             1   1,00000e-04  -1,27610e-01   4,29789e+02   4,29600e+02
             2   2,00000e-04  -1,26759e-01   4,29776e+02   4,29200e+02
             3   3,00000e-04  -1,24197e-01   4,29756e+02   4,28800e+02
             4   4,00000e-04  -1,20612e-01   4,29714e+02   4,28400e+02
             5   5,00000e-04  -1,17476e-01   4,29646e+02   4,28000e+02
             6   6,00000e-04  -1,16063e-01   4,29536e+02   4,27600e+02
             7   7,00000e-04  -1,16643e-01   4,29383e+02   4,27200e+02
             8   8,00000e-04  -1,18463e-01   4,29198e+02   4,26800e+02
             9   9,00000e-04  -1,20336e-01   4,28989e+02   4,26400e+02
            10   1,00000e-03  -1,21219e-01   4,28771e+02   4,26000e+02
            11   1,10000e-03  -1,20976e-01   4,28547e+02   4,25600e+02
            12   1,20000e-03  -1,20140e-01   4,28316e+02   4,25200e+02
            13   1,30000e-03  -1,19909e-01   4,28072e+02   4,24800e+02
            14   1,40000e-03  -1,20979e-01   4,27802e+02   4,24400e+02
            15   1,50000e-03  -1,23567e-01   4,27515e+02   4,24000e+02
            16   1,60000e-03  -1,27340e-01   4,27211e+02   4,23600e+02
            17   1,70000e-03  -1,31654e-01   4,26898e+02   4,23200e+02
            18   1,80000e-03  -1,35885e-01   4,26581e+02   4,22800e+02
            19   1,90000e-03  -1,40152e-01   4,26268e+02   4,22400e+02
            20   2,00000e-03  -1,44810e-01   4,25946e+02   4,22000e+02
            21   2,10000e-03  -1,50498e-01   4,25624e+02   4,21600e+02
            22   2,20000e-03  -1,57745e-01   4,25284e+02   4,21200e+02
            23   2,30000e-03  -1,66555e-01   4,24936e+02   4,20800e+02
            24   2,40000e-03  -1,76803e-01   4,24584e+02   4,20400e+02
            25   2,50000e-03  -1,87951e-01   4,24224e+02   4,20000e+02
            26   2,60000e-03  -1,99567e-01   4,23863e+02   4,19600e+02
            27   2,70000e-03  -2,11576e-01   4,23506e+02   4,19200e+02
            28   2,80000e-03  -2,24329e-01   4,23145e+02   4,18800e+02
            29   2,90000e-03  -2,38190e-01   4,22783e+02   4,18400e+02
            30   3,00000e-03  -2,53496e-01   4,22413e+02   4,18000e+02
            31   3,10000e-03  -2,69972e-01   4,22035e+02   4,17600e+02
            32   3,20000e-03  -2,87233e-01   4,21659e+02   4,17200e+02
            33   3,30000e-03  -3,04811e-01   4,21279e+02   4,16800e+02
            34   3,40000e-03  -3,22404e-01   4,20897e+02   4,16400e+02
            35   3,50000e-03  -3,39806e-01   4,20521e+02   4,16000e+02
            36   3,60000e-03  -3,57176e-01   4,20141e+02   4,15600e+02
            37   3,70000e-03  -3,74686e-01   4,19762e+02   4,15200e+02
            38   3,80000e-03  -3,92339e-01   4,19375e+02   4,14800e+02
            39   3,90000e-03  -4,10055e-01   4,18987e+02   4,14400e+02
            40   4,00000e-03  -4,27439e-01   4,18597e+02   4,14000e+02
            41   4,10000e-03  -4,44247e-01   4,18207e+02   4,13600e+02
            42   4,20000e-03  -4,60051e-01   4,17819e+02   4,13200e+02
            43   4,30000e-03  -4,74635e-01   4,17431e+02   4,12800e+02
            44   4,40000e-03  -4,88425e-01   4,17041e+02   4,12400e+02
            45   4,50000e-03  -5,01758e-01   4,16651e+02   4,12000e+02
            46   4,60000e-03  -5,14636e-01   4,16260e+02   4,11600e+02
            47   4,70000e-03  -5,27126e-01   4,15867e+02   4,11200e+02
            48   4,80000e-03  -5,38980e-01   4,15472e+02   4,10800e+02
            49   4,90000e-03  -5,49995e-01   4,15080e+02   4,10400e+02
            50   5,00000e-03  -5,60043e-01   4,14685e+02   4,10000e+02
            51   5,10000e-03  -5,69172e-01   4,14294e+02   4,09600e+02
            52   5,20000e-03  -5,77608e-01   4,13900e+02   4,09200e+02
            53   5,30000e-03  -5,85466e-01   4,13505e+02   4,08800e+02
            54   5,40000e-03  -5,93094e-01   4,13109e+02   4,08400e+02
            55   5,50000e-03  -6,00313e-01   4,12715e+02   4,08000e+02
            56   5,60000e-03  -6,07303e-01   4,12317e+02   4,07600e+02
            57   5,70000e-03  -6,13650e-01   4,11919e+02   4,07200e+02
            58   5,80000e-03  -6,19383e-01   4,11525e+02   4,06800e+02
            59   5,90000e-03  -6,24640e-01   4,11128e+02   4,06400e+02
            60   6,00000e-03  -6,29989e-01   4,10731e+02   4,06000e+02
            61   6,10000e-03  -6,35087e-01   4,10334e+02   4,05600e+02
            62   6,20000e-03  -6,40202e-01   4,09938e+02   4,05200e+02
            63   6,30000e-03  -6,45261e-01   4,09542e+02   4,04800e+02
            64   6,40000e-03  -6,49931e-01   4,09143e+02   4,04400e+02
            65   6,50000e-03  -6,54454e-01   4,08746e+02   4,04000e+02
            66   6,60000e-03  -6,58963e-01   4,08349e+02   4,03600e+02
            67   6,70000e-03  -6,63243e-01   4,07950e+02   4,03200e+02
            68   6,80000e-03  -6,67423e-01   4,07552e+02   4,02800e+02
            69   6,90000e-03  -6,71340e-01   4,07153e+02   4,02400e+02
            70   7,00000e-03  -6,75232e-01   4,06759e+02   4,02000e+02
            71   7,10000e-03  -6,78810e-01   4,06361e+02   4,01600e+02
            72   7,20000e-03  -6,82160e-01   4,05958e+02   4,01200e+02
            73   7,30000e-03  -6,85388e-01   4,05561e+02   4,00800e+02
            74   7,40000e-03  -6,88430e-01   4,05165e+02   4,00400e+02
            75   7,50000e-03  -6,91356e-01   4,04768e+02   4,00000e+02
            76   7,60000e-03  -6,94036e-01   4,04367e+02   3,99600e+02
            77   7,70000e-03  -6,96558e-01   4,03970e+02   3,99200e+02
            78   7,80000e-03  -6,98811e-01   4,03570e+02   3,98800e+02
            79   7,90000e-03  -7,00816e-01   4,03174e+02   3,98400e+02
            80   8,00000e-03  -7,02693e-01   4,02774e+02   3,98000e+02
            81   8,10000e-03  -7,04409e-01   4,02375e+02   3,97600e+02
            82   8,20000e-03  -7,06048e-01   4,01976e+02   3,97200e+02
            83   8,30000e-03  -7,07514e-01   4,01577e+02   3,96800e+02
            84   8,40000e-03  -7,08984e-01   4,01177e+02   3,96400e+02
            85   8,50000e-03  -7,10319e-01   4,00781e+02   3,96000e+02
            86   8,60000e-03  -7,11274e-01   4,00380e+02   3,95600e+02
            87   8,70000e-03  -7,12151e-01   3,99985e+02   3,95200e+02
            88   8,80000e-03  -7,13095e-01   3,99586e+02   3,94800e+02
            89   8,90000e-03  -7,14067e-01   3,99186e+02   3,94400e+02
            90   9,00000e-03  -7,15027e-01   3,98787e+02   3,94000e+02
            91   9,10000e-03  -7,15955e-01   3,98388e+02   3,93600e+02
            92   9,20000e-03  -7,16788e-01   3,97990e+02   3,93200e+02
            93   9,30000e-03  -7,17430e-01   3,97588e+02   3,92800e+02
            94   9,40000e-03  -7,18061e-01   3,97191e+02   3,92400e+02
            95   9,50000e-03  -7,18728e-01   3,96792e+02   3,92000e+02
            96   9,60000e-03  -7,19463e-01   3,96394e+02   3,91600e+02
            97   9,70000e-03  -7,20075e-01   3,95995e+02   3,91200e+02
            98   9,80000e-03  -7,20652e-01   3,95593e+02   3,90800e+02
            99   9,90000e-03  -7,21489e-01   3,95195e+02   3,90400e+02
           100   1,00000e-02  -7,22120e-01   3,94796e+02   3,90000e+02
           101   1,01000e-02  -7,22612e-01   3,94396e+02   3,89600e+02
           102   1,02000e-02  -7,22978e-01   3,93996e+02   3,89200e+02
           103   1,03000e-02  -7,23312e-01   3,93598e+02   3,88800e+02
           104   1,04000e-02  -7,23472e-01   3,93201e+02   3,88400e+02
           105   1,05000e-02  -7,23522e-01   3,92800e+02   3,88000e+02
           106   1,06000e-02  -7,23473e-01   3,92402e+02   3,87600e+02
           107   1,07000e-02  -7,23630e-01   3,92001e+02   3,87200e+02
           108   1,08000e-02  -7,23820e-01   3,91606e+02   3,86800e+02
           109   1,09000e-02  -7,24066e-01   3,91205e+02   3,86400e+02
           110   1,10000e-02  -7,24213e-01   3,90802e+02   3,86000e+02
           111   1,11000e-02  -7,24290e-01   3,90404e+02   3,85600e+02
           112   1,12000e-02  -7,24315e-01   3,90006e+02   3,85200e+02
           113   1,13000e-02  -7,24246e-01   3,89607e+02   3,84800e+02
           114   1,14000e-02  -7,24228e-01   3,89206e+02   3,84400e+02
           115   1,15000e-02  -7,24164e-01   3,88810e+02   3,84000e+02
           116   1,16000e-02  -7,24064e-01   3,88406e+02   3,83600e+02
           117   1,17000e-02  -7,23922e-01   3,88010e+02   3,83200e+02
           118   1,18000e-02  -7,23824e-01   3,87607e+02   3,82800e+02
           119   1,19000e-02  -7,23792e-01   3,87210e+02   3,82400e+02
           120   1,20000e-02  -7,23835e-01   3,86809e+02   3,82000e+02
           121   1,21000e-02  -7,23887e-01   3,86413e+02   3,81600e+02
           122   1,22000e-02  -7,23911e-01   3,86009e+02   3,81200e+02
           123   1,23000e-02  -7,24048e-01   3,85611e+02   3,80800e+02
           124   1,24000e-02  -7,24173e-01   3,85212e+02   3,80400e+02
           125   1,25000e-02  -7,24283e-01   3,84811e+02   3,80000e+02
           126   1,26000e-02  -7,24260e-01   3,84414e+02   3,79600e+02
           127   1,27000e-02  -7,24092e-01   3,84012e+02   3,79200e+02
           128   1,28000e-02  -7,23946e-01   3,83613e+02   3,78800e+02
           129   1,29000e-02  -7,23975e-01   3,83215e+02   3,78400e+02
           130   1,30000e-02  -7,23853e-01   3,82817e+02   3,78000e+02
           131   1,31000e-02  -7,23674e-01   3,82414e+02   3,77600e+02
           132   1,32000e-02  -7,23463e-01   3,82017e+02   3,77200e+02
           133   1,33000e-02  -7,23304e-01   3,81617e+02   3,76800e+02
           134   1,34000e-02  -7,23215e-01   3,81219e+02   3,76400e+02
           135   1,35000e-02  -7,23139e-01   3,80818e+02   3,76000e+02
           136   1,36000e-02  -7,22891e-01   3,80415e+02   3,75600e+02
           137   1,37000e-02  -7,22703e-01   3,80021e+02   3,75200e+02
           138   1,38000e-02  -7,22637e-01   3,79620e+02   3,74800e+02
           139   1,39000e-02  -7,22473e-01   3,79220e+02   3,74400e+02
           140   1,40000e-02  -7,22360e-01   3,78822e+02   3,74000e+02
           141   1,41000e-02  -7,22350e-01   3,78423e+02   3,73600e+02
           142   1,42000e-02  -7,22284e-01   3,78021e+02   3,73200e+02
           143   1,43000e-02  -7,21975e-01   3,77625e+02   3,72800e+02
           144   1,44000e-02  -7,21487e-01   3,77223e+02   3,72400e+02
           145   1,45000e-02  -7,21088e-01   3,76826e+02   3,72000e+02
           146   1,46000e-02  -7,20858e-01   3,76427e+02   3,71600e+02
           147   1,47000e-02  -7,20638e-01   3,76023e+02   3,71200e+02
           148   1,48000e-02  -7,20450e-01   3,75625e+02   3,70800e+02
           149   1,49000e-02  -7,20164e-01   3,75224e+02   3,70400e+02
           150   1,50000e-02  -7,19723e-01   3,74825e+02   3,70000e+02
           151   1,51000e-02  -7,19002e-01   3,74427e+02   3,69600e+02
           152   1,52000e-02  -7,18655e-01   3,74027e+02   3,69200e+02
           153   1,53000e-02  -7,18412e-01   3,73628e+02   3,68800e+02
           154   1,54000e-02  -7,18395e-01   3,73228e+02   3,68400e+02
           155   1,55000e-02  -7,18338e-01   3,72829e+02   3,68000e+02
           156   1,56000e-02  -7,18274e-01   3,72431e+02   3,67600e+02
           157   1,57000e-02  -7,18133e-01   3,72029e+02   3,67200e+02
           158   1,58000e-02  -7,18051e-01   3,71632e+02   3,66800e+02
           159   1,59000e-02  -7,17823e-01   3,71230e+02   3,66400e+02
           160   1,60000e-02  -7,17608e-01   3,70832e+02   3,66000e+02
           161   1,61000e-02  -7,17504e-01   3,70431e+02   3,65600e+02
           162   1,62000e-02  -7,17569e-01   3,70033e+02   3,65200e+02
           163   1,63000e-02  -7,17540e-01   3,69634e+02   3,64800e+02
           164   1,64000e-02  -7,17539e-01   3,69236e+02   3,64400e+02
           165   1,65000e-02  -7,17342e-01   3,68836e+02   3,64000e+02
           166   1,66000e-02  -7,17056e-01   3,68435e+02   3,63600e+02
           167   1,67000e-02  -7,16864e-01   3,68039e+02   3,63200e+02
           168   1,68000e-02  -7,16746e-01   3,67636e+02   3,62800e+02
           169   1,69000e-02  -7,16624e-01   3,67237e+02   3,62400e+02
           170   1,70000e-02  -7,16485e-01   3,66837e+02   3,62000e+02
           171   1,71000e-02  -7,16336e-01   3,66437e+02   3,61600e+02
           172   1,72000e-02  -7,16120e-01   3,66040e+02   3,61200e+02
           173   1,73000e-02  -7,15926e-01   3,65638e+02   3,60800e+02
           174   1,74000e-02  -7,15652e-01   3,65239e+02   3,60400e+02
           175   1,75000e-02  -7,15702e-01   3,64841e+02   3,60000e+02
           176   1,76000e-02  -7,15794e-01   3,64439e+02   3,59600e+02
           177   1,77000e-02  -7,15928e-01   3,64039e+02   3,59200e+02
           178   1,78000e-02  -7,15796e-01   3,63641e+02   3,58800e+02
           179   1,79000e-02  -7,15497e-01   3,63243e+02   3,58400e+02
           180   1,80000e-02  -7,15213e-01   3,62845e+02   3,58000e+02
           181   1,81000e-02  -7,15153e-01   3,62444e+02   3,57600e+02
           182   1,82000e-02  -7,15287e-01   3,62046e+02   3,57200e+02
           183   1,83000e-02  -7,15459e-01   3,61645e+02   3,56800e+02
           184   1,84000e-02  -7,15481e-01   3,61247e+02   3,56400e+02
           185   1,85000e-02  -7,15410e-01   3,60845e+02   3,56000e+02
           186   1,86000e-02  -7,15464e-01   3,60446e+02   3,55600e+02
           187   1,87000e-02  -7,15518e-01   3,60047e+02   3,55200e+02
           188   1,88000e-02  -7,15573e-01   3,59647e+02   3,54800e+02
           189   1,89000e-02  -7,15455e-01   3,59247e+02   3,54400e+02
           190   1,90000e-02  -7,15367e-01   3,58846e+02   3,54000e+02
           191   1,91000e-02  -7,15335e-01   3,58450e+02   3,53600e+02
           192   1,92000e-02  -7,15408e-01   3,58049e+02   3,53200e+02
           193   1,93000e-02  -7,15453e-01   3,57650e+02   3,52800e+02
           194   1,94000e-02  -7,15647e-01   3,57249e+02   3,52400e+02
           195   1,95000e-02  -7,15715e-01   3,56850e+02   3,52000e+02
           196   1,96000e-02  -7,15706e-01   3,56447e+02   3,51600e+02
           197   1,97000e-02  -7,15777e-01   3,56048e+02   3,51200e+02
           198   1,98000e-02  -7,15780e-01   3,55649e+02   3,50800e+02
           199   1,99000e-02  -7,15687e-01   3,55251e+02   3,50400e+02
           200   2,00000e-02  -7,15623e-01   3,54853e+02   3,50000e+02
           201   2,01000e-02  -7,15730e-01   3,54454e+02   3,49600e+02
           202   2,02000e-02  -7,15878e-01   3,54054e+02   3,49200e+02
           203   2,03000e-02  -7,15999e-01   3,53652e+02   3,48800e+02
           204   2,04000e-02  -7,16029e-01   3,53252e+02   3,48400e+02
           205   2,05000e-02  -7,15983e-01   3,52854e+02   3,48000e+02
           206   2,06000e-02  -7,15857e-01   3,52453e+02   3,47600e+02
           207   2,07000e-02  -7,15790e-01   3,52056e+02   3,47200e+02
           208   2,08000e-02  -7,15624e-01   3,51656e+02   3,46800e+02
           209   2,09000e-02  -7,15412e-01   3,51256e+02   3,46400e+02
           210   2,10000e-02  -7,15218e-01   3,50857e+02   3,46000e+02
           211   2,11000e-02  -7,15137e-01   3,50457e+02   3,45600e+02
           212   2,12000e-02  -7,15018e-01   3,50058e+02   3,45200e+02
           213   2,13000e-02  -7,14866e-01   3,49656e+02   3,44800e+02
           214   2,14000e-02  -7,14813e-01   3,49259e+02   3,44400e+02
           215   2,15000e-02  -7,14712e-01   3,48859e+02   3,44000e+02
           216   2,16000e-02  -7,14528e-01   3,48459e+02   3,43600e+02
           217   2,17000e-02  -7,14424e-01   3,48059e+02   3,43200e+02
           218   2,18000e-02  -7,14440e-01   3,47660e+02   3,42800e+02
           219   2,19000e-02  -7,14314e-01   3,47260e+02   3,42400e+02
           220   2,20000e-02  -7,14183e-01   3,46856e+02   3,42000e+02
           221   2,21000e-02  -7,14069e-01   3,46462e+02   3,41600e+02
           222   2,22000e-02  -7,14094e-01   3,46061e+02   3,41200e+02
           223   2,23000e-02  -7,14083e-01   3,45663e+02   3,40800e+02
           224   2,24000e-02  -7,14062e-01   3,45263e+02   3,40400e+02
           225   2,25000e-02  -7,14083e-01   3,44865e+02   3,40000e+02
           226   2,26000e-02  -7,14312e-01   3,44466e+02   3,39600e+02
           227   2,27000e-02  -7,14488e-01   3,44066e+02   3,39200e+02
           228   2,28000e-02  -7,14625e-01   3,43665e+02   3,38800e+02
           229   2,29000e-02  -7,14687e-01   3,43266e+02   3,38400e+02
           230   2,30000e-02  -7,14720e-01   3,42867e+02   3,38000e+02
           231   2,31000e-02  -7,14698e-01   3,42465e+02   3,37600e+02
           232   2,32000e-02  -7,14688e-01   3,42069e+02   3,37200e+02
           233   2,33000e-02  -7,14825e-01   3,41664e+02   3,36800e+02
           234   2,34000e-02  -7,14875e-01   3,41267e+02   3,36400e+02
           235   2,35000e-02  -7,14922e-01   3,40868e+02   3,36000e+02
           236   2,36000e-02  -7,14770e-01   3,40468e+02   3,35600e+02
           237   2,37000e-02  -7,14558e-01   3,40069e+02   3,35200e+02
           238   2,38000e-02  -7,14330e-01   3,39667e+02   3,34800e+02
           239   2,39000e-02  -7,14297e-01   3,39269e+02   3,34400e+02
           240   2,40000e-02  -7,14511e-01   3,38870e+02   3,34000e+02
           241   2,41000e-02  -7,14756e-01   3,38470e+02   3,33600e+02
           242   2,42000e-02  -7,15023e-01   3,38069e+02   3,33200e+02
           243   2,43000e-02  -7,15192e-01   3,37671e+02   3,32800e+02
           244   2,44000e-02  -7,15355e-01   3,37273e+02   3,32400e+02
           245   2,45000e-02  -7,15656e-01   3,36872e+02   3,32000e+02
           246   2,46000e-02  -7,15995e-01   3,36474e+02   3,31600e+02
           247   2,47000e-02  -7,16509e-01   3,36078e+02   3,31200e+02
           248   2,48000e-02  -7,17112e-01   3,35677e+02   3,30800e+02
           249   2,49000e-02  -7,17966e-01   3,35276e+02   3,30400e+02
           250   2,50000e-02  -7,18741e-01   3,34872e+02   3,30000e+02
           251   2,51000e-02  -7,19313e-01   3,34476e+02   3,29600e+02
           252   2,52000e-02  -7,19810e-01   3,34079e+02   3,29200e+02
           253   2,53000e-02  -7,20268e-01   3,33674e+02   3,28800e+02
           254   2,54000e-02  -7,20710e-01   3,33281e+02   3,28400e+02
           255   2,55000e-02  -7,21323e-01   3,32879e+02   3,28000e+02
           256   2,56000e-02  -7,22013e-01   3,32480e+02   3,27600e+02
           257   2,57000e-02  -7,22798e-01   3,32076e+02   3,27200e+02
           258   2,58000e-02  -7,23542e-01   3,31680e+02   3,26800e+02
           259   2,59000e-02  -7,24379e-01   3,31280e+02   3,26400e+02
           260   2,60000e-02  -7,25128e-01   3,30881e+02   3,26000e+02
           261   2,61000e-02  -7,26046e-01   3,30481e+02   3,25600e+02
           262   2,62000e-02  -7,26895e-01   3,30082e+02   3,25200e+02
           263   2,63000e-02  -7,27860e-01   3,29685e+02   3,24800e+02
           264   2,64000e-02  -7,29101e-01   3,29286e+02   3,24400e+02
           265   2,65000e-02  -7,30312e-01   3,28884e+02   3,24000e+02
           266   2,66000e-02  -7,31654e-01   3,28488e+02   3,23600e+02
           267   2,67000e-02  -7,33121e-01   3,28087e+02   3,23200e+02
           268   2,68000e-02  -7,34830e-01   3,27687e+02   3,22800e+02
           269   2,69000e-02  -7,36961e-01   3,27287e+02   3,22400e+02
           270   2,70000e-02  -7,39477e-01   3,26887e+02   3,22000e+02
           271   2,71000e-02  -7,42257e-01   3,26491e+02   3,21600e+02
           272   2,72000e-02  -7,45431e-01   3,26088e+02   3,21200e+02
           273   2,73000e-02  -7,49041e-01   3,25689e+02   3,20800e+02
           274   2,74000e-02  -7,53074e-01   3,25292e+02   3,20400e+02
           275   2,75000e-02  -7,57695e-01   3,24894e+02   3,20000e+02
           276   2,76000e-02  -7,62995e-01   3,24495e+02   3,19600e+02
           277   2,77000e-02  -7,69145e-01   3,24093e+02   3,19200e+02
           278   2,78000e-02  -7,76077e-01   3,23694e+02   3,18800e+02
           279   2,79000e-02  -7,83993e-01   3,23297e+02   3,18400e+02
           280   2,80000e-02  -7,92843e-01   3,22897e+02   3,18000e+02
           281   2,81000e-02  -8,02478e-01   3,22500e+02   3,17600e+02
           282   2,82000e-02  -8,13027e-01   3,22102e+02   3,17200e+02
           283   2,83000e-02  -8,24362e-01   3,21701e+02   3,16800e+02
           284   2,84000e-02  -8,36707e-01   3,21303e+02   3,16400e+02
           285   2,85000e-02  -8,49729e-01   3,20907e+02   3,16000e+02
           286   2,86000e-02  -8,63357e-01   3,20504e+02   3,15600e+02
           287   2,87000e-02  -8,77360e-01   3,20108e+02   3,15200e+02
           288   2,88000e-02  -8,91194e-01   3,19708e+02   3,14800e+02
           289   2,89000e-02  -9,04575e-01   3,19304e+02   3,14400e+02
           290   2,90000e-02  -9,17428e-01   3,18908e+02   3,14000e+02
           291   2,91000e-02  -9,29531e-01   3,18509e+02   3,13600e+02
           292   2,92000e-02  -9,40679e-01   3,18111e+02   3,13200e+02
           293   2,93000e-02  -9,50530e-01   3,17711e+02   3,12800e+02
           294   2,94000e-02  -9,58936e-01   3,17312e+02   3,12400e+02
           295   2,95000e-02  -9,65794e-01   3,16914e+02   3,12000e+02
           296   2,96000e-02  -9,71079e-01   3,16511e+02   3,11600e+02
           297   2,97000e-02  -9,74747e-01   3,16111e+02   3,11200e+02
           298   2,98000e-02  -9,76802e-01   3,15715e+02   3,10800e+02
           299   2,99000e-02  -9,77240e-01   3,15312e+02   3,10400e+02
           300   3,00000e-02  -9,76573e-01   3,14911e+02   3,10000e+02
           301   3,01000e-02  -9,74695e-01   3,14513e+02   3,09600e+02
           302   3,02000e-02  -9,71559e-01   3,14113e+02   3,09200e+02
           303   3,03000e-02  -9,67367e-01   3,13713e+02   3,08800e+02
           304   3,04000e-02  -9,62488e-01   3,13313e+02   3,08400e+02
           305   3,05000e-02  -9,56777e-01   3,12912e+02   3,08000e+02
           306   3,06000e-02  -9,50537e-01   3,12512e+02   3,07600e+02
           307   3,07000e-02  -9,43973e-01   3,12115e+02   3,07200e+02
           308   3,08000e-02  -9,37214e-01   3,11716e+02   3,06800e+02
           309   3,09000e-02  -9,30504e-01   3,11317e+02   3,06400e+02
           310   3,10000e-02  -9,23865e-01   3,10914e+02   3,06000e+02
           311   3,11000e-02  -9,17307e-01   3,10512e+02   3,05600e+02
           312   3,12000e-02  -9,10647e-01   3,10113e+02   3,05200e+02
           313   3,13000e-02  -9,04296e-01   3,09712e+02   3,04800e+02
           314   3,14000e-02  -8,98172e-01   3,09309e+02   3,04400e+02
           315   3,15000e-02  -8,92162e-01   3,08911e+02   3,04000e+02
           316   3,16000e-02  -8,86458e-01   3,08511e+02   3,03600e+02
           317   3,17000e-02  -8,80934e-01   3,08111e+02   3,03200e+02
           318   3,18000e-02  -8,75804e-01   3,07714e+02   3,02800e+02
           319   3,19000e-02  -8,70633e-01   3,07313e+02   3,02400e+02
           320   3,20000e-02  -8,65557e-01   3,06913e+02   3,02000e+02
           321   3,21000e-02  -8,60711e-01   3,06514e+02   3,01600e+02
           322   3,22000e-02  -8,55886e-01   3,06115e+02   3,01200e+02
           323   3,23000e-02  -8,51108e-01   3,05716e+02   3,00800e+02
           324   3,24000e-02  -8,46488e-01   3,05316e+02   3,00400e+02
           325   3,25000e-02  -8,42037e-01   3,04915e+02   3,00000e+02
           326   3,26000e-02  -8,37540e-01   3,04514e+02   2,99600e+02
           327   3,27000e-02  -8,33102e-01   3,04115e+02   2,99200e+02
           328   3,28000e-02  -8,28641e-01   3,03717e+02   2,98800e+02
           329   3,29000e-02  -8,24075e-01   3,03315e+02   2,98400e+02
           330   3,30000e-02  -8,19511e-01   3,02916e+02   2,98000e+02
           331   3,31000e-02  -8,14897e-01   3,02517e+02   2,97600e+02
           332   3,32000e-02  -8,10324e-01   3,02116e+02   2,97200e+02
           333   3,33000e-02  -8,05798e-01   3,01718e+02   2,96800e+02
           334   3,34000e-02  -8,01392e-01   3,01318e+02   2,96400e+02
           335   3,35000e-02  -7,96837e-01   3,00915e+02   2,96000e+02
           336   3,36000e-02  -7,92334e-01   3,00516e+02   2,95600e+02
           337   3,37000e-02  -7,88074e-01   3,00118e+02   2,95200e+02
           338   3,38000e-02  -7,84047e-01   2,99719e+02   2,94800e+02
           339   3,39000e-02  -7,80187e-01   2,99319e+02   2,94400e+02
           340   3,40000e-02  -7,76541e-01   2,98920e+02   2,94000e+02
           341   3,41000e-02  -7,73004e-01   2,98520e+02   2,93600e+02
           342   3,42000e-02  -7,69558e-01   2,98125e+02   2,93200e+02
           343   3,43000e-02  -7,66519e-01   2,97724e+02   2,92800e+02
           344   3,44000e-02  -7,63353e-01   2,97323e+02   2,92400e+02
           345   3,45000e-02  -7,60305e-01   2,96923e+02   2,92000e+02
           346   3,46000e-02  -7,57087e-01   2,96527e+02   2,91600e+02
           347   3,47000e-02  -7,54021e-01   2,96124e+02   2,91200e+02
           348   3,48000e-02  -7,51043e-01   2,95723e+02   2,90800e+02
           349   3,49000e-02  -7,48218e-01   2,95325e+02   2,90400e+02
           350   3,50000e-02  -7,45502e-01   2,94921e+02   2,90000e+02
           351   3,51000e-02  -7,42820e-01   2,94524e+02   2,89600e+02
           352   3,52000e-02  -7,40283e-01   2,94123e+02   2,89200e+02
           353   3,53000e-02  -7,37618e-01   2,93725e+02   2,88800e+02
           354   3,54000e-02  -7,35096e-01   2,93325e+02   2,88400e+02
           355   3,55000e-02  -7,32615e-01   2,92926e+02   2,88000e+02
           356   3,56000e-02  -7,30084e-01   2,92526e+02   2,87600e+02
           357   3,57000e-02  -7,27736e-01   2,92127e+02   2,87200e+02
           358   3,58000e-02  -7,25719e-01   2,91725e+02   2,86800e+02
           359   3,59000e-02  -7,23785e-01   2,91327e+02   2,86400e+02
           360   3,60000e-02  -7,22016e-01   2,90927e+02   2,86000e+02
           361   3,61000e-02  -7,20373e-01   2,90524e+02   2,85600e+02
           362   3,62000e-02  -7,18888e-01   2,90126e+02   2,85200e+02
           363   3,63000e-02  -7,17281e-01   2,89728e+02   2,84800e+02
           364   3,64000e-02  -7,15506e-01   2,89327e+02   2,84400e+02
           365   3,65000e-02  -7,13643e-01   2,88926e+02   2,84000e+02
           366   3,66000e-02  -7,11717e-01   2,88530e+02   2,83600e+02
           367   3,67000e-02  -7,09905e-01   2,88133e+02   2,83200e+02
           368   3,68000e-02  -7,08239e-01   2,87734e+02   2,82800e+02
           369   3,69000e-02  -7,06709e-01   2,87332e+02   2,82400e+02
           370   3,70000e-02  -7,05111e-01   2,86934e+02   2,82000e+02
           371   3,71000e-02  -7,03344e-01   2,86533e+02   2,81600e+02
           372   3,72000e-02  -7,01464e-01   2,86134e+02   2,81200e+02
           373   3,73000e-02  -6,99658e-01   2,85733e+02   2,80800e+02
           374   3,74000e-02  -6,97929e-01   2,85333e+02   2,80400e+02
           375   3,75000e-02  -6,96427e-01   2,84932e+02   2,80000e+02
           376   3,76000e-02  -6,95084e-01   2,84534e+02   2,79600e+02
           377   3,77000e-02  -6,93823e-01   2,84134e+02   2,79200e+02
           378   3,78000e-02  -6,92735e-01   2,83732e+02   2,78800e+02
           379   3,79000e-02  -6,91711e-01   2,83334e+02   2,78400e+02
           380   3,80000e-02  -6,90610e-01   2,82934e+02   2,78000e+02
           381   3,81000e-02  -6,89488e-01   2,82537e+02   2,77600e+02
           382   3,82000e-02  -6,88378e-01   2,82139e+02   2,77200e+02
           383   3,83000e-02  -6,87120e-01   2,81740e+02   2,76800e+02
           384   3,84000e-02  -6,85825e-01   2,81341e+02   2,76400e+02
           385   3,85000e-02  -6,84636e-01   2,80942e+02   2,76000e+02
           386   3,86000e-02  -6,83240e-01   2,80538e+02   2,75600e+02
           387   3,87000e-02  -6,82019e-01   2,80139e+02   2,75200e+02
           388   3,88000e-02  -6,80915e-01   2,79741e+02   2,74800e+02
           389   3,89000e-02  -6,79889e-01   2,79342e+02   2,74400e+02
           390   3,90000e-02  -6,78966e-01   2,78942e+02   2,74000e+02
           391   3,91000e-02  -6,77945e-01   2,78542e+02   2,73600e+02
           392   3,92000e-02  -6,77013e-01   2,78145e+02   2,73200e+02
           393   3,93000e-02  -6,76096e-01   2,77746e+02   2,72800e+02
           394   3,94000e-02  -6,75263e-01   2,77347e+02   2,72400e+02
           395   3,95000e-02  -6,74481e-01   2,76946e+02   2,72000e+02
           396   3,96000e-02  -6,73670e-01   2,76549e+02   2,71600e+02
           397   3,97000e-02  -6,72863e-01   2,76144e+02   2,71200e+02
           398   3,98000e-02  -6,72121e-01   2,75748e+02   2,70800e+02
           399   3,99000e-02  -6,71560e-01   2,75347e+02   2,70400e+02
           400   4,00000e-02  -6,70884e-01   2,74947e+02   2,70000e+02
           401   4,01000e-02  -6,70188e-01   2,74548e+02   2,69600e+02
           402   4,02000e-02  -6,69614e-01   2,74147e+02   2,69200e+02
           403   4,03000e-02  -6,69104e-01   2,73749e+02   2,68800e+02
           404   4,04000e-02  -6,68614e-01   2,73352e+02   2,68400e+02
           405   4,05000e-02  -6,68192e-01   2,72952e+02   2,68000e+02
           406   4,06000e-02  -6,67751e-01   2,72552e+02   2,67600e+02
           407   4,07000e-02  -6,67227e-01   2,72149e+02   2,67200e+02
           408   4,08000e-02  -6,66474e-01   2,71753e+02   2,66800e+02
           409   4,09000e-02  -6,65804e-01   2,71356e+02   2,66400e+02
           410   4,10000e-02  -6,65106e-01   2,70956e+02   2,66000e+02
           411   4,11000e-02  -6,64427e-01   2,70555e+02   2,65600e+02
           412   4,12000e-02  -6,63897e-01   2,70154e+02   2,65200e+02
           413   4,13000e-02  -6,63204e-01   2,69757e+02   2,64800e+02
           414   4,14000e-02  -6,62470e-01   2,69357e+02   2,64400e+02
           415   4,15000e-02  -6,61688e-01   2,68959e+02   2,64000e+02
           416   4,16000e-02  -6,60812e-01   2,68557e+02   2,63600e+02
           417   4,17000e-02  -6,60037e-01   2,68161e+02   2,63200e+02
           418   4,18000e-02  -6,59332e-01   2,67762e+02   2,62800e+02
           419   4,19000e-02  -6,58725e-01   2,67363e+02   2,62400e+02
           420   4,20000e-02  -6,58281e-01   2,66963e+02   2,62000e+02
           421   4,21000e-02  -6,57858e-01   2,66565e+02   2,61600e+02
           422   4,22000e-02  -6,57466e-01   2,66162e+02   2,61200e+02
           423   4,23000e-02  -6,57199e-01   2,65762e+02   2,60800e+02
           424   4,24000e-02  -6,57005e-01   2,65363e+02   2,60400e+02
           425   4,25000e-02  -6,56842e-01   2,64961e+02   2,60000e+02
           426   4,26000e-02  -6,56620e-01   2,64566e+02   2,59600e+02
           427   4,27000e-02  -6,56290e-01   2,64166e+02   2,59200e+02
           428   4,28000e-02  -6,55823e-01   2,63767e+02   2,58800e+02
           429   4,29000e-02  -6,55248e-01   2,63366e+02   2,58400e+02
           430   4,30000e-02  -6,54753e-01   2,62967e+02   2,58000e+02
           431   4,31000e-02  -6,54255e-01   2,62569e+02   2,57600e+02
           432   4,32000e-02  -6,53647e-01   2,62170e+02   2,57200e+02
           433   4,33000e-02  -6,53124e-01   2,61771e+02   2,56800e+02
           434   4,34000e-02  -6,52409e-01   2,61371e+02   2,56400e+02
           435   4,35000e-02  -6,51643e-01   2,60971e+02   2,56000e+02
           436   4,36000e-02  -6,50712e-01   2,60573e+02   2,55600e+02
           437   4,37000e-02  -6,49815e-01   2,60175e+02   2,55200e+02
           438   4,38000e-02  -6,48912e-01   2,59775e+02   2,54800e+02
           439   4,39000e-02  -6,47983e-01   2,59375e+02   2,54400e+02
           440   4,40000e-02  -6,47367e-01   2,58977e+02   2,54000e+02
           441   4,41000e-02  -6,46810e-01   2,58577e+02   2,53600e+02
           442   4,42000e-02  -6,46277e-01   2,58178e+02   2,53200e+02
           443   4,43000e-02  -6,45799e-01   2,57777e+02   2,52800e+02
           444   4,44000e-02  -6,45349e-01   2,57382e+02   2,52400e+02
           445   4,45000e-02  -6,44913e-01   2,56980e+02   2,52000e+02
           446   4,46000e-02  -6,44531e-01   2,56580e+02   2,51600e+02
           447   4,47000e-02  -6,44315e-01   2,56177e+02   2,51200e+02
           448   4,48000e-02  -6,44150e-01   2,55780e+02   2,50800e+02
           449   4,49000e-02  -6,43885e-01   2,55380e+02   2,50400e+02
           450   4,50000e-02  -6,43357e-01   2,54979e+02   2,50000e+02
           451   4,51000e-02  -6,42709e-01   2,54581e+02   2,49600e+02
           452   4,52000e-02  -6,41925e-01   2,54182e+02   2,49200e+02
           453   4,53000e-02  -6,41208e-01   2,53783e+02   2,48800e+02
           454   4,54000e-02  -6,40688e-01   2,53385e+02   2,48400e+02
           455   4,55000e-02  -6,40150e-01   2,52986e+02   2,48000e+02
           456   4,56000e-02  -6,39712e-01   2,52581e+02   2,47600e+02
           457   4,57000e-02  -6,39353e-01   2,52184e+02   2,47200e+02
           458   4,58000e-02  -6,39284e-01   2,51787e+02   2,46800e+02
           459   4,59000e-02  -6,39048e-01   2,51385e+02   2,46400e+02
           460   4,60000e-02  -6,38751e-01   2,50989e+02   2,46000e+02
           461   4,61000e-02  -6,38565e-01   2,50588e+02   2,45600e+02
           462   4,62000e-02  -6,38500e-01   2,50192e+02   2,45200e+02
           463   4,63000e-02  -6,38527e-01   2,49787e+02   2,44800e+02
           464   4,64000e-02  -6,38506e-01   2,49391e+02   2,44400e+02
           465   4,65000e-02  -6,38635e-01   2,48990e+02   2,44000e+02
           466   4,66000e-02  -6,38491e-01   2,48591e+02   2,43600e+02
           467   4,67000e-02  -6,38302e-01   2,48195e+02   2,43200e+02
           468   4,68000e-02  -6,37980e-01   2,47793e+02   2,42800e+02
           469   4,69000e-02  -6,37659e-01   2,47394e+02   2,42400e+02
           470   4,70000e-02  -6,37310e-01   2,46991e+02   2,42000e+02
           471   4,71000e-02  -6,36838e-01   2,46594e+02   2,41600e+02
           472   4,72000e-02  -6,36302e-01   2,46195e+02   2,41200e+02
           473   4,73000e-02  -6,35651e-01   2,45794e+02   2,40800e+02
           474   4,74000e-02  -6,35037e-01   2,45396e+02   2,40400e+02
           475   4,75000e-02  -6,34474e-01   2,44997e+02   2,40000e+02
           476   4,76000e-02  -6,33759e-01   2,44598e+02   2,39600e+02
           477   4,77000e-02  -6,33047e-01   2,44199e+02   2,39200e+02
           478   4,78000e-02  -6,32390e-01   2,43799e+02   2,38800e+02
           479   4,79000e-02  -6,31788e-01   2,43399e+02   2,38400e+02
           480   4,80000e-02  -6,31156e-01   2,43000e+02   2,38000e+02
           481   4,81000e-02  -6,30626e-01   2,42600e+02   2,37600e+02
           482   4,82000e-02  -6,30014e-01   2,42202e+02   2,37200e+02
           483   4,83000e-02  -6,29359e-01   2,41800e+02   2,36800e+02
           484   4,84000e-02  -6,28745e-01   2,41403e+02   2,36400e+02
           485   4,85000e-02  -6,28128e-01   2,41005e+02   2,36000e+02
           486   4,86000e-02  -6,27545e-01   2,40607e+02   2,35600e+02
           487   4,87000e-02  -6,27121e-01   2,40205e+02   2,35200e+02
           488   4,88000e-02  -6,26826e-01   2,39805e+02   2,34800e+02
           489   4,89000e-02  -6,26656e-01   2,39405e+02   2,34400e+02
           490   4,90000e-02  -6,26497e-01   2,39006e+02   2,34000e+02
           491   4,91000e-02  -6,26557e-01   2,38612e+02   2,33600e+02
           492   4,92000e-02  -6,26522e-01   2,38211e+02   2,33200e+02
           493   4,93000e-02  -6,26450e-01   2,37808e+02   2,32800e+02
           494   4,94000e-02  -6,26345e-01   2,37411e+02   2,32400e+02
           495   4,95000e-02  -6,26155e-01   2,37013e+02   2,32000e+02
           496   4,96000e-02  -6,25900e-01   2,36614e+02   2,31600e+02
           497   4,97000e-02  -6,25504e-01   2,36213e+02   2,31200e+02
           498   4,98000e-02  -6,25154e-01   2,35815e+02   2,30800e+02
           499   4,99000e-02  -6,24640e-01   2,35414e+02   2,30400e+02
           500   5,00000e-02  -6,23994e-01   2,35013e+02   2,30000e+02
           501   5,01000e-02  -6,23284e-01   2,34612e+02   2,29600e+02
           502   5,02000e-02  -6,22676e-01   2,34217e+02   2,29200e+02
           503   5,03000e-02  -6,22139e-01   2,33814e+02   2,28800e+02
           504   5,04000e-02  -6,21683e-01   2,33418e+02   2,28400e+02
           505   5,05000e-02  -6,21281e-01   2,33019e+02   2,28000e+02
           506   5,06000e-02  -6,20904e-01   2,32620e+02   2,27600e+02
           507   5,07000e-02  -6,20364e-01   2,32221e+02   2,27200e+02
           508   5,08000e-02  -6,19871e-01   2,31821e+02   2,26800e+02
           509   5,09000e-02  -6,19487e-01   2,31420e+02   2,26400e+02
           510   5,10000e-02  -6,19210e-01   2,31018e+02   2,26000e+02
           511   5,11000e-02  -6,19189e-01   2,30620e+02   2,25600e+02
           512   5,12000e-02  -6,19202e-01   2,30220e+02   2,25200e+02
           513   5,13000e-02  -6,19060e-01   2,29823e+02   2,24800e+02
           514   5,14000e-02  -6,18937e-01   2,29421e+02   2,24400e+02
           515   5,15000e-02  -6,18731e-01   2,29021e+02   2,24000e+02
           516   5,16000e-02  -6,18528e-01   2,28622e+02   2,23600e+02
           517   5,17000e-02  -6,18292e-01   2,28224e+02   2,23200e+02
           518   5,18000e-02  -6,17998e-01   2,27822e+02   2,22800e+02
           519   5,19000e-02  -6,17826e-01   2,27425e+02   2,22400e+02
           520   5,20000e-02  -6,17512e-01   2,27026e+02   2,22000e+02
           521   5,21000e-02  -6,17018e-01   2,26625e+02   2,21600e+02
           522   5,22000e-02  -6,16547e-01   2,26230e+02   2,21200e+02
           523   5,23000e-02  -6,16143e-01   2,25827e+02   2,20800e+02
           524   5,24000e-02  -6,15816e-01   2,25430e+02   2,20400e+02
           525   5,25000e-02  -6,15523e-01   2,25030e+02   2,20000e+02
           526   5,26000e-02  -6,15214e-01   2,24631e+02   2,19600e+02
           527   5,27000e-02  -6,14931e-01   2,24232e+02   2,19200e+02
           528   5,28000e-02  -6,14708e-01   2,23831e+02   2,18800e+02
           529   5,29000e-02  -6,14476e-01   2,23433e+02   2,18400e+02
           530   5,30000e-02  -6,14127e-01   2,23032e+02   2,18000e+02
           531   5,31000e-02  -6,13694e-01   2,22633e+02   2,17600e+02
           532   5,32000e-02  -6,13060e-01   2,22239e+02   2,17200e+02
           533   5,33000e-02  -6,12357e-01   2,21837e+02   2,16800e+02
           534   5,34000e-02  -6,11776e-01   2,21437e+02   2,16400e+02
           535   5,35000e-02  -6,11278e-01   2,21037e+02   2,16000e+02
           536   5,36000e-02  -6,10875e-01   2,20633e+02   2,15600e+02
           537   5,37000e-02  -6,10249e-01   2,20235e+02   2,15200e+02
           538   5,38000e-02  -6,09735e-01   2,19840e+02   2,14800e+02
           539   5,39000e-02  -6,09263e-01   2,19439e+02   2,14400e+02
           540   5,40000e-02  -6,08922e-01   2,19041e+02   2,14000e+02
           541   5,41000e-02  -6,08588e-01   2,18637e+02   2,13600e+02
           542   5,42000e-02  -6,08240e-01   2,18242e+02   2,13200e+02
           543   5,43000e-02  -6,07739e-01   2,17842e+02   2,12800e+02
           544   5,44000e-02  -6,07325e-01   2,17440e+02   2,12400e+02
           545   5,45000e-02  -6,06967e-01   2,17044e+02   2,12000e+02
           546   5,46000e-02  -6,06806e-01   2,16645e+02   2,11600e+02
           547   5,47000e-02  -6,06569e-01   2,16245e+02   2,11200e+02
           548   5,48000e-02  -6,06171e-01   2,15845e+02   2,10800e+02
           549   5,49000e-02  -6,05788e-01   2,15445e+02   2,10400e+02
           550   5,50000e-02  -6,05381e-01   2,15047e+02   2,10000e+02
           551   5,51000e-02  -6,05023e-01   2,14648e+02   2,09600e+02
           552   5,52000e-02  -6,04514e-01   2,14247e+02   2,09200e+02
           553   5,53000e-02  -6,04091e-01   2,13851e+02   2,08800e+02
           554   5,54000e-02  -6,03542e-01   2,13448e+02   2,08400e+02
           555   5,55000e-02  -6,02913e-01   2,13049e+02   2,08000e+02
           556   5,56000e-02  -6,02215e-01   2,12652e+02   2,07600e+02
           557   5,57000e-02  -6,01585e-01   2,12252e+02   2,07200e+02
           558   5,58000e-02  -6,00918e-01   2,11851e+02   2,06800e+02
           559   5,59000e-02  -6,00366e-01   2,11455e+02   2,06400e+02
           560   5,60000e-02  -5,99962e-01   2,11051e+02   2,06000e+02
           561   5,61000e-02  -5,99464e-01   2,10653e+02   2,05600e+02
           562   5,62000e-02  -5,99020e-01   2,10257e+02   2,05200e+02
           563   5,63000e-02  -5,98434e-01   2,09854e+02   2,04800e+02
           564   5,64000e-02  -5,97871e-01   2,09454e+02   2,04400e+02
           565   5,65000e-02  -5,97348e-01   2,09056e+02   2,04000e+02
           566   5,66000e-02  -5,96871e-01   2,08657e+02   2,03600e+02
           567   5,67000e-02  -5,96457e-01   2,08255e+02   2,03200e+02
           568   5,68000e-02  -5,95975e-01   2,07858e+02   2,02800e+02
           569   5,69000e-02  -5,95544e-01   2,07461e+02   2,02400e+02
           570   5,70000e-02  -5,95006e-01   2,07061e+02   2,02000e+02
           571   5,71000e-02  -5,94574e-01   2,06662e+02   2,01600e+02
           572   5,72000e-02  -5,94309e-01   2,06263e+02   2,01200e+02
           573   5,73000e-02  -5,94166e-01   2,05863e+02   2,00800e+02
           574   5,74000e-02  -5,94128e-01   2,05461e+02   2,00400e+02
           575   5,75000e-02  -5,93916e-01   2,05061e+02   2,00000e+02
           576   5,76000e-02  -5,93774e-01   2,04666e+02   1,99600e+02
           577   5,77000e-02  -5,93743e-01   2,04266e+02   1,99200e+02
           578   5,78000e-02  -5,93705e-01   2,03869e+02   1,98800e+02
           579   5,79000e-02  -5,93717e-01   2,03470e+02   1,98400e+02
           580   5,80000e-02  -5,93626e-01   2,03070e+02   1,98000e+02
           581   5,81000e-02  -5,93312e-01   2,02670e+02   1,97600e+02
           582   5,82000e-02  -5,93090e-01   2,02270e+02   1,97200e+02
           583   5,83000e-02  -5,93042e-01   2,01871e+02   1,96800e+02
           584   5,84000e-02  -5,93139e-01   2,01475e+02   1,96400e+02
           585   5,85000e-02  -5,93091e-01   2,01071e+02   1,96000e+02
           586   5,86000e-02  -5,93000e-01   2,00675e+02   1,95600e+02
           587   5,87000e-02  -5,92834e-01   2,00274e+02   1,95200e+02
           588   5,88000e-02  -5,92714e-01   1,99874e+02   1,94800e+02
           589   5,89000e-02  -5,92459e-01   1,99473e+02   1,94400e+02
           590   5,90000e-02  -5,92181e-01   1,99075e+02   1,94000e+02
           591   5,91000e-02  -5,91876e-01   1,98675e+02   1,93600e+02
           592   5,92000e-02  -5,91604e-01   1,98279e+02   1,93200e+02
           593   5,93000e-02  -5,91323e-01   1,97879e+02   1,92800e+02
           594   5,94000e-02  -5,90960e-01   1,97481e+02   1,92400e+02
           595   5,95000e-02  -5,90469e-01   1,97082e+02   1,92000e+02
           596   5,96000e-02  -5,89903e-01   1,96680e+02   1,91600e+02
           597   5,97000e-02  -5,89419e-01   1,96282e+02   1,91200e+02
           598   5,98000e-02  -5,88914e-01   1,95884e+02   1,90800e+02
           599   5,99000e-02  -5,88271e-01   1,95484e+02   1,90400e+02
           600   6,00000e-02  -5,87418e-01   1,95085e+02   1,90000e+02
           601   6,01000e-02  -5,86585e-01   1,94683e+02   1,89600e+02
           602   6,02000e-02  -5,85817e-01   1,94285e+02   1,89200e+02
           603   6,03000e-02  -5,85094e-01   1,93886e+02   1,88800e+02
           604   6,04000e-02  -5,84462e-01   1,93486e+02   1,88400e+02
           605   6,05000e-02  -5,83873e-01   1,93088e+02   1,88000e+02
           606   6,06000e-02  -5,83290e-01   1,92689e+02   1,87600e+02
           607   6,07000e-02  -5,82871e-01   1,92285e+02   1,87200e+02
           608   6,08000e-02  -5,82557e-01   1,91892e+02   1,86800e+02
           609   6,09000e-02  -5,82393e-01   1,91492e+02   1,86400e+02
           610   6,10000e-02  -5,82222e-01   1,91091e+02   1,86000e+02
           611   6,11000e-02  -5,81892e-01   1,90693e+02   1,85600e+02
           612   6,12000e-02  -5,81583e-01   1,90295e+02   1,85200e+02
           613   6,13000e-02  -5,81416e-01   1,89896e+02   1,84800e+02
           614   6,14000e-02  -5,81427e-01   1,89498e+02   1,84400e+02
           615   6,15000e-02  -5,81504e-01   1,89096e+02   1,84000e+02
           616   6,16000e-02  -5,81642e-01   1,88695e+02   1,83600e+02
           617   6,17000e-02  -5,81654e-01   1,88297e+02   1,83200e+02
           618   6,18000e-02  -5,81704e-01   1,87901e+02   1,82800e+02
           619   6,19000e-02  -5,81673e-01   1,87499e+02   1,82400e+02
           620   6,20000e-02  -5,81569e-01   1,87100e+02   1,82000e+02
           621   6,21000e-02  -5,81213e-01   1,86698e+02   1,81600e+02
           622   6,22000e-02  -5,80862e-01   1,86303e+02   1,81200e+02
           623   6,23000e-02  -5,80437e-01   1,85904e+02   1,80800e+02
           624   6,24000e-02  -5,80070e-01   1,85505e+02   1,80400e+02
           625   6,25000e-02  -5,79600e-01   1,85104e+02   1,80000e+02
           626   6,26000e-02  -5,79159e-01   1,84703e+02   1,79600e+02
           627   6,27000e-02  -5,78692e-01   1,84304e+02   1,79200e+02
           628   6,28000e-02  -5,78034e-01   1,83903e+02   1,78800e+02
           629   6,29000e-02  -5,77318e-01   1,83508e+02   1,78400e+02
           630   6,30000e-02  -5,76518e-01   1,83105e+02   1,78000e+02
           631   6,31000e-02  -5,75890e-01   1,82708e+02   1,77600e+02
           632   6,32000e-02  -5,75480e-01   1,82307e+02   1,77200e+02
           633   6,33000e-02  -5,75025e-01   1,81911e+02   1,76800e+02
           634   6,34000e-02  -5,74615e-01   1,81513e+02   1,76400e+02
           635   6,35000e-02  -5,74189e-01   1,81109e+02   1,76000e+02
           636   6,36000e-02  -5,73935e-01   1,80710e+02   1,75600e+02
           637   6,37000e-02  -5,73698e-01   1,80312e+02   1,75200e+02
           638   6,38000e-02  -5,73476e-01   1,79913e+02   1,74800e+02
           639   6,39000e-02  -5,73267e-01   1,79515e+02   1,74400e+02
           640   6,40000e-02  -5,73098e-01   1,79112e+02   1,74000e+02
           641   6,41000e-02  -5,72950e-01   1,78716e+02   1,73600e+02
           642   6,42000e-02  -5,72793e-01   1,78314e+02   1,73200e+02
           643   6,43000e-02  -5,72620e-01   1,77918e+02   1,72800e+02
           644   6,44000e-02  -5,72343e-01   1,77518e+02   1,72400e+02
           645   6,45000e-02  -5,71889e-01   1,77116e+02   1,72000e+02
           646   6,46000e-02  -5,71651e-01   1,76721e+02   1,71600e+02
           647   6,47000e-02  -5,71546e-01   1,76320e+02   1,71200e+02
           648   6,48000e-02  -5,71253e-01   1,75921e+02   1,70800e+02
           649   6,49000e-02  -5,70916e-01   1,75521e+02   1,70400e+02
           650   6,50000e-02  -5,70558e-01   1,75125e+02   1,70000e+02
           651   6,51000e-02  -5,70185e-01   1,74723e+02   1,69600e+02
           652   6,52000e-02  -5,69842e-01   1,74326e+02   1,69200e+02
           653   6,53000e-02  -5,69335e-01   1,73923e+02   1,68800e+02
           654   6,54000e-02  -5,68861e-01   1,73521e+02   1,68400e+02
           655   6,55000e-02  -5,68386e-01   1,73122e+02   1,68000e+02
           656   6,56000e-02  -5,67969e-01   1,72729e+02   1,67600e+02
           657   6,57000e-02  -5,67782e-01   1,72328e+02   1,67200e+02
           658   6,58000e-02  -5,67253e-01   1,71923e+02   1,66800e+02
           659   6,59000e-02  -5,66641e-01   1,71531e+02   1,66400e+02
           660   6,60000e-02  -5,65961e-01   1,71133e+02   1,66000e+02
           661   6,61000e-02  -5,65441e-01   1,70730e+02   1,65600e+02
           662   6,62000e-02  -5,64846e-01   1,70331e+02   1,65200e+02
           663   6,63000e-02  -5,64308e-01   1,69935e+02   1,64800e+02
           664   6,64000e-02  -5,63755e-01   1,69533e+02   1,64400e+02
           665   6,65000e-02  -5,63391e-01   1,69133e+02   1,64000e+02
           666   6,66000e-02  -5,63098e-01   1,68735e+02   1,63600e+02
           667   6,67000e-02  -5,62919e-01   1,68336e+02   1,63200e+02
           668   6,68000e-02  -5,62652e-01   1,67934e+02   1,62800e+02
           669   6,69000e-02  -5,62346e-01   1,67538e+02   1,62400e+02
           670   6,70000e-02  -5,62124e-01   1,67138e+02   1,62000e+02
           671   6,71000e-02  -5,61917e-01   1,66739e+02   1,61600e+02
           672   6,72000e-02  -5,61713e-01   1,66340e+02   1,61200e+02
           673   6,73000e-02  -5,61244e-01   1,65942e+02   1,60800e+02
           674   6,74000e-02  -5,60667e-01   1,65542e+02   1,60400e+02
           675   6,75000e-02  -5,60191e-01   1,65140e+02   1,60000e+02
           676   6,76000e-02  -5,59815e-01   1,64744e+02   1,59600e+02
           677   6,77000e-02  -5,59449e-01   1,64345e+02   1,59200e+02
           678   6,78000e-02  -5,59113e-01   1,63945e+02   1,58800e+02
           679   6,79000e-02  -5,58924e-01   1,63546e+02   1,58400e+02
           680   6,80000e-02  -5,58709e-01   1,63146e+02   1,58000e+02
           681   6,81000e-02  -5,58322e-01   1,62749e+02   1,57600e+02
           682   6,82000e-02  -5,58063e-01   1,62348e+02   1,57200e+02
           683   6,83000e-02  -5,57654e-01   1,61949e+02   1,56800e+02
           684   6,84000e-02  -5,57311e-01   1,61553e+02   1,56400e+02
           685   6,85000e-02  -5,56885e-01   1,61151e+02   1,56000e+02
           686   6,86000e-02  -5,56468e-01   1,60755e+02   1,55600e+02
           687   6,87000e-02  -5,56142e-01   1,60355e+02   1,55200e+02
           688   6,88000e-02  -5,55833e-01   1,59953e+02   1,54800e+02
           689   6,89000e-02  -5,55393e-01   1,59555e+02   1,54400e+02
           690   6,90000e-02  -5,54990e-01   1,59155e+02   1,54000e+02
           691   6,91000e-02  -5,54442e-01   1,58757e+02   1,53600e+02
           692   6,92000e-02  -5,53826e-01   1,58355e+02   1,53200e+02
           693   6,93000e-02  -5,53153e-01   1,57956e+02   1,52800e+02
           694   6,94000e-02  -5,52520e-01   1,57562e+02   1,52400e+02
           695   6,95000e-02  -5,51925e-01   1,57161e+02   1,52000e+02
           696   6,96000e-02  -5,51400e-01   1,56760e+02   1,51600e+02
           697   6,97000e-02  -5,51000e-01   1,56361e+02   1,51200e+02
           698   6,98000e-02  -5,50445e-01   1,55962e+02   1,50800e+02
           699   6,99000e-02  -5,49804e-01   1,55565e+02   1,50400e+02
           700   7,00000e-02  -5,49289e-01   1,55167e+02   1,50000e+02
           701   7,01000e-02  -5,48870e-01   1,54764e+02   1,49600e+02
           702   7,02000e-02  -5,48490e-01   1,54366e+02   1,49200e+02
           703   7,03000e-02  -5,48174e-01   1,53965e+02   1,48800e+02
           704   7,04000e-02  -5,47942e-01   1,53571e+02   1,48400e+02
           705   7,05000e-02  -5,47905e-01   1,53170e+02   1,48000e+02
           706   7,06000e-02  -5,47825e-01   1,52767e+02   1,47600e+02
           707   7,07000e-02  -5,47760e-01   1,52370e+02   1,47200e+02
           708   7,08000e-02  -5,47713e-01   1,51969e+02   1,46800e+02
           709   7,09000e-02  -5,47561e-01   1,51570e+02   1,46400e+02
           710   7,10000e-02  -5,47343e-01   1,51172e+02   1,46000e+02
           711   7,11000e-02  -5,47126e-01   1,50776e+02   1,45600e+02
           712   7,12000e-02  -5,46878e-01   1,50375e+02   1,45200e+02
           713   7,13000e-02  -5,46607e-01   1,49976e+02   1,44800e+02
           714   7,14000e-02  -5,46304e-01   1,49580e+02   1,44400e+02
           715   7,15000e-02  -5,46026e-01   1,49179e+02   1,44000e+02
           716   7,16000e-02  -5,45729e-01   1,48777e+02   1,43600e+02
           717   7,17000e-02  -5,45383e-01   1,48378e+02   1,43200e+02
           718   7,18000e-02  -5,44924e-01   1,47981e+02   1,42800e+02
           719   7,19000e-02  -5,44352e-01   1,47581e+02   1,42400e+02
           720   7,20000e-02  -5,43770e-01   1,47181e+02   1,42000e+02
           721   7,21000e-02  -5,43345e-01   1,46785e+02   1,41600e+02
           722   7,22000e-02  -5,42885e-01   1,46385e+02   1,41200e+02
           723   7,23000e-02  -5,42470e-01   1,45985e+02   1,40800e+02
           724   7,24000e-02  -5,41943e-01   1,45585e+02   1,40400e+02
           725   7,25000e-02  -5,41542e-01   1,45185e+02   1,40000e+02
           726   7,26000e-02  -5,41311e-01   1,44787e+02   1,39600e+02
           727   7,27000e-02  -5,40966e-01   1,44389e+02   1,39200e+02
           728   7,28000e-02  -5,40735e-01   1,43990e+02   1,38800e+02
           729   7,29000e-02  -5,40596e-01   1,43592e+02   1,38400e+02
           730   7,30000e-02  -5,40452e-01   1,43193e+02   1,38000e+02
           731   7,31000e-02  -5,40329e-01   1,42795e+02   1,37600e+02
           732   7,32000e-02  -5,40306e-01   1,42396e+02   1,37200e+02
           733   7,33000e-02  -5,40138e-01   1,41995e+02   1,36800e+02
           734   7,34000e-02  -5,39822e-01   1,41594e+02   1,36400e+02
           735   7,35000e-02  -5,39476e-01   1,41192e+02   1,36000e+02
           736   7,36000e-02  -5,39052e-01   1,40795e+02   1,35600e+02
           737   7,37000e-02  -5,38609e-01   1,40397e+02   1,35200e+02
           738   7,38000e-02  -5,38261e-01   1,39998e+02   1,34800e+02
           739   7,39000e-02  -5,37836e-01   1,39600e+02   1,34400e+02
           740   7,40000e-02  -5,37427e-01   1,39203e+02   1,34000e+02
           741   7,41000e-02  -5,37015e-01   1,38805e+02   1,33600e+02
           742   7,42000e-02  -5,36577e-01   1,38403e+02   1,33200e+02
           743   7,43000e-02  -5,36038e-01   1,38006e+02   1,32800e+02
           744   7,44000e-02  -5,35542e-01   1,37603e+02   1,32400e+02
           745   7,45000e-02  -5,35111e-01   1,37204e+02   1,32000e+02
           746   7,46000e-02  -5,34658e-01   1,36805e+02   1,31600e+02
           747   7,47000e-02  -5,34396e-01   1,36408e+02   1,31200e+02
           748   7,48000e-02  -5,34004e-01   1,36007e+02   1,30800e+02
           749   7,49000e-02  -5,33636e-01   1,35612e+02   1,30400e+02
           750   7,50000e-02  -5,33251e-01   1,35211e+02   1,30000e+02
           751   7,51000e-02  -5,32912e-01   1,34808e+02   1,29600e+02
           752   7,52000e-02  -5,32494e-01   1,34412e+02   1,29200e+02
           753   7,53000e-02  -5,32084e-01   1,34013e+02   1,28800e+02
           754   7,54000e-02  -5,31559e-01   1,33616e+02   1,28400e+02
           755   7,55000e-02  -5,31052e-01   1,33216e+02   1,28000e+02
           756   7,56000e-02  -5,30726e-01   1,32816e+02   1,27600e+02
           757   7,57000e-02  -5,30355e-01   1,32413e+02   1,27200e+02
           758   7,58000e-02  -5,29917e-01   1,32015e+02   1,26800e+02
           759   7,59000e-02  -5,29648e-01   1,31619e+02   1,26400e+02
           760   7,60000e-02  -5,29418e-01   1,31219e+02   1,26000e+02
           761   7,61000e-02  -5,29114e-01   1,30824e+02   1,25600e+02
           762   7,62000e-02  -5,28619e-01   1,30419e+02   1,25200e+02
           763   7,63000e-02  -5,28195e-01   1,30021e+02   1,24800e+02
           764   7,64000e-02  -5,27674e-01   1,29623e+02   1,24400e+02
           765   7,65000e-02  -5,27167e-01   1,29226e+02   1,24000e+02
           766   7,66000e-02  -5,26787e-01   1,28824e+02   1,23600e+02
           767   7,67000e-02  -5,26417e-01   1,28424e+02   1,23200e+02
           768   7,68000e-02  -5,25910e-01   1,28026e+02   1,22800e+02
           769   7,69000e-02  -5,25461e-01   1,27628e+02   1,22400e+02
           770   7,70000e-02  -5,25043e-01   1,27233e+02   1,22000e+02
           771   7,71000e-02  -5,24626e-01   1,26833e+02   1,21600e+02
           772   7,72000e-02  -5,24140e-01   1,26432e+02   1,21200e+02
           773   7,73000e-02  -5,23681e-01   1,26035e+02   1,20800e+02
           774   7,74000e-02  -5,23203e-01   1,25635e+02   1,20400e+02
           775   7,75000e-02  -5,22626e-01   1,25236e+02   1,20000e+02
           776   7,76000e-02  -5,22027e-01   1,24835e+02   1,19600e+02
           777   7,77000e-02  -5,21374e-01   1,24437e+02   1,19200e+02
           778   7,78000e-02  -5,20727e-01   1,24039e+02   1,18800e+02
           779   7,79000e-02  -5,20044e-01   1,23637e+02   1,18400e+02
           780   7,80000e-02  -5,19330e-01   1,23239e+02   1,18000e+02
           781   7,81000e-02  -5,18816e-01   1,22840e+02   1,17600e+02
           782   7,82000e-02  -5,18281e-01   1,22445e+02   1,17200e+02
           783   7,83000e-02  -5,17855e-01   1,22044e+02   1,16800e+02
           784   7,84000e-02  -5,17354e-01   1,21646e+02   1,16400e+02
           785   7,85000e-02  -5,16809e-01   1,21246e+02   1,16000e+02
           786   7,86000e-02  -5,16350e-01   1,20850e+02   1,15600e+02
           787   7,87000e-02  -5,16051e-01   1,20447e+02   1,15200e+02
           788   7,88000e-02  -5,15767e-01   1,20053e+02   1,14800e+02
           789   7,89000e-02  -5,15651e-01   1,19648e+02   1,14400e+02
           790   7,90000e-02  -5,15501e-01   1,19254e+02   1,14000e+02
           791   7,91000e-02  -5,15368e-01   1,18853e+02   1,13600e+02
           792   7,92000e-02  -5,15167e-01   1,18455e+02   1,13200e+02
           793   7,93000e-02  -5,15104e-01   1,18058e+02   1,12800e+02
           794   7,94000e-02  -5,15023e-01   1,17659e+02   1,12400e+02
           795   7,95000e-02  -5,15094e-01   1,17258e+02   1,12000e+02
           796   7,96000e-02  -5,15204e-01   1,16858e+02   1,11600e+02
           797   7,97000e-02  -5,15224e-01   1,16460e+02   1,11200e+02
           798   7,98000e-02  -5,15173e-01   1,16063e+02   1,10800e+02
           799   7,99000e-02  -5,14926e-01   1,15664e+02   1,10400e+02
           800   8,00000e-02  -5,14657e-01   1,15267e+02   1,10000e+02
           801   8,01000e-02  -5,14372e-01   1,14865e+02   1,09600e+02
           802   8,02000e-02  -5,14039e-01   1,14470e+02   1,09200e+02
           803   8,03000e-02  -5,13703e-01   1,14067e+02   1,08800e+02
           804   8,04000e-02  -5,13327e-01   1,13672e+02   1,08400e+02
           805   8,05000e-02  -5,12890e-01   1,13269e+02   1,08000e+02
           806   8,06000e-02  -5,12409e-01   1,12872e+02   1,07600e+02
           807   8,07000e-02  -5,11936e-01   1,12475e+02   1,07200e+02
           808   8,08000e-02  -5,11401e-01   1,12073e+02   1,06800e+02
           809   8,09000e-02  -5,10844e-01   1,11675e+02   1,06400e+02
           810   8,10000e-02  -5,10187e-01   1,11277e+02   1,06000e+02
           811   8,11000e-02  -5,09442e-01   1,10879e+02   1,05600e+02
           812   8,12000e-02  -5,08885e-01   1,10476e+02   1,05200e+02
           813   8,13000e-02  -5,08386e-01   1,10082e+02   1,04800e+02
           814   8,14000e-02  -5,07762e-01   1,09681e+02   1,04400e+02
           815   8,15000e-02  -5,07239e-01   1,09284e+02   1,04000e+02
           816   8,16000e-02  -5,06744e-01   1,08880e+02   1,03600e+02
           817   8,17000e-02  -5,06301e-01   1,08488e+02   1,03200e+02
           818   8,18000e-02  -5,06031e-01   1,08087e+02   1,02800e+02
           819   8,19000e-02  -5,05773e-01   1,07687e+02   1,02400e+02
           820   8,20000e-02  -5,05492e-01   1,07291e+02   1,02000e+02
           821   8,21000e-02  -5,05102e-01   1,06889e+02   1,01600e+02
           822   8,22000e-02  -5,04616e-01   1,06494e+02   1,01200e+02
           823   8,23000e-02  -5,04107e-01   1,06090e+02   1,00800e+02
           824   8,24000e-02  -5,03636e-01   1,05692e+02   1,00400e+02
           825   8,25000e-02  -5,03197e-01   1,05293e+02   1,00000e+02
           826   8,26000e-02  -5,02760e-01   1,04896e+02   9,96000e+01
           827   8,27000e-02  -5,02279e-01   1,04493e+02   9,92000e+01
           828   8,28000e-02  -5,01795e-01   1,04097e+02   9,88000e+01
           829   8,29000e-02  -5,01285e-01   1,03699e+02   9,84000e+01
           830   8,30000e-02  -5,00786e-01   1,03303e+02   9,80000e+01
           831   8,31000e-02  -5,00323e-01   1,02904e+02   9,76000e+01
           832   8,32000e-02  -4,99804e-01   1,02504e+02   9,72000e+01
           833   8,33000e-02  -4,99089e-01   1,02108e+02   9,68000e+01
           834   8,34000e-02  -4,98598e-01   1,01709e+02   9,64000e+01
           835   8,35000e-02  -4,98115e-01   1,01306e+02   9,60000e+01
           836   8,36000e-02  -4,97672e-01   1,00906e+02   9,56000e+01
           837   8,37000e-02  -4,97298e-01   1,00507e+02   9,52000e+01
           838   8,38000e-02  -4,97000e-01   1,00112e+02   9,48000e+01
           839   8,39000e-02  -4,96657e-01   9,97113e+01   9,44000e+01
           840   8,40000e-02  -4,96327e-01   9,93166e+01   9,40000e+01
           841   8,41000e-02  -4,95860e-01   9,89159e+01   9,36000e+01
           842   8,42000e-02  -4,95432e-01   9,85165e+01   9,32000e+01
           843   8,43000e-02  -4,94912e-01   9,81196e+01   9,28000e+01
           844   8,44000e-02  -4,94406e-01   9,77169e+01   9,24000e+01
           845   8,45000e-02  -4,94022e-01   9,73238e+01   9,20000e+01
           846   8,46000e-02  -4,93633e-01   9,69220e+01   9,16000e+01
           847   8,47000e-02  -4,93453e-01   9,65257e+01   9,12000e+01
           848   8,48000e-02  -4,93125e-01   9,61263e+01   9,08000e+01
           849   8,49000e-02  -4,92653e-01   9,57267e+01   9,04000e+01
           850   8,50000e-02  -4,92194e-01   9,53296e+01   9,00000e+01
           851   8,51000e-02  -4,91737e-01   9,49310e+01   8,96000e+01
           852   8,52000e-02  -4,91433e-01   9,45306e+01   8,92000e+01
           853   8,53000e-02  -4,91115e-01   9,41343e+01   8,88000e+01
           854   8,54000e-02  -4,90826e-01   9,37421e+01   8,84000e+01
           855   8,55000e-02  -4,90561e-01   9,33396e+01   8,80000e+01
           856   8,56000e-02  -4,90378e-01   9,29398e+01   8,76000e+01
           857   8,57000e-02  -4,90303e-01   9,25368e+01   8,72000e+01
           858   8,58000e-02  -4,90206e-01   9,21408e+01   8,68000e+01
           859   8,59000e-02  -4,89936e-01   9,17445e+01   8,64000e+01
           860   8,60000e-02  -4,89472e-01   9,13452e+01   8,60000e+01
           861   8,61000e-02  -4,89014e-01   9,09456e+01   8,56000e+01
           862   8,62000e-02  -4,88641e-01   9,05428e+01   8,52000e+01
           863   8,63000e-02  -4,88352e-01   9,01456e+01   8,48000e+01
           864   8,64000e-02  -4,88157e-01   8,97468e+01   8,44000e+01
           865   8,65000e-02  -4,87868e-01   8,93476e+01   8,40000e+01
           866   8,66000e-02  -4,87595e-01   8,89541e+01   8,36000e+01
           867   8,67000e-02  -4,87183e-01   8,85530e+01   8,32000e+01
           868   8,68000e-02  -4,86757e-01   8,81532e+01   8,28000e+01
           869   8,69000e-02  -4,86329e-01   8,77560e+01   8,24000e+01
           870   8,70000e-02  -4,85838e-01   8,73542e+01   8,20000e+01
           871   8,71000e-02  -4,85365e-01   8,69580e+01   8,16000e+01
           872   8,72000e-02  -4,84930e-01   8,65572e+01   8,12000e+01
           873   8,73000e-02  -4,84482e-01   8,61619e+01   8,08000e+01
           874   8,74000e-02  -4,83822e-01   8,57649e+01   8,04000e+01
           875   8,75000e-02  -4,83194e-01   8,53663e+01   8,00000e+01
           876   8,76000e-02  -4,82661e-01   8,49660e+01   7,96000e+01
           877   8,77000e-02  -4,82108e-01   8,45668e+01   7,92000e+01
           878   8,78000e-02  -4,81593e-01   8,41674e+01   7,88000e+01
           879   8,79000e-02  -4,81269e-01   8,37722e+01   7,84000e+01
           880   8,80000e-02  -4,80887e-01   8,33723e+01   7,80000e+01
           881   8,81000e-02  -4,80572e-01   8,29751e+01   7,76000e+01
           882   8,82000e-02  -4,80243e-01   8,25762e+01   7,72000e+01
           883   8,83000e-02  -4,80059e-01   8,21770e+01   7,68000e+01
           884   8,84000e-02  -4,79935e-01   8,17776e+01   7,64000e+01
           885   8,85000e-02  -4,79792e-01   8,13794e+01   7,60000e+01
           886   8,86000e-02  -4,79477e-01   8,09838e+01   7,56000e+01
           887   8,87000e-02  -4,79206e-01   8,05866e+01   7,52000e+01
           888   8,88000e-02  -4,78638e-01   8,01862e+01   7,48000e+01
           889   8,89000e-02  -4,78090e-01   7,97855e+01   7,44000e+01
           890   8,90000e-02  -4,77498e-01   7,93904e+01   7,40000e+01
           891   8,91000e-02  -4,76948e-01   7,89878e+01   7,36000e+01
           892   8,92000e-02  -4,76329e-01   7,85922e+01   7,32000e+01
           893   8,93000e-02  -4,75715e-01   7,81949e+01   7,28000e+01
           894   8,94000e-02  -4,75150e-01   7,78003e+01   7,24000e+01
           895   8,95000e-02  -4,74642e-01   7,73996e+01   7,20000e+01
           896   8,96000e-02  -4,74026e-01   7,69957e+01   7,16000e+01
           897   8,97000e-02  -4,73478e-01   7,66003e+01   7,12000e+01
           898   8,98000e-02  -4,72886e-01   7,62018e+01   7,08000e+01
           899   8,99000e-02  -4,72286e-01   7,58044e+01   7,04000e+01
           900   9,00000e-02  -4,71666e-01   7,54039e+01   7,00000e+01
           901   9,01000e-02  -4,71028e-01   7,50060e+01   6,96000e+01
           902   9,02000e-02  -4,70441e-01   7,46094e+01   6,92000e+01
           903   9,03000e-02  -4,69827e-01   7,42110e+01   6,88000e+01
           904   9,04000e-02  -4,69257e-01   7,38153e+01   6,84000e+01
           905   9,05000e-02  -4,68681e-01   7,34120e+01   6,80000e+01
           906   9,06000e-02  -4,68368e-01   7,30143e+01   6,76000e+01
           907   9,07000e-02  -4,68029e-01   7,26134e+01   6,72000e+01
           908   9,08000e-02  -4,67707e-01   7,22152e+01   6,68000e+01
           909   9,09000e-02  -4,67356e-01   7,18212e+01   6,64000e+01
           910   9,10000e-02  -4,66995e-01   7,14225e+01   6,60000e+01
           911   9,11000e-02  -4,66642e-01   7,10235e+01   6,56000e+01
           912   9,12000e-02  -4,66230e-01   7,06243e+01   6,52000e+01
           913   9,13000e-02  -4,65905e-01   7,02277e+01   6,48000e+01
           914   9,14000e-02  -4,65501e-01   6,98309e+01   6,44000e+01
           915   9,15000e-02  -4,65034e-01   6,94324e+01   6,40000e+01
           916   9,16000e-02  -4,64698e-01   6,90336e+01   6,36000e+01
           917   9,17000e-02  -4,64389e-01   6,86345e+01   6,32000e+01
           918   9,18000e-02  -4,64065e-01   6,82381e+01   6,28000e+01
           919   9,19000e-02  -4,63549e-01   6,78415e+01   6,24000e+01
           920   9,20000e-02  -4,63132e-01   6,74386e+01   6,20000e+01
           921   9,21000e-02  -4,62682e-01   6,70444e+01   6,16000e+01
           922   9,22000e-02  -4,62177e-01   6,66470e+01   6,12000e+01
           923   9,23000e-02  -4,61700e-01   6,62463e+01   6,08000e+01
           924   9,24000e-02  -4,61261e-01   6,58513e+01   6,04000e+01
           925   9,25000e-02  -4,60785e-01   6,54485e+01   6,00000e+01
           926   9,26000e-02  -4,60242e-01   6,50500e+01   5,96000e+01
           927   9,27000e-02  -4,59792e-01   6,46557e+01   5,92000e+01
           928   9,28000e-02  -4,59366e-01   6,42522e+01   5,88000e+01
           929   9,29000e-02  -4,59007e-01   6,38618e+01   5,84000e+01
           930   9,30000e-02  -4,58597e-01   6,34607e+01   5,80000e+01
           931   9,31000e-02  -4,58204e-01   6,30653e+01   5,76000e+01
           932   9,32000e-02  -4,57980e-01   6,26682e+01   5,72000e+01
           933   9,33000e-02  -4,57751e-01   6,22678e+01   5,68000e+01
           934   9,34000e-02  -4,57521e-01   6,18671e+01   5,64000e+01
           935   9,35000e-02  -4,57238e-01   6,14721e+01   5,60000e+01
           936   9,36000e-02  -4,56905e-01   6,10738e+01   5,56000e+01
           937   9,37000e-02  -4,56710e-01   6,06738e+01   5,52000e+01
           938   9,38000e-02  -4,56353e-01   6,02750e+01   5,48000e+01
           939   9,39000e-02  -4,55949e-01   5,98835e+01   5,44000e+01
           940   9,40000e-02  -4,55417e-01   5,94811e+01   5,40000e+01
           941   9,41000e-02  -4,54882e-01   5,90799e+01   5,36000e+01
           942   9,42000e-02  -4,54306e-01   5,86860e+01   5,32000e+01
           943   9,43000e-02  -4,53767e-01   5,82889e+01   5,28000e+01
           944   9,44000e-02  -4,53191e-01   5,78944e+01   5,24000e+01
           945   9,45000e-02  -4,52588e-01   5,74952e+01   5,20000e+01
           946   9,46000e-02  -4,52118e-01   5,70972e+01   5,16000e+01
           947   9,47000e-02  -4,51684e-01   5,67004e+01   5,12000e+01
           948   9,48000e-02  -4,51184e-01   5,63018e+01   5,08000e+01
           949   9,49000e-02  -4,50671e-01   5,59014e+01   5,04000e+01
           950   9,50000e-02  -4,50167e-01   5,55038e+01   5,00000e+01
           951   9,51000e-02  -4,49674e-01   5,51074e+01   4,96000e+01
           952   9,52000e-02  -4,49097e-01   5,47122e+01   4,92000e+01
           953   9,53000e-02  -4,48629e-01   5,43122e+01   4,88000e+01
           954   9,54000e-02  -4,48082e-01   5,39150e+01   4,84000e+01
           955   9,55000e-02  -4,47608e-01   5,35144e+01   4,80000e+01
           956   9,56000e-02  -4,47139e-01   5,31181e+01   4,76000e+01
           957   9,57000e-02  -4,46575e-01   5,27154e+01   4,72000e+01
           958   9,58000e-02  -4,46157e-01   5,23231e+01   4,68000e+01
           959   9,59000e-02  -4,45740e-01   5,19259e+01   4,64000e+01
           960   9,60000e-02  -4,45255e-01   5,15285e+01   4,60000e+01
           961   9,61000e-02  -4,44874e-01   5,11292e+01   4,56000e+01
           962   9,62000e-02  -4,44429e-01   5,07342e+01   4,52000e+01
           963   9,63000e-02  -4,43895e-01   5,03405e+01   4,48000e+01
           964   9,64000e-02  -4,43411e-01   4,99419e+01   4,44000e+01
           965   9,65000e-02  -4,42980e-01   4,95430e+01   4,40000e+01
           966   9,66000e-02  -4,42475e-01   4,91499e+01   4,36000e+01
           967   9,67000e-02  -4,41840e-01   4,87504e+01   4,32000e+01
           968   9,68000e-02  -4,41221e-01   4,83522e+01   4,28000e+01
           969   9,69000e-02  -4,40653e-01   4,79505e+01   4,24000e+01
           970   9,70000e-02  -4,40119e-01   4,75532e+01   4,20000e+01
           971   9,71000e-02  -4,39690e-01   4,71572e+01   4,16000e+01
           972   9,72000e-02  -4,39278e-01   4,67655e+01   4,12000e+01
           973   9,73000e-02  -4,38830e-01   4,63673e+01   4,08000e+01
           974   9,74000e-02  -4,38311e-01   4,59688e+01   4,04000e+01
           975   9,75000e-02  -4,37833e-01   4,55746e+01   4,00000e+01
           976   9,76000e-02  -4,37353e-01   4,51724e+01   3,96000e+01
           977   9,77000e-02  -4,36762e-01   4,47761e+01   3,92000e+01
           978   9,78000e-02  -4,36144e-01   4,43796e+01   3,88000e+01
           979   9,79000e-02  -4,35562e-01   4,39827e+01   3,84000e+01
           980   9,80000e-02  -4,35239e-01   4,35870e+01   3,80000e+01
           981   9,81000e-02  -4,34769e-01   4,31895e+01   3,76000e+01
           982   9,82000e-02  -4,34407e-01   4,27948e+01   3,72000e+01
           983   9,83000e-02  -4,33991e-01   4,23967e+01   3,68000e+01
           984   9,84000e-02  -4,33387e-01   4,20030e+01   3,64000e+01
           985   9,85000e-02  -4,32813e-01   4,16043e+01   3,60000e+01
           986   9,86000e-02  -4,32171e-01   4,12084e+01   3,56000e+01
           987   9,87000e-02  -4,31568e-01   4,08106e+01   3,52000e+01
           988   9,88000e-02  -4,31043e-01   4,04141e+01   3,48000e+01
           989   9,89000e-02  -4,30567e-01   4,00157e+01   3,44000e+01
           990   9,90000e-02  -4,30089e-01   3,96249e+01   3,40000e+01
           991   9,91000e-02  -4,29527e-01   3,92243e+01   3,36000e+01
           992   9,92000e-02  -4,29013e-01   3,88297e+01   3,32000e+01
           993   9,93000e-02  -4,28601e-01   3,84332e+01   3,28000e+01
           994   9,94000e-02  -4,28213e-01   3,80380e+01   3,24000e+01
           995   9,95000e-02  -4,27712e-01   3,76441e+01   3,20000e+01
           996   9,96000e-02  -4,27311e-01   3,72419e+01   3,16000e+01
           997   9,97000e-02  -4,26985e-01   3,68505e+01   3,12000e+01
           998   9,98000e-02  -4,26409e-01   3,64540e+01   3,08000e+01
           999   9,99000e-02  -4,25922e-01   3,60573e+01   3,04000e+01
          1000   1,00000e-01  -4,25389e-01   3,56665e+01   3,00000e+01
          1001   1,00100e-01  -4,25024e-01   3,52659e+01   2,96000e+01
          1002   1,00200e-01  -4,24607e-01   3,48698e+01   2,92000e+01
          1003   1,00300e-01  -4,24180e-01   3,44765e+01   2,88000e+01
          1004   1,00400e-01  -4,23712e-01   3,40797e+01   2,84000e+01
          1005   1,00500e-01  -4,23347e-01   3,36826e+01   2,80000e+01
          1006   1,00600e-01  -4,22948e-01   3,32836e+01   2,76000e+01
          1007   1,00700e-01  -4,22589e-01   3,28907e+01   2,72000e+01
          1008   1,00800e-01  -4,22118e-01   3,24990e+01   2,68000e+01
          1009   1,00900e-01  -4,21698e-01   3,20990e+01   2,64000e+01
          1010   1,01000e-01  -4,21291e-01   3,17067e+01   2,60000e+01
          1011   1,01100e-01  -4,20755e-01   3,13093e+01   2,56000e+01
          1012   1,01200e-01  -4,20223e-01   3,09132e+01   2,52000e+01
          1013   1,01300e-01  -4,19715e-01   3,05215e+01   2,48000e+01
          1014   1,01400e-01  -4,19323e-01   3,01247e+01   2,44000e+01
          1015   1,01500e-01  -4,18953e-01   2,97244e+01   2,40000e+01
          1016   1,01600e-01  -4,18508e-01   2,93349e+01   2,36000e+01
          1017   1,01700e-01  -4,18012e-01   2,89388e+01   2,32000e+01
          1018   1,01800e-01  -4,17383e-01   2,85423e+01   2,28000e+01
          1019   1,01900e-01  -4,16829e-01   2,81422e+01   2,24000e+01
          1020   1,02000e-01  -4,16289e-01   2,77515e+01   2,20000e+01
          1021   1,02100e-01  -4,15880e-01   2,73573e+01   2,16000e+01
          1022   1,02200e-01  -4,15501e-01   2,69595e+01   2,12000e+01
          1023   1,02300e-01  -4,15144e-01   2,65694e+01   2,08000e+01
          1024   1,02400e-01  -4,14810e-01   2,61774e+01   2,04000e+01
          1025   1,02500e-01  -4,14529e-01   2,57802e+01   2,00000e+01
          1026   1,02600e-01  -4,14217e-01   2,53923e+01   1,96000e+01
          1027   1,02700e-01  -4,13804e-01   2,50010e+01   1,92000e+01
          1028   1,02800e-01  -4,13362e-01   2,46060e+01   1,88000e+01
          1029   1,02900e-01  -4,12825e-01   2,42205e+01   1,84000e+01
          1030   1,03000e-01  -4,12310e-01   2,38314e+01   1,80000e+01
          1031   1,03100e-01  -4,11771e-01   2,34468e+01   1,76000e+01
          1032   1,03200e-01  -4,11194e-01   2,30619e+01   1,72000e+01
          1033   1,03300e-01  -4,10642e-01   2,26735e+01   1,68000e+01
          1034   1,03400e-01  -4,10105e-01   2,22944e+01   1,64000e+01
          1035   1,03500e-01  -4,09509e-01   2,19102e+01   1,60000e+01
          1036   1,03600e-01  -4,08820e-01   2,15273e+01   1,56000e+01
          1037   1,03700e-01  -4,08098e-01   2,11506e+01   1,52000e+01
          1038   1,03800e-01  -4,07288e-01   2,07703e+01   1,48000e+01
          1039   1,03900e-01  -4,06487e-01   2,03930e+01   1,44000e+01
          1040   1,04000e-01  -4,05546e-01   2,00154e+01   1,40000e+01
          1041   1,04100e-01  -4,04675e-01   1,96407e+01   1,36000e+01
          1042   1,04200e-01  -4,03717e-01   1,92690e+01   1,32000e+01
          1043   1,04300e-01  -4,02780e-01   1,88937e+01   1,28000e+01
          1044   1,04400e-01  -4,01795e-01   1,85214e+01   1,24000e+01
          1045   1,04500e-01  -4,00715e-01   1,81537e+01   1,20000e+01
          1046   1,04600e-01  -3,99594e-01   1,77890e+01   1,16000e+01
          1047   1,04700e-01  -3,98459e-01   1,74174e+01   1,12000e+01
          1048   1,04800e-01  -3,97259e-01   1,70505e+01   1,08000e+01
          1049   1,04900e-01  -3,95940e-01   1,66865e+01   1,04000e+01
          1050   1,05000e-01  -3,94562e-01   1,63223e+01   1,00000e+01
          1051   1,05100e-01  -3,93204e-01   1,59610e+01   9,60000e+00
          1052   1,05200e-01  -3,91781e-01   1,56044e+01   9,19999e+00
          1053   1,05300e-01  -3,90362e-01   1,52393e+01   8,80002e+00
          1054   1,05400e-01  -3,88910e-01   1,48788e+01   8,40001e+00
          1055   1,05500e-01  -3,87414e-01   1,45197e+01   8,00000e+00
          1056   1,05600e-01  -3,85893e-01   1,41669e+01   7,60000e+00
          1057   1,05700e-01  -3,84289e-01   1,38105e+01   7,20002e+00
          1058   1,05800e-01  -3,82636e-01   1,34572e+01   6,80001e+00
          1059   1,05900e-01  -3,80911e-01   1,31002e+01   6,40001e+00
          1060   1,06000e-01  -3,79227e-01   1,27530e+01   6,00000e+00
          1061   1,06100e-01  -3,77581e-01   1,24038e+01   5,59999e+00
          1062   1,06200e-01  -3,75971e-01   1,20493e+01   5,20002e+00
          1063   1,06300e-01  -3,74348e-01   1,17029e+01   4,80001e+00
          1064   1,06400e-01  -3,72690e-01   1,13562e+01   4,40000e+00
          1065   1,06500e-01  -3,71030e-01   1,10108e+01   3,99999e+00
          1066   1,06600e-01  -3,69504e-01   1,06619e+01   3,60002e+00
          1067   1,06700e-01  -3,68021e-01   1,03194e+01   3,20001e+00
          1068   1,06800e-01  -3,66597e-01   9,97823e+00   2,80000e+00
          1069   1,06900e-01  -3,65124e-01   9,63348e+00   2,40000e+00
          1070   1,07000e-01  -3,63653e-01   9,30019e+00   1,99999e+00
          1071   1,07100e-01  -3,62305e-01   8,95657e+00   1,60001e+00
          1072   1,07200e-01  -3,60898e-01   8,62442e+00   1,20001e+00
          1073   1,07300e-01  -3,59539e-01   8,27859e+00   8,00000e-01
          1074   1,07400e-01  -3,58080e-01   7,94592e+00   3,99994e-01
          1075   1,07500e-01  -3,56507e-01   7,61130e+00   1,66144e-05
          1076   1,07600e-01  -3,54883e-01   7,27137e+00  -3,99990e-01
          1077   1,07700e-01  -3,53213e-01   6,94128e+00  -7,99997e-01
          1078   1,07800e-01  -3,51561e-01   6,61094e+00  -1,20000e+00
          1079   1,07900e-01  -3,49902e-01   6,27695e+00  -1,59998e+00
          1080   1,08000e-01  -3,48213e-01   5,95115e+00  -1,99999e+00
          1081   1,08100e-01  -3,46571e-01   5,62509e+00  -2,39999e+00
          1082   1,08200e-01  -3,44873e-01   5,29710e+00  -2,80000e+00
          1083   1,08300e-01  -3,43195e-01   4,97223e+00  -3,20001e+00
          1084   1,08400e-01  -3,41476e-01   4,64541e+00  -3,59998e+00
          1085   1,08500e-01  -3,39777e-01   4,32003e+00  -3,99999e+00
          1086   1,08600e-01  -3,38180e-01   3,99949e+00  -4,40000e+00
          1087   1,08700e-01  -3,36660e-01   3,67871e+00  -4,80000e+00
          1088   1,08800e-01  -3,35220e-01   3,35598e+00  -5,19998e+00
          1089   1,08900e-01  -3,33883e-01   3,03639e+00  -5,59999e+00
          1090   1,09000e-01  -3,32638e-01   2,71997e+00  -6,00000e+00
          1091   1,09100e-01  -3,31395e-01   2,40159e+00  -6,40000e+00
          1092   1,09200e-01  -3,30122e-01   2,08297e+00  -6,80001e+00
          1093   1,09300e-01  -3,28794e-01   1,77093e+00  -7,19999e+00
          1094   1,09400e-01  -3,27438e-01   1,45524e+00  -7,59999e+00
          1095   1,09500e-01  -3,26041e-01   1,13930e+00  -8,00000e+00
          1096   1,09600e-01  -3,24567e-01   8,24834e-01  -8,40001e+00
          1097   1,09700e-01  -3,23102e-01   5,11835e-01  -8,79998e+00
          1098   1,09800e-01  -3,21637e-01   2,02020e-01  -9,19999e+00
          1099   1,09900e-01  -3,20242e-01  -1,08034e-01  -9,60000e+00
          1100   1,10000e-01  -3,18891e-01  -4,13179e-01  -1,00000e+01
          1101   1,10100e-01  -3,17497e-01  -7,23702e-01  -1,04000e+01
          1102   1,10200e-01  -3,16131e-01  -1,03103e+00  -1,08000e+01
          1103   1,10300e-01  -3,14843e-01  -1,33343e+00  -1,12000e+01
          1104   1,10400e-01  -3,13546e-01  -1,63950e+00  -1,16000e+01
          1105   1,10500e-01  -3,12242e-01  -1,94236e+00  -1,20000e+01
          1106   1,10600e-01  -3,10876e-01  -2,24200e+00  -1,24000e+01
          1107   1,10700e-01  -3,09414e-01  -2,54876e+00  -1,28000e+01
          1108   1,10800e-01  -3,08054e-01  -2,84713e+00  -1,32000e+01
          1109   1,10900e-01  -3,06612e-01  -3,14745e+00  -1,36000e+01
          1110   1,11000e-01  -3,05172e-01  -3,45318e+00  -1,40000e+01
          1111   1,11100e-01  -3,03746e-01  -3,74876e+00  -1,44000e+01
          1112   1,11200e-01  -3,02240e-01  -4,04111e+00  -1,48000e+01
          1113   1,11300e-01  -3,00739e-01  -4,33540e+00  -1,52000e+01
          1114   1,11400e-01  -2,99279e-01  -4,62991e+00  -1,56000e+01
          1115   1,11500e-01  -2,97812e-01  -4,92638e+00  -1,60000e+01
          1116   1,11600e-01  -2,96342e-01  -5,21960e+00  -1,64000e+01
          1117   1,11700e-01  -2,94953e-01  -5,51650e+00  -1,68000e+01
          1118   1,11800e-01  -2,93698e-01  -5,81016e+00  -1,72000e+01
          1119   1,11900e-01  -2,92409e-01  -6,09534e+00  -1,76000e+01
          1120   1,12000e-01  -2,91106e-01  -6,38768e+00  -1,80000e+01
          1121   1,12100e-01  -2,89866e-01  -6,67502e+00  -1,84000e+01
          1122   1,12200e-01  -2,88658e-01  -6,96257e+00  -1,88000e+01
          1123   1,12300e-01  -2,87505e-01  -7,25033e+00  -1,92000e+01
          1124   1,12400e-01  -2,86330e-01  -7,53307e+00  -1,96000e+01
          1125   1,12500e-01  -2,85117e-01  -7,82125e+00  -2,00000e+01
          1126   1,12600e-01  -2,83848e-01  -8,10091e+00  -2,04000e+01
          1127   1,12700e-01  -2,82539e-01  -8,38777e+00  -2,08000e+01
          1128   1,12800e-01  -2,81280e-01  -8,67484e+00  -2,12000e+01
          1129   1,12900e-01  -2,80071e-01  -8,95161e+00  -2,16000e+01
          1130   1,13000e-01  -2,78822e-01  -9,23033e+00  -2,20000e+01
          1131   1,13100e-01  -2,77577e-01  -9,51627e+00  -2,24000e+01
          1132   1,13200e-01  -2,76304e-01  -9,79013e+00  -2,28000e+01
          1133   1,13300e-01  -2,75018e-01  -1,00695e+01  -2,32000e+01
          1134   1,13400e-01  -2,73786e-01  -1,03455e+01  -2,36000e+01
          1135   1,13500e-01  -2,72677e-01  -1,06217e+01  -2,40000e+01
          1136   1,13600e-01  -2,71627e-01  -1,08999e+01  -2,44000e+01
          1137   1,13700e-01  -2,70606e-01  -1,11747e+01  -2,48000e+01
          1138   1,13800e-01  -2,69653e-01  -1,14462e+01  -2,52000e+01
          1139   1,13900e-01  -2,68634e-01  -1,17215e+01  -2,56000e+01
          1140   1,14000e-01  -2,67548e-01  -1,19899e+01  -2,60000e+01
          1141   1,14100e-01  -2,66495e-01  -1,22602e+01  -2,64000e+01
          1142   1,14200e-01  -2,65431e-01  -1,25307e+01  -2,68000e+01
          1143   1,14300e-01  -2,64385e-01  -1,28015e+01  -2,72000e+01
          1144   1,14400e-01  -2,63301e-01  -1,30724e+01  -2,76000e+01
          1145   1,14500e-01  -2,62210e-01  -1,33382e+01  -2,80000e+01
          1146   1,14600e-01  -2,61170e-01  -1,36042e+01  -2,84000e+01
          1147   1,14700e-01  -2,60140e-01  -1,38739e+01  -2,88000e+01
          1148   1,14800e-01  -2,59055e-01  -1,41367e+01  -2,92000e+01
          1149   1,14900e-01  -2,57951e-01  -1,44015e+01  -2,96000e+01
          1150   1,15000e-01  -2,56793e-01  -1,46629e+01  -3,00000e+01
          1151   1,15100e-01  -2,55555e-01  -1,49263e+01  -3,04000e+01
          1152   1,15200e-01  -2,54255e-01  -1,51898e+01  -3,08000e+01
          1153   1,15300e-01  -2,53029e-01  -1,54518e+01  -3,12000e+01
          1154   1,15400e-01  -2,51912e-01  -1,57104e+01  -3,16000e+01
          1155   1,15500e-01  -2,50828e-01  -1,59673e+01  -3,20000e+01
          1156   1,15600e-01  -2,49704e-01  -1,62298e+01  -3,24000e+01
          1157   1,15700e-01  -2,48600e-01  -1,64890e+01  -3,28000e+01
          1158   1,15800e-01  -2,47481e-01  -1,67411e+01  -3,32000e+01
          1159   1,15900e-01  -2,46317e-01  -1,69952e+01  -3,36000e+01
          1160   1,16000e-01  -2,45278e-01  -1,72513e+01  -3,40000e+01
          1161   1,16100e-01  -2,44237e-01  -1,75076e+01  -3,44000e+01
          1162   1,16200e-01  -2,43266e-01  -1,77604e+01  -3,48000e+01
          1163   1,16300e-01  -2,42321e-01  -1,80152e+01  -3,52000e+01
          1164   1,16400e-01  -2,41421e-01  -1,82648e+01  -3,56000e+01
          1165   1,16500e-01  -2,40504e-01  -1,85128e+01  -3,60000e+01
          1166   1,16600e-01  -2,39517e-01  -1,87682e+01  -3,64000e+01
          1167   1,16700e-01  -2,38613e-01  -1,90165e+01  -3,68000e+01
          1168   1,16800e-01  -2,37644e-01  -1,92668e+01  -3,72000e+01
          1169   1,16900e-01  -2,36650e-01  -1,95118e+01  -3,76000e+01
          1170   1,17000e-01  -2,35656e-01  -1,97589e+01  -3,80000e+01
          1171   1,17100e-01  -2,34667e-01  -2,00115e+01  -3,84000e+01
          1172   1,17200e-01  -2,33718e-01  -2,02516e+01  -3,88000e+01
          1173   1,17300e-01  -2,32799e-01  -2,04992e+01  -3,92000e+01
          1174   1,17400e-01  -2,31812e-01  -2,07432e+01  -3,96000e+01
          1175   1,17500e-01  -2,30907e-01  -2,09857e+01  -4,00000e+01
          1176   1,17600e-01  -2,30069e-01  -2,12301e+01  -4,04000e+01
          1177   1,17700e-01  -2,29246e-01  -2,14729e+01  -4,08000e+01
          1178   1,17800e-01  -2,28445e-01  -2,17195e+01  -4,12000e+01
          1179   1,17900e-01  -2,27540e-01  -2,19499e+01  -4,16000e+01
          1180   1,18000e-01  -2,26601e-01  -2,21949e+01  -4,20000e+01
          1181   1,18100e-01  -2,25673e-01  -2,24384e+01  -4,24000e+01
          1182   1,18200e-01  -2,24723e-01  -2,26674e+01  -4,28000e+01
          1183   1,18300e-01  -2,23783e-01  -2,29075e+01  -4,32000e+01
          1184   1,18400e-01  -2,22886e-01  -2,31478e+01  -4,36000e+01
          1185   1,18500e-01  -2,21950e-01  -2,33810e+01  -4,40000e+01
          1186   1,18600e-01  -2,21021e-01  -2,36106e+01  -4,44000e+01
          1187   1,18700e-01  -2,20138e-01  -2,38496e+01  -4,48000e+01
          1188   1,18800e-01  -2,19231e-01  -2,40832e+01  -4,52000e+01
          1189   1,18900e-01  -2,18316e-01  -2,43151e+01  -4,56000e+01
          1190   1,19000e-01  -2,17411e-01  -2,45472e+01  -4,60000e+01
          1191   1,19100e-01  -2,16514e-01  -2,47776e+01  -4,64000e+01
          1192   1,19200e-01  -2,15627e-01  -2,50082e+01  -4,68000e+01
          1193   1,19300e-01  -2,14741e-01  -2,52426e+01  -4,72000e+01
          1194   1,19400e-01  -2,13808e-01  -2,54698e+01  -4,76000e+01
          1195   1,19500e-01  -2,12873e-01  -2,56990e+01  -4,80000e+01
          1196   1,19600e-01  -2,11870e-01  -2,59265e+01  -4,84000e+01
          1197   1,19700e-01  -2,10857e-01  -2,61523e+01  -4,88000e+01
          1198   1,19800e-01  -2,09839e-01  -2,63820e+01  -4,92000e+01
          1199   1,19900e-01  -2,08868e-01  -2,66063e+01  -4,96000e+01
          1200   1,20000e-01  -2,07965e-01  -2,68325e+01  -5,00000e+01
          1201   1,20100e-01  -2,07056e-01  -2,70516e+01  -5,04000e+01
          1202   1,20200e-01  -2,06162e-01  -2,72800e+01  -5,08000e+01
          1203   1,20300e-01  -2,05317e-01  -2,75049e+01  -5,12000e+01
          1204   1,20400e-01  -2,04498e-01  -2,77206e+01  -5,16000e+01
          1205   1,20500e-01  -2,03589e-01  -2,79476e+01  -5,20000e+01
          1206   1,20600e-01  -2,02674e-01  -2,81748e+01  -5,24000e+01
          1207   1,20700e-01  -2,01772e-01  -2,83873e+01  -5,28000e+01
          1208   1,20800e-01  -2,00914e-01  -2,86092e+01  -5,32000e+01
          1209   1,20900e-01  -2,00050e-01  -2,88257e+01  -5,36000e+01
          1210   1,21000e-01  -1,99172e-01  -2,90460e+01  -5,40000e+01
          1211   1,21100e-01  -1,98273e-01  -2,92609e+01  -5,44000e+01
          1212   1,21200e-01  -1,97414e-01  -2,94759e+01  -5,48000e+01
          1213   1,21300e-01  -1,96536e-01  -2,96911e+01  -5,52000e+01
          1214   1,21400e-01  -1,95656e-01  -2,99083e+01  -5,56000e+01
          1215   1,21500e-01  -1,94824e-01  -3,01274e+01  -5,60000e+01
          1216   1,21600e-01  -1,93999e-01  -3,03393e+01  -5,64000e+01
          1217   1,21700e-01  -1,93122e-01  -3,05532e+01  -5,68000e+01
          1218   1,21800e-01  -1,92246e-01  -3,07690e+01  -5,72000e+01
          1219   1,21900e-01  -1,91396e-01  -3,09813e+01  -5,76000e+01
          1220   1,22000e-01  -1,90629e-01  -3,11881e+01  -5,80000e+01
          1221   1,22100e-01  -1,89914e-01  -3,13951e+01  -5,84000e+01
          1222   1,22200e-01  -1,89179e-01  -3,16096e+01  -5,88000e+01
          1223   1,22300e-01  -1,88504e-01  -3,18168e+01  -5,92000e+01
          1224   1,22400e-01  -1,87785e-01  -3,20279e+01  -5,96000e+01
          1225   1,22500e-01  -1,87031e-01  -3,22353e+01  -6,00000e+01
          1226   1,22600e-01  -1,86312e-01  -3,24410e+01  -6,04000e+01
          1227   1,22700e-01  -1,85581e-01  -3,26469e+01  -6,08000e+01
          1228   1,22800e-01  -1,84852e-01  -3,28529e+01  -6,12000e+01
          1229   1,22900e-01  -1,84109e-01  -3,30646e+01  -6,16000e+01
          1230   1,23000e-01  -1,83374e-01  -3,32633e+01  -6,20000e+01
          1231   1,23100e-01  -1,82704e-01  -3,34678e+01  -6,24000e+01
          1232   1,23200e-01  -1,81992e-01  -3,36668e+01  -6,28000e+01
          1233   1,23300e-01  -1,81245e-01  -3,38734e+01  -6,32000e+01
          1234   1,23400e-01  -1,80460e-01  -3,40782e+01  -6,36000e+01
          1235   1,23500e-01  -1,79684e-01  -3,42757e+01  -6,40000e+01
          1236   1,23600e-01  -1,78921e-01  -3,44808e+01  -6,44000e+01
          1237   1,23700e-01  -1,78150e-01  -3,46804e+01  -6,48000e+01
          1238   1,23800e-01  -1,77411e-01  -3,48782e+01  -6,52000e+01
          1239   1,23900e-01  -1,76683e-01  -3,50780e+01  -6,56000e+01
          1240   1,24000e-01  -1,76004e-01  -3,52779e+01  -6,60000e+01
          1241   1,24100e-01  -1,75336e-01  -3,54780e+01  -6,64000e+01
          1242   1,24200e-01  -1,74599e-01  -3,56687e+01  -6,68000e+01
          1243   1,24300e-01  -1,73892e-01  -3,58709e+01  -6,72000e+01
          1244   1,24400e-01  -1,73144e-01  -3,60657e+01  -6,76000e+01
          1245   1,24500e-01  -1,72411e-01  -3,62587e+01  -6,80000e+01
          1246   1,24600e-01  -1,71752e-01  -3,64593e+01  -6,84000e+01
          1247   1,24700e-01  -1,71066e-01  -3,66525e+01  -6,88000e+01
          1248   1,24800e-01  -1,70401e-01  -3,68421e+01  -6,92000e+01
          1249   1,24900e-01  -1,69772e-01  -3,70317e+01  -6,96000e+01
          1250   1,25000e-01  -1,69096e-01  -3,72291e+01  -7,00000e+01
          1251   1,25100e-01  -1,68425e-01  -3,74132e+01  -7,04000e+01
          1252   1,25200e-01  -1,67732e-01  -3,76127e+01  -7,08000e+01
          1253   1,25300e-01  -1,67066e-01  -3,78028e+01  -7,12000e+01
          1254   1,25400e-01  -1,66382e-01  -3,79930e+01  -7,16000e+01
          1255   1,25500e-01  -1,65665e-01  -3,81814e+01  -7,20000e+01
          1256   1,25600e-01  -1,64943e-01  -3,83699e+01  -7,24000e+01
          1257   1,25700e-01  -1,64241e-01  -3,85605e+01  -7,28000e+01
          1258   1,25800e-01  -1,63572e-01  -3,87416e+01  -7,32000e+01
          1259   1,25900e-01  -1,62885e-01  -3,89324e+01  -7,36000e+01
          1260   1,26000e-01  -1,62178e-01  -3,91175e+01  -7,40000e+01
          1261   1,26100e-01  -1,61444e-01  -3,93008e+01  -7,44000e+01
          1262   1,26200e-01  -1,60702e-01  -3,94843e+01  -7,48000e+01
          1263   1,26300e-01  -1,59890e-01  -3,96678e+01  -7,52000e+01
          1264   1,26400e-01  -1,59043e-01  -3,98534e+01  -7,56000e+01
          1265   1,26500e-01  -1,58259e-01  -4,00334e+01  -7,60000e+01
          1266   1,26600e-01  -1,57453e-01  -4,02191e+01  -7,64000e+01
          1267   1,26700e-01  -1,56689e-01  -4,04050e+01  -7,68000e+01
          1268   1,26800e-01  -1,55969e-01  -4,05834e+01  -7,72000e+01
          1269   1,26900e-01  -1,55196e-01  -4,07656e+01  -7,76000e+01
          1270   1,27000e-01  -1,54424e-01  -4,09442e+01  -7,80000e+01
          1271   1,27100e-01  -1,53728e-01  -4,11228e+01  -7,84000e+01
          1272   1,27200e-01  -1,53036e-01  -4,13015e+01  -7,88000e+01
          1273   1,27300e-01  -1,52454e-01  -4,14861e+01  -7,92000e+01
          1274   1,27400e-01  -1,51847e-01  -4,16632e+01  -7,96000e+01
&ISTI23 90816 Jos_usf2_coolings_2000_4000_6000_8000_10000
