         Index             t     Heat Flow            Ts            Tr
           [#]           [s]          [mW]          [°C]          [°C]
             0   0,00000e+00  -1,27845e-01   4,29791e+02   4,30000e+02
             1   1,00000e-04  -1,27753e-01   4,29789e+02   4,29200e+02
             2   2,00000e-04  -1,25534e-01   4,29765e+02   4,28400e+02
             3   3,00000e-04  -1,20009e-01   4,29720e+02   4,27600e+02
             4   4,00000e-04  -1,12658e-01   4,29643e+02   4,26800e+02
             5   5,00000e-04  -1,06334e-01   4,29507e+02   4,26000e+02
             6   6,00000e-04  -1,03180e-01   4,29292e+02   4,25200e+02
             7   7,00000e-04  -1,03707e-01   4,28993e+02   4,24400e+02
             8   8,00000e-04  -1,06697e-01   4,28626e+02   4,23600e+02
             9   9,00000e-04  -1,10127e-01   4,28208e+02   4,22800e+02
            10   1,00000e-03  -1,12249e-01   4,27768e+02   4,22000e+02
            11   1,10000e-03  -1,12345e-01   4,27314e+02   4,21200e+02
            12   1,20000e-03  -1,11272e-01   4,26848e+02   4,20400e+02
            13   1,30000e-03  -1,10794e-01   4,26353e+02   4,19600e+02
            14   1,40000e-03  -1,12455e-01   4,25828e+02   4,18800e+02
            15   1,50000e-03  -1,16785e-01   4,25261e+02   4,18000e+02
            16   1,60000e-03  -1,23584e-01   4,24660e+02   4,17200e+02
            17   1,70000e-03  -1,32041e-01   4,24032e+02   4,16400e+02
            18   1,80000e-03  -1,41310e-01   4,23399e+02   4,15600e+02
            19   1,90000e-03  -1,51006e-01   4,22761e+02   4,14800e+02
            20   2,00000e-03  -1,61526e-01   4,22118e+02   4,14000e+02
            21   2,10000e-03  -1,73841e-01   4,21464e+02   4,13200e+02
            22   2,20000e-03  -1,88948e-01   4,20798e+02   4,12400e+02
            23   2,30000e-03  -2,07492e-01   4,20108e+02   4,11600e+02
            24   2,40000e-03  -2,29547e-01   4,19404e+02   4,10800e+02
            25   2,50000e-03  -2,54572e-01   4,18689e+02   4,10000e+02
            26   2,60000e-03  -2,81779e-01   4,17969e+02   4,09200e+02
            27   2,70000e-03  -3,10667e-01   4,17242e+02   4,08400e+02
            28   2,80000e-03  -3,41160e-01   4,16521e+02   4,07600e+02
            29   2,90000e-03  -3,73522e-01   4,15792e+02   4,06800e+02
            30   3,00000e-03  -4,08094e-01   4,15057e+02   4,06000e+02
            31   3,10000e-03  -4,45017e-01   4,14316e+02   4,05200e+02
            32   3,20000e-03  -4,83805e-01   4,13564e+02   4,04400e+02
            33   3,30000e-03  -5,23825e-01   4,12808e+02   4,03600e+02
            34   3,40000e-03  -5,64087e-01   4,12047e+02   4,02800e+02
            35   3,50000e-03  -6,03584e-01   4,11288e+02   4,02000e+02
            36   3,60000e-03  -6,41756e-01   4,10526e+02   4,01200e+02
            37   3,70000e-03  -6,78726e-01   4,09760e+02   4,00400e+02
            38   3,80000e-03  -7,14436e-01   4,08996e+02   3,99600e+02
            39   3,90000e-03  -7,48634e-01   4,08222e+02   3,98800e+02
            40   4,00000e-03  -7,81326e-01   4,07448e+02   3,98000e+02
            41   4,10000e-03  -8,11907e-01   4,06676e+02   3,97200e+02
            42   4,20000e-03  -8,40546e-01   4,05896e+02   3,96400e+02
            43   4,30000e-03  -8,66994e-01   4,05118e+02   3,95600e+02
            44   4,40000e-03  -8,91254e-01   4,04340e+02   3,94800e+02
            45   4,50000e-03  -9,13288e-01   4,03558e+02   3,94000e+02
            46   4,60000e-03  -9,33509e-01   4,02778e+02   3,93200e+02
            47   4,70000e-03  -9,52464e-01   4,01995e+02   3,92400e+02
            48   4,80000e-03  -9,70335e-01   4,01212e+02   3,91600e+02
            49   4,90000e-03  -9,87361e-01   4,00427e+02   3,90800e+02
            50   5,00000e-03  -1,00377e+00   3,99636e+02   3,90000e+02
            51   5,10000e-03  -1,01958e+00   3,98847e+02   3,89200e+02
            52   5,20000e-03  -1,03457e+00   3,98062e+02   3,88400e+02
            53   5,30000e-03  -1,04884e+00   3,97270e+02   3,87600e+02
            54   5,40000e-03  -1,06263e+00   3,96483e+02   3,86800e+02
            55   5,50000e-03  -1,07632e+00   3,95694e+02   3,86000e+02
            56   5,60000e-03  -1,09012e+00   3,94905e+02   3,85200e+02
            57   5,70000e-03  -1,10397e+00   3,94114e+02   3,84400e+02
            58   5,80000e-03  -1,11777e+00   3,93321e+02   3,83600e+02
            59   5,90000e-03  -1,13127e+00   3,92528e+02   3,82800e+02
            60   6,00000e-03  -1,14448e+00   3,91738e+02   3,82000e+02
            61   6,10000e-03  -1,15687e+00   3,90945e+02   3,81200e+02
            62   6,20000e-03  -1,16885e+00   3,90153e+02   3,80400e+02
            63   6,30000e-03  -1,18021e+00   3,89357e+02   3,79600e+02
            64   6,40000e-03  -1,19115e+00   3,88568e+02   3,78800e+02
            65   6,50000e-03  -1,20174e+00   3,87774e+02   3,78000e+02
            66   6,60000e-03  -1,21178e+00   3,86980e+02   3,77200e+02
            67   6,70000e-03  -1,22106e+00   3,86182e+02   3,76400e+02
            68   6,80000e-03  -1,22983e+00   3,85391e+02   3,75600e+02
            69   6,90000e-03  -1,23792e+00   3,84596e+02   3,74800e+02
            70   7,00000e-03  -1,24515e+00   3,83801e+02   3,74000e+02
            71   7,10000e-03  -1,25174e+00   3,83008e+02   3,73200e+02
            72   7,20000e-03  -1,25767e+00   3,82213e+02   3,72400e+02
            73   7,30000e-03  -1,26312e+00   3,81418e+02   3,71600e+02
            74   7,40000e-03  -1,26844e+00   3,80621e+02   3,70800e+02
            75   7,50000e-03  -1,27351e+00   3,79828e+02   3,70000e+02
            76   7,60000e-03  -1,27825e+00   3,79030e+02   3,69200e+02
            77   7,70000e-03  -1,28260e+00   3,78234e+02   3,68400e+02
            78   7,80000e-03  -1,28666e+00   3,77441e+02   3,67600e+02
            79   7,90000e-03  -1,29036e+00   3,76642e+02   3,66800e+02
            80   8,00000e-03  -1,29398e+00   3,75849e+02   3,66000e+02
            81   8,10000e-03  -1,29723e+00   3,75051e+02   3,65200e+02
            82   8,20000e-03  -1,30046e+00   3,74256e+02   3,64400e+02
            83   8,30000e-03  -1,30352e+00   3,73458e+02   3,63600e+02
            84   8,40000e-03  -1,30651e+00   3,72660e+02   3,62800e+02
            85   8,50000e-03  -1,30937e+00   3,71864e+02   3,62000e+02
            86   8,60000e-03  -1,31221e+00   3,71067e+02   3,61200e+02
            87   8,70000e-03  -1,31499e+00   3,70272e+02   3,60400e+02
            88   8,80000e-03  -1,31765e+00   3,69478e+02   3,59600e+02
            89   8,90000e-03  -1,32010e+00   3,68680e+02   3,58800e+02
            90   9,00000e-03  -1,32234e+00   3,67884e+02   3,58000e+02
            91   9,10000e-03  -1,32455e+00   3,67086e+02   3,57200e+02
            92   9,20000e-03  -1,32654e+00   3,66289e+02   3,56400e+02
            93   9,30000e-03  -1,32838e+00   3,65489e+02   3,55600e+02
            94   9,40000e-03  -1,33008e+00   3,64694e+02   3,54800e+02
            95   9,50000e-03  -1,33163e+00   3,63898e+02   3,54000e+02
            96   9,60000e-03  -1,33295e+00   3,63100e+02   3,53200e+02
            97   9,70000e-03  -1,33412e+00   3,62308e+02   3,52400e+02
            98   9,80000e-03  -1,33520e+00   3,61504e+02   3,51600e+02
            99   9,90000e-03  -1,33618e+00   3,60711e+02   3,50800e+02
           100   1,00000e-02  -1,33693e+00   3,59913e+02   3,50000e+02
           101   1,01000e-02  -1,33769e+00   3,59115e+02   3,49200e+02
           102   1,02000e-02  -1,33848e+00   3,58320e+02   3,48400e+02
           103   1,03000e-02  -1,33944e+00   3,57522e+02   3,47600e+02
           104   1,04000e-02  -1,34060e+00   3,56723e+02   3,46800e+02
           105   1,05000e-02  -1,34140e+00   3,55927e+02   3,46000e+02
           106   1,06000e-02  -1,34203e+00   3,55129e+02   3,45200e+02
           107   1,07000e-02  -1,34241e+00   3,54333e+02   3,44400e+02
           108   1,08000e-02  -1,34254e+00   3,53535e+02   3,43600e+02
           109   1,09000e-02  -1,34292e+00   3,52739e+02   3,42800e+02
           110   1,10000e-02  -1,34350e+00   3,51940e+02   3,42000e+02
           111   1,11000e-02  -1,34418e+00   3,51141e+02   3,41200e+02
           112   1,12000e-02  -1,34447e+00   3,50344e+02   3,40400e+02
           113   1,13000e-02  -1,34482e+00   3,49546e+02   3,39600e+02
           114   1,14000e-02  -1,34484e+00   3,48751e+02   3,38800e+02
           115   1,15000e-02  -1,34492e+00   3,47952e+02   3,38000e+02
           116   1,16000e-02  -1,34495e+00   3,47154e+02   3,37200e+02
           117   1,17000e-02  -1,34486e+00   3,46359e+02   3,36400e+02
           118   1,18000e-02  -1,34465e+00   3,45561e+02   3,35600e+02
           119   1,19000e-02  -1,34463e+00   3,44764e+02   3,34800e+02
           120   1,20000e-02  -1,34471e+00   3,43966e+02   3,34000e+02
           121   1,21000e-02  -1,34491e+00   3,43166e+02   3,33200e+02
           122   1,22000e-02  -1,34519e+00   3,42369e+02   3,32400e+02
           123   1,23000e-02  -1,34535e+00   3,41572e+02   3,31600e+02
           124   1,24000e-02  -1,34543e+00   3,40775e+02   3,30800e+02
           125   1,25000e-02  -1,34560e+00   3,39977e+02   3,30000e+02
           126   1,26000e-02  -1,34599e+00   3,39180e+02   3,29200e+02
           127   1,27000e-02  -1,34638e+00   3,38383e+02   3,28400e+02
           128   1,28000e-02  -1,34697e+00   3,37582e+02   3,27600e+02
           129   1,29000e-02  -1,34777e+00   3,36786e+02   3,26800e+02
           130   1,30000e-02  -1,34863e+00   3,35990e+02   3,26000e+02
           131   1,31000e-02  -1,34960e+00   3,35191e+02   3,25200e+02
           132   1,32000e-02  -1,35087e+00   3,34393e+02   3,24400e+02
           133   1,33000e-02  -1,35205e+00   3,33594e+02   3,23600e+02
           134   1,34000e-02  -1,35318e+00   3,32798e+02   3,22800e+02
           135   1,35000e-02  -1,35411e+00   3,31998e+02   3,22000e+02
           136   1,36000e-02  -1,35482e+00   3,31204e+02   3,21200e+02
           137   1,37000e-02  -1,35522e+00   3,30407e+02   3,20400e+02
           138   1,38000e-02  -1,35548e+00   3,29607e+02   3,19600e+02
           139   1,39000e-02  -1,35584e+00   3,28811e+02   3,18800e+02
           140   1,40000e-02  -1,35597e+00   3,28013e+02   3,18000e+02
           141   1,41000e-02  -1,35603e+00   3,27215e+02   3,17200e+02
           142   1,42000e-02  -1,35655e+00   3,26413e+02   3,16400e+02
           143   1,43000e-02  -1,35742e+00   3,25618e+02   3,15600e+02
           144   1,44000e-02  -1,35885e+00   3,24820e+02   3,14800e+02
           145   1,45000e-02  -1,36089e+00   3,24024e+02   3,14000e+02
           146   1,46000e-02  -1,36373e+00   3,23224e+02   3,13200e+02
           147   1,47000e-02  -1,36753e+00   3,22427e+02   3,12400e+02
           148   1,48000e-02  -1,37261e+00   3,21634e+02   3,11600e+02
           149   1,49000e-02  -1,37906e+00   3,20835e+02   3,10800e+02
           150   1,50000e-02  -1,38734e+00   3,20041e+02   3,10000e+02
           151   1,51000e-02  -1,39741e+00   3,19243e+02   3,09200e+02
           152   1,52000e-02  -1,40946e+00   3,18444e+02   3,08400e+02
           153   1,53000e-02  -1,42315e+00   3,17649e+02   3,07600e+02
           154   1,54000e-02  -1,43826e+00   3,16851e+02   3,06800e+02
           155   1,55000e-02  -1,45483e+00   3,16052e+02   3,06000e+02
           156   1,56000e-02  -1,47221e+00   3,15257e+02   3,05200e+02
           157   1,57000e-02  -1,49031e+00   3,14460e+02   3,04400e+02
           158   1,58000e-02  -1,50876e+00   3,13662e+02   3,03600e+02
           159   1,59000e-02  -1,52721e+00   3,12866e+02   3,02800e+02
           160   1,60000e-02  -1,54503e+00   3,12068e+02   3,02000e+02
           161   1,61000e-02  -1,56164e+00   3,11270e+02   3,01200e+02
           162   1,62000e-02  -1,57659e+00   3,10473e+02   3,00400e+02
           163   1,63000e-02  -1,58962e+00   3,09675e+02   2,99600e+02
           164   1,64000e-02  -1,60026e+00   3,08881e+02   2,98800e+02
           165   1,65000e-02  -1,60865e+00   3,08078e+02   2,98000e+02
           166   1,66000e-02  -1,61465e+00   3,07285e+02   2,97200e+02
           167   1,67000e-02  -1,61835e+00   3,06489e+02   2,96400e+02
           168   1,68000e-02  -1,61990e+00   3,05689e+02   2,95600e+02
           169   1,69000e-02  -1,61954e+00   3,04887e+02   2,94800e+02
           170   1,70000e-02  -1,61734e+00   3,04093e+02   2,94000e+02
           171   1,71000e-02  -1,61323e+00   3,03293e+02   2,93200e+02
           172   1,72000e-02  -1,60813e+00   3,02497e+02   2,92400e+02
           173   1,73000e-02  -1,60223e+00   3,01704e+02   2,91600e+02
           174   1,74000e-02  -1,59560e+00   3,00902e+02   2,90800e+02
           175   1,75000e-02  -1,58844e+00   3,00103e+02   2,90000e+02
           176   1,76000e-02  -1,58101e+00   2,99302e+02   2,89200e+02
           177   1,77000e-02  -1,57360e+00   2,98504e+02   2,88400e+02
           178   1,78000e-02  -1,56640e+00   2,97704e+02   2,87600e+02
           179   1,79000e-02  -1,55961e+00   2,96911e+02   2,86800e+02
           180   1,80000e-02  -1,55302e+00   2,96111e+02   2,86000e+02
           181   1,81000e-02  -1,54657e+00   2,95312e+02   2,85200e+02
           182   1,82000e-02  -1,54043e+00   2,94514e+02   2,84400e+02
           183   1,83000e-02  -1,53422e+00   2,93716e+02   2,83600e+02
           184   1,84000e-02  -1,52800e+00   2,92912e+02   2,82800e+02
           185   1,85000e-02  -1,52207e+00   2,92114e+02   2,82000e+02
           186   1,86000e-02  -1,51610e+00   2,91318e+02   2,81200e+02
           187   1,87000e-02  -1,50994e+00   2,90519e+02   2,80400e+02
           188   1,88000e-02  -1,50372e+00   2,89721e+02   2,79600e+02
           189   1,89000e-02  -1,49739e+00   2,88925e+02   2,78800e+02
           190   1,90000e-02  -1,49096e+00   2,88126e+02   2,78000e+02
           191   1,91000e-02  -1,48404e+00   2,87327e+02   2,77200e+02
           192   1,92000e-02  -1,47708e+00   2,86527e+02   2,76400e+02
           193   1,93000e-02  -1,46980e+00   2,85729e+02   2,75600e+02
           194   1,94000e-02  -1,46241e+00   2,84931e+02   2,74800e+02
           195   1,95000e-02  -1,45493e+00   2,84134e+02   2,74000e+02
           196   1,96000e-02  -1,44731e+00   2,83334e+02   2,73200e+02
           197   1,97000e-02  -1,43948e+00   2,82537e+02   2,72400e+02
           198   1,98000e-02  -1,43210e+00   2,81739e+02   2,71600e+02
           199   1,99000e-02  -1,42498e+00   2,80941e+02   2,70800e+02
           200   2,00000e-02  -1,41795e+00   2,80147e+02   2,70000e+02
           201   2,01000e-02  -1,41077e+00   2,79343e+02   2,69200e+02
           202   2,02000e-02  -1,40382e+00   2,78546e+02   2,68400e+02
           203   2,03000e-02  -1,39737e+00   2,77751e+02   2,67600e+02
           204   2,04000e-02  -1,39098e+00   2,76952e+02   2,66800e+02
           205   2,05000e-02  -1,38463e+00   2,76154e+02   2,66000e+02
           206   2,06000e-02  -1,37844e+00   2,75354e+02   2,65200e+02
           207   2,07000e-02  -1,37259e+00   2,74558e+02   2,64400e+02
           208   2,08000e-02  -1,36693e+00   2,73760e+02   2,63600e+02
           209   2,09000e-02  -1,36146e+00   2,72961e+02   2,62800e+02
           210   2,10000e-02  -1,35615e+00   2,72164e+02   2,62000e+02
           211   2,11000e-02  -1,35115e+00   2,71368e+02   2,61200e+02
           212   2,12000e-02  -1,34619e+00   2,70569e+02   2,60400e+02
           213   2,13000e-02  -1,34153e+00   2,69773e+02   2,59600e+02
           214   2,14000e-02  -1,33702e+00   2,68975e+02   2,58800e+02
           215   2,15000e-02  -1,33268e+00   2,68176e+02   2,58000e+02
           216   2,16000e-02  -1,32813e+00   2,67377e+02   2,57200e+02
           217   2,17000e-02  -1,32357e+00   2,66580e+02   2,56400e+02
           218   2,18000e-02  -1,31882e+00   2,65785e+02   2,55600e+02
           219   2,19000e-02  -1,31417e+00   2,64984e+02   2,54800e+02
           220   2,20000e-02  -1,30944e+00   2,64185e+02   2,54000e+02
           221   2,21000e-02  -1,30476e+00   2,63388e+02   2,53200e+02
           222   2,22000e-02  -1,30004e+00   2,62592e+02   2,52400e+02
           223   2,23000e-02  -1,29523e+00   2,61795e+02   2,51600e+02
           224   2,24000e-02  -1,29027e+00   2,60996e+02   2,50800e+02
           225   2,25000e-02  -1,28557e+00   2,60198e+02   2,50000e+02
           226   2,26000e-02  -1,28118e+00   2,59403e+02   2,49200e+02
           227   2,27000e-02  -1,27691e+00   2,58606e+02   2,48400e+02
           228   2,28000e-02  -1,27291e+00   2,57809e+02   2,47600e+02
           229   2,29000e-02  -1,26915e+00   2,57011e+02   2,46800e+02
           230   2,30000e-02  -1,26577e+00   2,56213e+02   2,46000e+02
           231   2,31000e-02  -1,26245e+00   2,55410e+02   2,45200e+02
           232   2,32000e-02  -1,25926e+00   2,54616e+02   2,44400e+02
           233   2,33000e-02  -1,25636e+00   2,53821e+02   2,43600e+02
           234   2,34000e-02  -1,25338e+00   2,53021e+02   2,42800e+02
           235   2,35000e-02  -1,25067e+00   2,52225e+02   2,42000e+02
           236   2,36000e-02  -1,24819e+00   2,51428e+02   2,41200e+02
           237   2,37000e-02  -1,24595e+00   2,50628e+02   2,40400e+02
           238   2,38000e-02  -1,24384e+00   2,49833e+02   2,39600e+02
           239   2,39000e-02  -1,24174e+00   2,49032e+02   2,38800e+02
           240   2,40000e-02  -1,23981e+00   2,48237e+02   2,38000e+02
           241   2,41000e-02  -1,23790e+00   2,47440e+02   2,37200e+02
           242   2,42000e-02  -1,23570e+00   2,46645e+02   2,36400e+02
           243   2,43000e-02  -1,23326e+00   2,45847e+02   2,35600e+02
           244   2,44000e-02  -1,23106e+00   2,45044e+02   2,34800e+02
           245   2,45000e-02  -1,22875e+00   2,44252e+02   2,34000e+02
           246   2,46000e-02  -1,22672e+00   2,43454e+02   2,33200e+02
           247   2,47000e-02  -1,22475e+00   2,42655e+02   2,32400e+02
           248   2,48000e-02  -1,22249e+00   2,41859e+02   2,31600e+02
           249   2,49000e-02  -1,21963e+00   2,41064e+02   2,30800e+02
           250   2,50000e-02  -1,21671e+00   2,40265e+02   2,30000e+02
           251   2,51000e-02  -1,21383e+00   2,39470e+02   2,29200e+02
           252   2,52000e-02  -1,21105e+00   2,38672e+02   2,28400e+02
           253   2,53000e-02  -1,20878e+00   2,37874e+02   2,27600e+02
           254   2,54000e-02  -1,20681e+00   2,37080e+02   2,26800e+02
           255   2,55000e-02  -1,20500e+00   2,36279e+02   2,26000e+02
           256   2,56000e-02  -1,20327e+00   2,35482e+02   2,25200e+02
           257   2,57000e-02  -1,20147e+00   2,34687e+02   2,24400e+02
           258   2,58000e-02  -1,19977e+00   2,33889e+02   2,23600e+02
           259   2,59000e-02  -1,19815e+00   2,33091e+02   2,22800e+02
           260   2,60000e-02  -1,19669e+00   2,32294e+02   2,22000e+02
           261   2,61000e-02  -1,19515e+00   2,31497e+02   2,21200e+02
           262   2,62000e-02  -1,19370e+00   2,30698e+02   2,20400e+02
           263   2,63000e-02  -1,19217e+00   2,29901e+02   2,19600e+02
           264   2,64000e-02  -1,19080e+00   2,29104e+02   2,18800e+02
           265   2,65000e-02  -1,18964e+00   2,28310e+02   2,18000e+02
           266   2,66000e-02  -1,18844e+00   2,27515e+02   2,17200e+02
           267   2,67000e-02  -1,18707e+00   2,26713e+02   2,16400e+02
           268   2,68000e-02  -1,18567e+00   2,25915e+02   2,15600e+02
           269   2,69000e-02  -1,18410e+00   2,25116e+02   2,14800e+02
           270   2,70000e-02  -1,18231e+00   2,24322e+02   2,14000e+02
           271   2,71000e-02  -1,18024e+00   2,23528e+02   2,13200e+02
           272   2,72000e-02  -1,17782e+00   2,22729e+02   2,12400e+02
           273   2,73000e-02  -1,17531e+00   2,21932e+02   2,11600e+02
           274   2,74000e-02  -1,17286e+00   2,21135e+02   2,10800e+02
           275   2,75000e-02  -1,17058e+00   2,20340e+02   2,10000e+02
           276   2,76000e-02  -1,16843e+00   2,19543e+02   2,09200e+02
           277   2,77000e-02  -1,16628e+00   2,18748e+02   2,08400e+02
           278   2,78000e-02  -1,16429e+00   2,17950e+02   2,07600e+02
           279   2,79000e-02  -1,16251e+00   2,17154e+02   2,06800e+02
           280   2,80000e-02  -1,16062e+00   2,16359e+02   2,06000e+02
           281   2,81000e-02  -1,15858e+00   2,15559e+02   2,05200e+02
           282   2,82000e-02  -1,15663e+00   2,14762e+02   2,04400e+02
           283   2,83000e-02  -1,15444e+00   2,13965e+02   2,03600e+02
           284   2,84000e-02  -1,15231e+00   2,13169e+02   2,02800e+02
           285   2,85000e-02  -1,15038e+00   2,12372e+02   2,02000e+02
           286   2,86000e-02  -1,14873e+00   2,11577e+02   2,01200e+02
           287   2,87000e-02  -1,14713e+00   2,10779e+02   2,00400e+02
           288   2,88000e-02  -1,14583e+00   2,09985e+02   1,99600e+02
           289   2,89000e-02  -1,14481e+00   2,09186e+02   1,98800e+02
           290   2,90000e-02  -1,14400e+00   2,08391e+02   1,98000e+02
           291   2,91000e-02  -1,14350e+00   2,07595e+02   1,97200e+02
           292   2,92000e-02  -1,14299e+00   2,06796e+02   1,96400e+02
           293   2,93000e-02  -1,14233e+00   2,06001e+02   1,95600e+02
           294   2,94000e-02  -1,14170e+00   2,05207e+02   1,94800e+02
           295   2,95000e-02  -1,14127e+00   2,04407e+02   1,94000e+02
           296   2,96000e-02  -1,14076e+00   2,03611e+02   1,93200e+02
           297   2,97000e-02  -1,14004e+00   2,02817e+02   1,92400e+02
           298   2,98000e-02  -1,13914e+00   2,02021e+02   1,91600e+02
           299   2,99000e-02  -1,13778e+00   2,01226e+02   1,90800e+02
           300   3,00000e-02  -1,13639e+00   2,00429e+02   1,90000e+02
           301   3,01000e-02  -1,13460e+00   1,99633e+02   1,89200e+02
           302   3,02000e-02  -1,13241e+00   1,98836e+02   1,88400e+02
           303   3,03000e-02  -1,12992e+00   1,98039e+02   1,87600e+02
           304   3,04000e-02  -1,12726e+00   1,97245e+02   1,86800e+02
           305   3,05000e-02  -1,12431e+00   1,96450e+02   1,86000e+02
           306   3,06000e-02  -1,12142e+00   1,95655e+02   1,85200e+02
           307   3,07000e-02  -1,11865e+00   1,94855e+02   1,84400e+02
           308   3,08000e-02  -1,11598e+00   1,94062e+02   1,83600e+02
           309   3,09000e-02  -1,11359e+00   1,93265e+02   1,82800e+02
           310   3,10000e-02  -1,11119e+00   1,92468e+02   1,82000e+02
           311   3,11000e-02  -1,10916e+00   1,91674e+02   1,81200e+02
           312   3,12000e-02  -1,10750e+00   1,90875e+02   1,80400e+02
           313   3,13000e-02  -1,10601e+00   1,90080e+02   1,79600e+02
           314   3,14000e-02  -1,10450e+00   1,89280e+02   1,78800e+02
           315   3,15000e-02  -1,10294e+00   1,88490e+02   1,78000e+02
           316   3,16000e-02  -1,10160e+00   1,87695e+02   1,77200e+02
           317   3,17000e-02  -1,10055e+00   1,86898e+02   1,76400e+02
           318   3,18000e-02  -1,09971e+00   1,86107e+02   1,75600e+02
           319   3,19000e-02  -1,09912e+00   1,85309e+02   1,74800e+02
           320   3,20000e-02  -1,09852e+00   1,84511e+02   1,74000e+02
           321   3,21000e-02  -1,09788e+00   1,83719e+02   1,73200e+02
           322   3,22000e-02  -1,09745e+00   1,82921e+02   1,72400e+02
           323   3,23000e-02  -1,09693e+00   1,82126e+02   1,71600e+02
           324   3,24000e-02  -1,09657e+00   1,81331e+02   1,70800e+02
           325   3,25000e-02  -1,09589e+00   1,80536e+02   1,70000e+02
           326   3,26000e-02  -1,09501e+00   1,79741e+02   1,69200e+02
           327   3,27000e-02  -1,09411e+00   1,78946e+02   1,68400e+02
           328   3,28000e-02  -1,09303e+00   1,78154e+02   1,67600e+02
           329   3,29000e-02  -1,09202e+00   1,77358e+02   1,66800e+02
           330   3,30000e-02  -1,09111e+00   1,76564e+02   1,66000e+02
           331   3,31000e-02  -1,08999e+00   1,75767e+02   1,65200e+02
           332   3,32000e-02  -1,08887e+00   1,74972e+02   1,64400e+02
           333   3,33000e-02  -1,08763e+00   1,74177e+02   1,63600e+02
           334   3,34000e-02  -1,08640e+00   1,73382e+02   1,62800e+02
           335   3,35000e-02  -1,08497e+00   1,72588e+02   1,62000e+02
           336   3,36000e-02  -1,08359e+00   1,71792e+02   1,61200e+02
           337   3,37000e-02  -1,08212e+00   1,70997e+02   1,60400e+02
           338   3,38000e-02  -1,08041e+00   1,70204e+02   1,59600e+02
           339   3,39000e-02  -1,07866e+00   1,69413e+02   1,58800e+02
           340   3,40000e-02  -1,07674e+00   1,68616e+02   1,58000e+02
           341   3,41000e-02  -1,07503e+00   1,67821e+02   1,57200e+02
           342   3,42000e-02  -1,07341e+00   1,67028e+02   1,56400e+02
           343   3,43000e-02  -1,07158e+00   1,66232e+02   1,55600e+02
           344   3,44000e-02  -1,06954e+00   1,65442e+02   1,54800e+02
           345   3,45000e-02  -1,06749e+00   1,64648e+02   1,54000e+02
           346   3,46000e-02  -1,06552e+00   1,63851e+02   1,53200e+02
           347   3,47000e-02  -1,06381e+00   1,63059e+02   1,52400e+02
           348   3,48000e-02  -1,06211e+00   1,62267e+02   1,51600e+02
           349   3,49000e-02  -1,06037e+00   1,61471e+02   1,50800e+02
           350   3,50000e-02  -1,05871e+00   1,60680e+02   1,50000e+02
           351   3,51000e-02  -1,05732e+00   1,59888e+02   1,49200e+02
           352   3,52000e-02  -1,05610e+00   1,59092e+02   1,48400e+02
           353   3,53000e-02  -1,05522e+00   1,58302e+02   1,47600e+02
           354   3,54000e-02  -1,05449e+00   1,57507e+02   1,46800e+02
           355   3,55000e-02  -1,05368e+00   1,56712e+02   1,46000e+02
           356   3,56000e-02  -1,05317e+00   1,55923e+02   1,45200e+02
           357   3,57000e-02  -1,05276e+00   1,55131e+02   1,44400e+02
           358   3,58000e-02  -1,05242e+00   1,54341e+02   1,43600e+02
           359   3,59000e-02  -1,05203e+00   1,53548e+02   1,42800e+02
           360   3,60000e-02  -1,05161e+00   1,52761e+02   1,42000e+02
           361   3,61000e-02  -1,05111e+00   1,51972e+02   1,41200e+02
           362   3,62000e-02  -1,05048e+00   1,51188e+02   1,40400e+02
           363   3,63000e-02  -1,04977e+00   1,50402e+02   1,39600e+02
           364   3,64000e-02  -1,04891e+00   1,49621e+02   1,38800e+02
           365   3,65000e-02  -1,04791e+00   1,48841e+02   1,38000e+02
           366   3,66000e-02  -1,04657e+00   1,48063e+02   1,37200e+02
           367   3,67000e-02  -1,04491e+00   1,47286e+02   1,36400e+02
           368   3,68000e-02  -1,04299e+00   1,46509e+02   1,35600e+02
           369   3,69000e-02  -1,04080e+00   1,45744e+02   1,34800e+02
           370   3,70000e-02  -1,03845e+00   1,44974e+02   1,34000e+02
           371   3,71000e-02  -1,03605e+00   1,44210e+02   1,33200e+02
           372   3,72000e-02  -1,03347e+00   1,43448e+02   1,32400e+02
           373   3,73000e-02  -1,03082e+00   1,42686e+02   1,31600e+02
           374   3,74000e-02  -1,02821e+00   1,41927e+02   1,30800e+02
           375   3,75000e-02  -1,02562e+00   1,41172e+02   1,30000e+02
           376   3,76000e-02  -1,02296e+00   1,40416e+02   1,29200e+02
           377   3,77000e-02  -1,02036e+00   1,39668e+02   1,28400e+02
           378   3,78000e-02  -1,01767e+00   1,38919e+02   1,27600e+02
           379   3,79000e-02  -1,01464e+00   1,38173e+02   1,26800e+02
           380   3,80000e-02  -1,01155e+00   1,37431e+02   1,26000e+02
           381   3,81000e-02  -1,00842e+00   1,36693e+02   1,25200e+02
           382   3,82000e-02  -1,00518e+00   1,35952e+02   1,24400e+02
           383   3,83000e-02  -1,00197e+00   1,35219e+02   1,23600e+02
           384   3,84000e-02  -9,98712e-01   1,34485e+02   1,22800e+02
           385   3,85000e-02  -9,95191e-01   1,33755e+02   1,22000e+02
           386   3,86000e-02  -9,91885e-01   1,33034e+02   1,21200e+02
           387   3,87000e-02  -9,88449e-01   1,32303e+02   1,20400e+02
           388   3,88000e-02  -9,85125e-01   1,31586e+02   1,19600e+02
           389   3,89000e-02  -9,81575e-01   1,30862e+02   1,18800e+02
           390   3,90000e-02  -9,77987e-01   1,30142e+02   1,18000e+02
           391   3,91000e-02  -9,74556e-01   1,29433e+02   1,17200e+02
           392   3,92000e-02  -9,70904e-01   1,28720e+02   1,16400e+02
           393   3,93000e-02  -9,67023e-01   1,28013e+02   1,15600e+02
           394   3,94000e-02  -9,62982e-01   1,27306e+02   1,14800e+02
           395   3,95000e-02  -9,58919e-01   1,26601e+02   1,14000e+02
           396   3,96000e-02  -9,54828e-01   1,25898e+02   1,13200e+02
           397   3,97000e-02  -9,50542e-01   1,25196e+02   1,12400e+02
           398   3,98000e-02  -9,46266e-01   1,24501e+02   1,11600e+02
           399   3,99000e-02  -9,42109e-01   1,23808e+02   1,10800e+02
           400   4,00000e-02  -9,37959e-01   1,23112e+02   1,10000e+02
           401   4,01000e-02  -9,33789e-01   1,22427e+02   1,09200e+02
           402   4,02000e-02  -9,29696e-01   1,21735e+02   1,08400e+02
           403   4,03000e-02  -9,25471e-01   1,21050e+02   1,07600e+02
           404   4,04000e-02  -9,21284e-01   1,20367e+02   1,06800e+02
           405   4,05000e-02  -9,17015e-01   1,19688e+02   1,06000e+02
           406   4,06000e-02  -9,12608e-01   1,19007e+02   1,05200e+02
           407   4,07000e-02  -9,08414e-01   1,18336e+02   1,04400e+02
           408   4,08000e-02  -9,04292e-01   1,17660e+02   1,03600e+02
           409   4,09000e-02  -9,00288e-01   1,16991e+02   1,02800e+02
           410   4,10000e-02  -8,96263e-01   1,16322e+02   1,02000e+02
           411   4,11000e-02  -8,92431e-01   1,15657e+02   1,01200e+02
           412   4,12000e-02  -8,88567e-01   1,14989e+02   1,00400e+02
           413   4,13000e-02  -8,84444e-01   1,14329e+02   9,96000e+01
           414   4,14000e-02  -8,80294e-01   1,13667e+02   9,88000e+01
           415   4,15000e-02  -8,76048e-01   1,13009e+02   9,80000e+01
           416   4,16000e-02  -8,71756e-01   1,12353e+02   9,72000e+01
           417   4,17000e-02  -8,67600e-01   1,11699e+02   9,64000e+01
           418   4,18000e-02  -8,63373e-01   1,11049e+02   9,56000e+01
           419   4,19000e-02  -8,59228e-01   1,10401e+02   9,48000e+01
           420   4,20000e-02  -8,55110e-01   1,09751e+02   9,40000e+01
           421   4,21000e-02  -8,50896e-01   1,09111e+02   9,32000e+01
           422   4,22000e-02  -8,46710e-01   1,08467e+02   9,24000e+01
           423   4,23000e-02  -8,42551e-01   1,07828e+02   9,16000e+01
           424   4,24000e-02  -8,38341e-01   1,07187e+02   9,08000e+01
           425   4,25000e-02  -8,34299e-01   1,06553e+02   9,00000e+01
           426   4,26000e-02  -8,30334e-01   1,05916e+02   8,92000e+01
           427   4,27000e-02  -8,26380e-01   1,05286e+02   8,84000e+01
           428   4,28000e-02  -8,22469e-01   1,04657e+02   8,76000e+01
           429   4,29000e-02  -8,18552e-01   1,04029e+02   8,68000e+01
           430   4,30000e-02  -8,14728e-01   1,03405e+02   8,60000e+01
           431   4,31000e-02  -8,10879e-01   1,02779e+02   8,52000e+01
           432   4,32000e-02  -8,07039e-01   1,02154e+02   8,44000e+01
           433   4,33000e-02  -8,03175e-01   1,01533e+02   8,36000e+01
           434   4,34000e-02  -7,99370e-01   1,00920e+02   8,28000e+01
           435   4,35000e-02  -7,95693e-01   1,00304e+02   8,20000e+01
           436   4,36000e-02  -7,92127e-01   9,96914e+01   8,12000e+01
           437   4,37000e-02  -7,88561e-01   9,90793e+01   8,04000e+01
           438   4,38000e-02  -7,85061e-01   9,84710e+01   7,96000e+01
           439   4,39000e-02  -7,81510e-01   9,78635e+01   7,88000e+01
           440   4,40000e-02  -7,77857e-01   9,72569e+01   7,80000e+01
           441   4,41000e-02  -7,74205e-01   9,66555e+01   7,72000e+01
           442   4,42000e-02  -7,70594e-01   9,60507e+01   7,64000e+01
           443   4,43000e-02  -7,67036e-01   9,54539e+01   7,56000e+01
           444   4,44000e-02  -7,63492e-01   9,48552e+01   7,48000e+01
           445   4,45000e-02  -7,59909e-01   9,42574e+01   7,40000e+01
           446   4,46000e-02  -7,56314e-01   9,36662e+01   7,32000e+01
           447   4,47000e-02  -7,52611e-01   9,30745e+01   7,24000e+01
           448   4,48000e-02  -7,49013e-01   9,24852e+01   7,16000e+01
           449   4,49000e-02  -7,45509e-01   9,18982e+01   7,08000e+01
           450   4,50000e-02  -7,42179e-01   9,13121e+01   7,00000e+01
           451   4,51000e-02  -7,38933e-01   9,07270e+01   6,92000e+01
           452   4,52000e-02  -7,35689e-01   9,01428e+01   6,84000e+01
           453   4,53000e-02  -7,32372e-01   8,95609e+01   6,76000e+01
           454   4,54000e-02  -7,29089e-01   8,89843e+01   6,68000e+01
           455   4,55000e-02  -7,25779e-01   8,84044e+01   6,60000e+01
           456   4,56000e-02  -7,22406e-01   8,78311e+01   6,52000e+01
           457   4,57000e-02  -7,18972e-01   8,72588e+01   6,44000e+01
           458   4,58000e-02  -7,15621e-01   8,66889e+01   6,36000e+01
           459   4,59000e-02  -7,12116e-01   8,61199e+01   6,28000e+01
           460   4,60000e-02  -7,08574e-01   8,55519e+01   6,20000e+01
           461   4,61000e-02  -7,05055e-01   8,49834e+01   6,12000e+01
           462   4,62000e-02  -7,01631e-01   8,44202e+01   6,04000e+01
           463   4,63000e-02  -6,98312e-01   8,38608e+01   5,96000e+01
           464   4,64000e-02  -6,95096e-01   8,32981e+01   5,88000e+01
           465   4,65000e-02  -6,91968e-01   8,27378e+01   5,80000e+01
           466   4,66000e-02  -6,89035e-01   8,21814e+01   5,72000e+01
           467   4,67000e-02  -6,86133e-01   8,16303e+01   5,64000e+01
           468   4,68000e-02  -6,83267e-01   8,10729e+01   5,56000e+01
           469   4,69000e-02  -6,80511e-01   8,05238e+01   5,48000e+01
           470   4,70000e-02  -6,77843e-01   7,99712e+01   5,40000e+01
           471   4,71000e-02  -6,75160e-01   7,94226e+01   5,32000e+01
           472   4,72000e-02  -6,72444e-01   7,88794e+01   5,24000e+01
           473   4,73000e-02  -6,69704e-01   7,83298e+01   5,16000e+01
           474   4,74000e-02  -6,67006e-01   7,77886e+01   5,08000e+01
           475   4,75000e-02  -6,64315e-01   7,72469e+01   5,00000e+01
           476   4,76000e-02  -6,61536e-01   7,67091e+01   4,92000e+01
           477   4,77000e-02  -6,58670e-01   7,61709e+01   4,84000e+01
           478   4,78000e-02  -6,55668e-01   7,56336e+01   4,76000e+01
           479   4,79000e-02  -6,52567e-01   7,50989e+01   4,68000e+01
           480   4,80000e-02  -6,49320e-01   7,45666e+01   4,60000e+01
           481   4,81000e-02  -6,45959e-01   7,40339e+01   4,52000e+01
           482   4,82000e-02  -6,42597e-01   7,35080e+01   4,44000e+01
           483   4,83000e-02  -6,39289e-01   7,29788e+01   4,36000e+01
           484   4,84000e-02  -6,36076e-01   7,24521e+01   4,28000e+01
           485   4,85000e-02  -6,33004e-01   7,19279e+01   4,20000e+01
           486   4,86000e-02  -6,29980e-01   7,14062e+01   4,12000e+01
           487   4,87000e-02  -6,27097e-01   7,08811e+01   4,04000e+01
           488   4,88000e-02  -6,24290e-01   7,03644e+01   3,96000e+01
           489   4,89000e-02  -6,21488e-01   6,98458e+01   3,88000e+01
           490   4,90000e-02  -6,18858e-01   6,93267e+01   3,80000e+01
           491   4,91000e-02  -6,16281e-01   6,88147e+01   3,72000e+01
           492   4,92000e-02  -6,13688e-01   6,83022e+01   3,64000e+01
           493   4,93000e-02  -6,11194e-01   6,77907e+01   3,56000e+01
           494   4,94000e-02  -6,08749e-01   6,72774e+01   3,48000e+01
           495   4,95000e-02  -6,06295e-01   6,67695e+01   3,40000e+01
           496   4,96000e-02  -6,03960e-01   6,62642e+01   3,32000e+01
           497   4,97000e-02  -6,01565e-01   6,57585e+01   3,24000e+01
           498   4,98000e-02  -5,99109e-01   6,52508e+01   3,16000e+01
           499   4,99000e-02  -5,96572e-01   6,47502e+01   3,08000e+01
           500   5,00000e-02  -5,93967e-01   6,42537e+01   3,00000e+01
           501   5,01000e-02  -5,91422e-01   6,37567e+01   2,92000e+01
           502   5,02000e-02  -5,88919e-01   6,32563e+01   2,84000e+01
           503   5,03000e-02  -5,86410e-01   6,27600e+01   2,76000e+01
           504   5,04000e-02  -5,83847e-01   6,22632e+01   2,68000e+01
           505   5,05000e-02  -5,81268e-01   6,17691e+01   2,60000e+01
           506   5,06000e-02  -5,78753e-01   6,12805e+01   2,52000e+01
           507   5,07000e-02  -5,76281e-01   6,07916e+01   2,44000e+01
           508   5,08000e-02  -5,73868e-01   6,02992e+01   2,36000e+01
           509   5,09000e-02  -5,71428e-01   5,98124e+01   2,28000e+01
           510   5,10000e-02  -5,68956e-01   5,93282e+01   2,20000e+01
           511   5,11000e-02  -5,66577e-01   5,88451e+01   2,12000e+01
           512   5,12000e-02  -5,64206e-01   5,83617e+01   2,04000e+01
           513   5,13000e-02  -5,61960e-01   5,78793e+01   1,96000e+01
           514   5,14000e-02  -5,59513e-01   5,74010e+01   1,88000e+01
           515   5,15000e-02  -5,57230e-01   5,69224e+01   1,80000e+01
           516   5,16000e-02  -5,55024e-01   5,64509e+01   1,72000e+01
           517   5,17000e-02  -5,52720e-01   5,59730e+01   1,64000e+01
           518   5,18000e-02  -5,50525e-01   5,55007e+01   1,56000e+01
           519   5,19000e-02  -5,48118e-01   5,50281e+01   1,48000e+01
           520   5,20000e-02  -5,45846e-01   5,45565e+01   1,40000e+01
           521   5,21000e-02  -5,43559e-01   5,40861e+01   1,32000e+01
           522   5,22000e-02  -5,41362e-01   5,36214e+01   1,24000e+01
           523   5,23000e-02  -5,39066e-01   5,31517e+01   1,16000e+01
           524   5,24000e-02  -5,36740e-01   5,26862e+01   1,08000e+01
           525   5,25000e-02  -5,34464e-01   5,22250e+01   1,00000e+01
           526   5,26000e-02  -5,32146e-01   5,17633e+01   9,19999e+00
           527   5,27000e-02  -5,29881e-01   5,13043e+01   8,40001e+00
           528   5,28000e-02  -5,27602e-01   5,08418e+01   7,59999e+00
           529   5,29000e-02  -5,25371e-01   5,03851e+01   6,80001e+00
           530   5,30000e-02  -5,23227e-01   4,99311e+01   6,00000e+00
           531   5,31000e-02  -5,21016e-01   4,94752e+01   5,20001e+00
           532   5,32000e-02  -5,18766e-01   4,90204e+01   4,40000e+00
           533   5,33000e-02  -5,16477e-01   4,85668e+01   3,60002e+00
           534   5,34000e-02  -5,14214e-01   4,81128e+01   2,80000e+00
           535   5,35000e-02  -5,11983e-01   4,76646e+01   1,99999e+00
           536   5,36000e-02  -5,09744e-01   4,72144e+01   1,20000e+00
           537   5,37000e-02  -5,07619e-01   4,67701e+01   3,99991e-01
           538   5,38000e-02  -5,05426e-01   4,63254e+01  -3,99993e-01
           539   5,39000e-02  -5,03404e-01   4,58788e+01  -1,20001e+00
           540   5,40000e-02  -5,01468e-01   4,54396e+01  -1,99999e+00
           541   5,41000e-02  -4,99533e-01   4,49969e+01  -2,80000e+00
           542   5,42000e-02  -4,97537e-01   4,45569e+01  -3,59999e+00
           543   5,43000e-02  -4,95531e-01   4,41181e+01  -4,40000e+00
           544   5,44000e-02  -4,93548e-01   4,36805e+01  -5,19998e+00
           545   5,45000e-02  -4,91421e-01   4,32472e+01  -6,00000e+00
           546   5,46000e-02  -4,89359e-01   4,28104e+01  -6,80001e+00
           547   5,47000e-02  -4,87328e-01   4,23749e+01  -7,60000e+00
           548   5,48000e-02  -4,85342e-01   4,19436e+01  -8,40001e+00
           549   5,49000e-02  -4,83241e-01   4,15136e+01  -9,19999e+00
           550   5,50000e-02  -4,81223e-01   4,10831e+01  -1,00000e+01
           551   5,51000e-02  -4,79170e-01   4,06571e+01  -1,08000e+01
           552   5,52000e-02  -4,77107e-01   4,02259e+01  -1,16000e+01
           553   5,53000e-02  -4,75048e-01   3,98007e+01  -1,24000e+01
           554   5,54000e-02  -4,72941e-01   3,93751e+01  -1,32000e+01
           555   5,55000e-02  -4,70880e-01   3,89555e+01  -1,40000e+01
           556   5,56000e-02  -4,68810e-01   3,85292e+01  -1,48000e+01
           557   5,57000e-02  -4,66820e-01   3,81152e+01  -1,56000e+01
           558   5,58000e-02  -4,64952e-01   3,76929e+01  -1,64000e+01
           559   5,59000e-02  -4,63209e-01   3,72750e+01  -1,72000e+01
           560   5,60000e-02  -4,61373e-01   3,68552e+01  -1,80000e+01
           561   5,61000e-02  -4,59504e-01   3,64414e+01  -1,88000e+01
           562   5,62000e-02  -4,57678e-01   3,60272e+01  -1,96000e+01
           563   5,63000e-02  -4,55722e-01   3,56190e+01  -2,04000e+01
           564   5,64000e-02  -4,53801e-01   3,52026e+01  -2,12000e+01
           565   5,65000e-02  -4,52045e-01   3,47937e+01  -2,20000e+01
           566   5,66000e-02  -4,50354e-01   3,43845e+01  -2,28000e+01
           567   5,67000e-02  -4,48466e-01   3,39718e+01  -2,36000e+01
           568   5,68000e-02  -4,46586e-01   3,35698e+01  -2,44000e+01
           569   5,69000e-02  -4,44733e-01   3,31628e+01  -2,52000e+01
           570   5,70000e-02  -4,42871e-01   3,27570e+01  -2,60000e+01
           571   5,71000e-02  -4,41003e-01   3,23556e+01  -2,68000e+01
           572   5,72000e-02  -4,39095e-01   3,19540e+01  -2,76000e+01
           573   5,73000e-02  -4,37272e-01   3,15535e+01  -2,84000e+01
           574   5,74000e-02  -4,35465e-01   3,11528e+01  -2,92000e+01
           575   5,75000e-02  -4,33800e-01   3,07565e+01  -3,00000e+01
           576   5,76000e-02  -4,32109e-01   3,03583e+01  -3,08000e+01
           577   5,77000e-02  -4,30584e-01   2,99614e+01  -3,16000e+01
           578   5,78000e-02  -4,29059e-01   2,95706e+01  -3,24000e+01
           579   5,79000e-02  -4,27466e-01   2,91794e+01  -3,32000e+01
           580   5,80000e-02  -4,25854e-01   2,87815e+01  -3,40000e+01
           581   5,81000e-02  -4,24229e-01   2,83913e+01  -3,48000e+01
           582   5,82000e-02  -4,22597e-01   2,79960e+01  -3,56000e+01
           583   5,83000e-02  -4,20982e-01   2,76164e+01  -3,64000e+01
           584   5,84000e-02  -4,19261e-01   2,72220e+01  -3,72000e+01
           585   5,85000e-02  -4,17536e-01   2,68386e+01  -3,80000e+01
           586   5,86000e-02  -4,15744e-01   2,64516e+01  -3,88000e+01
           587   5,87000e-02  -4,13956e-01   2,60676e+01  -3,96000e+01
           588   5,88000e-02  -4,12119e-01   2,56832e+01  -4,04000e+01
           589   5,89000e-02  -4,10314e-01   2,53034e+01  -4,12000e+01
           590   5,90000e-02  -4,08563e-01   2,49233e+01  -4,20000e+01
           591   5,91000e-02  -4,06924e-01   2,45445e+01  -4,28000e+01
           592   5,92000e-02  -4,05362e-01   2,41670e+01  -4,36000e+01
           593   5,93000e-02  -4,03903e-01   2,37876e+01  -4,44000e+01
           594   5,94000e-02  -4,02365e-01   2,34143e+01  -4,52000e+01
           595   5,95000e-02  -4,00771e-01   2,30375e+01  -4,60000e+01
           596   5,96000e-02  -3,99210e-01   2,26653e+01  -4,68000e+01
           597   5,97000e-02  -3,97648e-01   2,22928e+01  -4,76000e+01
           598   5,98000e-02  -3,95969e-01   2,19167e+01  -4,84000e+01
           599   5,99000e-02  -3,94319e-01   2,15485e+01  -4,92000e+01
           600   6,00000e-02  -3,92650e-01   2,11751e+01  -5,00000e+01
           601   6,01000e-02  -3,90883e-01   2,08079e+01  -5,08000e+01
           602   6,02000e-02  -3,89146e-01   2,04469e+01  -5,16000e+01
           603   6,03000e-02  -3,87392e-01   2,00742e+01  -5,24000e+01
           604   6,04000e-02  -3,85725e-01   1,97127e+01  -5,32000e+01
           605   6,05000e-02  -3,84166e-01   1,93493e+01  -5,40000e+01
           606   6,06000e-02  -3,82598e-01   1,89855e+01  -5,48000e+01
           607   6,07000e-02  -3,81057e-01   1,86264e+01  -5,56000e+01
           608   6,08000e-02  -3,79498e-01   1,82654e+01  -5,64000e+01
           609   6,09000e-02  -3,78019e-01   1,79040e+01  -5,72000e+01
           610   6,10000e-02  -3,76592e-01   1,75490e+01  -5,80000e+01
           611   6,11000e-02  -3,75123e-01   1,71854e+01  -5,88000e+01
           612   6,12000e-02  -3,73619e-01   1,68331e+01  -5,96000e+01
           613   6,13000e-02  -3,72106e-01   1,64789e+01  -6,04000e+01
           614   6,14000e-02  -3,70749e-01   1,61243e+01  -6,12000e+01
           615   6,15000e-02  -3,69325e-01   1,57695e+01  -6,20000e+01
           616   6,16000e-02  -3,67880e-01   1,54178e+01  -6,28000e+01
           617   6,17000e-02  -3,66469e-01   1,50657e+01  -6,36000e+01
           618   6,18000e-02  -3,65043e-01   1,47183e+01  -6,44000e+01
           619   6,19000e-02  -3,63619e-01   1,43707e+01  -6,52000e+01
           620   6,20000e-02  -3,62233e-01   1,40178e+01  -6,60000e+01
           621   6,21000e-02  -3,60741e-01   1,36712e+01  -6,68000e+01
           622   6,22000e-02  -3,59293e-01   1,33277e+01  -6,76000e+01
           623   6,23000e-02  -3,57811e-01   1,29806e+01  -6,84000e+01
           624   6,24000e-02  -3,56320e-01   1,26366e+01  -6,92000e+01
           625   6,25000e-02  -3,54839e-01   1,22940e+01  -7,00000e+01
           626   6,26000e-02  -3,53405e-01   1,19544e+01  -7,08000e+01
           627   6,27000e-02  -3,52053e-01   1,16145e+01  -7,16000e+01
           628   6,28000e-02  -3,50641e-01   1,12728e+01  -7,24000e+01
           629   6,29000e-02  -3,49222e-01   1,09374e+01  -7,32000e+01
           630   6,30000e-02  -3,47710e-01   1,05984e+01  -7,40000e+01
           631   6,31000e-02  -3,46292e-01   1,02625e+01  -7,48000e+01
           632   6,32000e-02  -3,44898e-01   9,92469e+00  -7,56000e+01
           633   6,33000e-02  -3,43576e-01   9,59498e+00  -7,64000e+01
           634   6,34000e-02  -3,42330e-01   9,25830e+00  -7,72000e+01
           635   6,35000e-02  -3,41032e-01   8,92471e+00  -7,80000e+01
           636   6,36000e-02  -3,39677e-01   8,59757e+00  -7,88000e+01
&ISTI23 90816 Jos_usf2_coolings_2000_4000_6000_8000_10000
