         Index             t     Heat Flow            Ts            Tr
           [#]           [s]          [mW]          [°C]          [°C]
             0   0,00000e+00   1,36407e-01   4,29799e+02   4,30000e+02
             1   1,00000e-04   1,35986e-01   4,29797e+02   4,29600e+02
             2   2,00000e-04   1,36795e-01   4,29784e+02   4,29200e+02
             3   3,00000e-04   1,39650e-01   4,29763e+02   4,28800e+02
             4   4,00000e-04   1,43642e-01   4,29726e+02   4,28400e+02
             5   5,00000e-04   1,47021e-01   4,29657e+02   4,28000e+02
             6   6,00000e-04   1,48025e-01   4,29546e+02   4,27600e+02
             7   7,00000e-04   1,46008e-01   4,29397e+02   4,27200e+02
             8   8,00000e-04   1,41817e-01   4,29214e+02   4,26800e+02
             9   9,00000e-04   1,36896e-01   4,29002e+02   4,26400e+02
            10   1,00000e-03   1,32711e-01   4,28785e+02   4,26000e+02
            11   1,10000e-03   1,29542e-01   4,28561e+02   4,25600e+02
            12   1,20000e-03   1,26858e-01   4,28325e+02   4,25200e+02
            13   1,30000e-03   1,23539e-01   4,28084e+02   4,24800e+02
            14   1,40000e-03   1,18690e-01   4,27815e+02   4,24400e+02
            15   1,50000e-03   1,12127e-01   4,27531e+02   4,24000e+02
            16   1,60000e-03   1,04291e-01   4,27232e+02   4,23600e+02
            17   1,70000e-03   9,59202e-02   4,26913e+02   4,23200e+02
            18   1,80000e-03   8,76441e-02   4,26599e+02   4,22800e+02
            19   1,90000e-03   7,96905e-02   4,26282e+02   4,22400e+02
            20   2,00000e-03   7,17851e-02   4,25964e+02   4,22000e+02
            21   2,10000e-03   6,42571e-02   4,25636e+02   4,21600e+02
            22   2,20000e-03   5,71903e-02   4,25299e+02   4,21200e+02
            23   2,30000e-03   5,03154e-02   4,24954e+02   4,20800e+02
            24   2,40000e-03   4,34279e-02   4,24600e+02   4,20400e+02
            25   2,50000e-03   3,62710e-02   4,24241e+02   4,20000e+02
            26   2,60000e-03   2,86719e-02   4,23882e+02   4,19600e+02
            27   2,70000e-03   2,04674e-02   4,23521e+02   4,19200e+02
            28   2,80000e-03   1,12909e-02   4,23163e+02   4,18800e+02
            29   2,90000e-03   8,43492e-04   4,22797e+02   4,18400e+02
            30   3,00000e-03  -1,12756e-02   4,22428e+02   4,18000e+02
            31   3,10000e-03  -2,52834e-02   4,22054e+02   4,17600e+02
            32   3,20000e-03  -4,13953e-02   4,21678e+02   4,17200e+02
            33   3,30000e-03  -5,95468e-02   4,21295e+02   4,16800e+02
            34   3,40000e-03  -7,96324e-02   4,20918e+02   4,16400e+02
            35   3,50000e-03  -1,01757e-01   4,20540e+02   4,16000e+02
            36   3,60000e-03  -1,25758e-01   4,20160e+02   4,15600e+02
            37   3,70000e-03  -1,51674e-01   4,19778e+02   4,15200e+02
            38   3,80000e-03  -1,79424e-01   4,19393e+02   4,14800e+02
            39   3,90000e-03  -2,08643e-01   4,19007e+02   4,14400e+02
            40   4,00000e-03  -2,38953e-01   4,18621e+02   4,14000e+02
            41   4,10000e-03  -2,69814e-01   4,18233e+02   4,13600e+02
            42   4,20000e-03  -3,00782e-01   4,17844e+02   4,13200e+02
            43   4,30000e-03  -3,31423e-01   4,17453e+02   4,12800e+02
            44   4,40000e-03  -3,61432e-01   4,17063e+02   4,12400e+02
            45   4,50000e-03  -3,90675e-01   4,16675e+02   4,12000e+02
            46   4,60000e-03  -4,18948e-01   4,16286e+02   4,11600e+02
            47   4,70000e-03  -4,45890e-01   4,15890e+02   4,11200e+02
            48   4,80000e-03  -4,71196e-01   4,15499e+02   4,10800e+02
            49   4,90000e-03  -4,94906e-01   4,15109e+02   4,10400e+02
            50   5,00000e-03  -5,16741e-01   4,14714e+02   4,10000e+02
            51   5,10000e-03  -5,36801e-01   4,14317e+02   4,09600e+02
            52   5,20000e-03  -5,55075e-01   4,13925e+02   4,09200e+02
            53   5,30000e-03  -5,71646e-01   4,13527e+02   4,08800e+02
            54   5,40000e-03  -5,87003e-01   4,13131e+02   4,08400e+02
            55   5,50000e-03  -6,01128e-01   4,12737e+02   4,08000e+02
            56   5,60000e-03  -6,14031e-01   4,12341e+02   4,07600e+02
            57   5,70000e-03  -6,25836e-01   4,11944e+02   4,07200e+02
            58   5,80000e-03  -6,36603e-01   4,11550e+02   4,06800e+02
            59   5,90000e-03  -6,46602e-01   4,11154e+02   4,06400e+02
            60   6,00000e-03  -6,56170e-01   4,10758e+02   4,06000e+02
            61   6,10000e-03  -6,65555e-01   4,10365e+02   4,05600e+02
            62   6,20000e-03  -6,74800e-01   4,09966e+02   4,05200e+02
            63   6,30000e-03  -6,83988e-01   4,09566e+02   4,04800e+02
            64   6,40000e-03  -6,92996e-01   4,09169e+02   4,04400e+02
            65   6,50000e-03  -7,01782e-01   4,08772e+02   4,04000e+02
            66   6,60000e-03  -7,10211e-01   4,08374e+02   4,03600e+02
            67   6,70000e-03  -7,18437e-01   4,07978e+02   4,03200e+02
            68   6,80000e-03  -7,26602e-01   4,07580e+02   4,02800e+02
            69   6,90000e-03  -7,34679e-01   4,07184e+02   4,02400e+02
            70   7,00000e-03  -7,42674e-01   4,06784e+02   4,02000e+02
            71   7,10000e-03  -7,50310e-01   4,06389e+02   4,01600e+02
            72   7,20000e-03  -7,57674e-01   4,05990e+02   4,01200e+02
            73   7,30000e-03  -7,64915e-01   4,05592e+02   4,00800e+02
            74   7,40000e-03  -7,71846e-01   4,05192e+02   4,00400e+02
            75   7,50000e-03  -7,78249e-01   4,04795e+02   4,00000e+02
            76   7,60000e-03  -7,84095e-01   4,04399e+02   3,99600e+02
            77   7,70000e-03  -7,89408e-01   4,03999e+02   3,99200e+02
            78   7,80000e-03  -7,94453e-01   4,03599e+02   3,98800e+02
            79   7,90000e-03  -7,99445e-01   4,03205e+02   3,98400e+02
            80   8,00000e-03  -8,04311e-01   4,02806e+02   3,98000e+02
            81   8,10000e-03  -8,08888e-01   4,02402e+02   3,97600e+02
            82   8,20000e-03  -8,13171e-01   4,02006e+02   3,97200e+02
            83   8,30000e-03  -8,16807e-01   4,01605e+02   3,96800e+02
            84   8,40000e-03  -8,19903e-01   4,01208e+02   3,96400e+02
            85   8,50000e-03  -8,22690e-01   4,00813e+02   3,96000e+02
            86   8,60000e-03  -8,25543e-01   4,00414e+02   3,95600e+02
            87   8,70000e-03  -8,28371e-01   4,00014e+02   3,95200e+02
            88   8,80000e-03  -8,31306e-01   3,99617e+02   3,94800e+02
            89   8,90000e-03  -8,33982e-01   3,99213e+02   3,94400e+02
            90   9,00000e-03  -8,36625e-01   3,98815e+02   3,94000e+02
            91   9,10000e-03  -8,38916e-01   3,98419e+02   3,93600e+02
            92   9,20000e-03  -8,41057e-01   3,98018e+02   3,93200e+02
            93   9,30000e-03  -8,43306e-01   3,97622e+02   3,92800e+02
            94   9,40000e-03  -8,45364e-01   3,97220e+02   3,92400e+02
            95   9,50000e-03  -8,47361e-01   3,96822e+02   3,92000e+02
            96   9,60000e-03  -8,49493e-01   3,96423e+02   3,91600e+02
            97   9,70000e-03  -8,51539e-01   3,96023e+02   3,91200e+02
            98   9,80000e-03  -8,53481e-01   3,95628e+02   3,90800e+02
            99   9,90000e-03  -8,55111e-01   3,95224e+02   3,90400e+02
           100   1,00000e-02  -8,56572e-01   3,94826e+02   3,90000e+02
           101   1,01000e-02  -8,57794e-01   3,94426e+02   3,89600e+02
           102   1,02000e-02  -8,58742e-01   3,94029e+02   3,89200e+02
           103   1,03000e-02  -8,59644e-01   3,93631e+02   3,88800e+02
           104   1,04000e-02  -8,60489e-01   3,93232e+02   3,88400e+02
           105   1,05000e-02  -8,61565e-01   3,92832e+02   3,88000e+02
           106   1,06000e-02  -8,62590e-01   3,92433e+02   3,87600e+02
           107   1,07000e-02  -8,63333e-01   3,92034e+02   3,87200e+02
           108   1,08000e-02  -8,63807e-01   3,91632e+02   3,86800e+02
           109   1,09000e-02  -8,64322e-01   3,91235e+02   3,86400e+02
           110   1,10000e-02  -8,64935e-01   3,90837e+02   3,86000e+02
           111   1,11000e-02  -8,65624e-01   3,90435e+02   3,85600e+02
           112   1,12000e-02  -8,66387e-01   3,90036e+02   3,85200e+02
           113   1,13000e-02  -8,67110e-01   3,89637e+02   3,84800e+02
           114   1,14000e-02  -8,67759e-01   3,89240e+02   3,84400e+02
           115   1,15000e-02  -8,68526e-01   3,88839e+02   3,84000e+02
           116   1,16000e-02  -8,69084e-01   3,88441e+02   3,83600e+02
           117   1,17000e-02  -8,69586e-01   3,88040e+02   3,83200e+02
           118   1,18000e-02  -8,70158e-01   3,87645e+02   3,82800e+02
           119   1,19000e-02  -8,70794e-01   3,87243e+02   3,82400e+02
           120   1,20000e-02  -8,71427e-01   3,86844e+02   3,82000e+02
           121   1,21000e-02  -8,72007e-01   3,86446e+02   3,81600e+02
           122   1,22000e-02  -8,72700e-01   3,86042e+02   3,81200e+02
           123   1,23000e-02  -8,73265e-01   3,85647e+02   3,80800e+02
           124   1,24000e-02  -8,73853e-01   3,85243e+02   3,80400e+02
           125   1,25000e-02  -8,74373e-01   3,84845e+02   3,80000e+02
           126   1,26000e-02  -8,74814e-01   3,84446e+02   3,79600e+02
           127   1,27000e-02  -8,74997e-01   3,84047e+02   3,79200e+02
           128   1,28000e-02  -8,75175e-01   3,83647e+02   3,78800e+02
           129   1,29000e-02  -8,75530e-01   3,83248e+02   3,78400e+02
           130   1,30000e-02  -8,75829e-01   3,82849e+02   3,78000e+02
           131   1,31000e-02  -8,76327e-01   3,82451e+02   3,77600e+02
           132   1,32000e-02  -8,76657e-01   3,82051e+02   3,77200e+02
           133   1,33000e-02  -8,76946e-01   3,81650e+02   3,76800e+02
           134   1,34000e-02  -8,77036e-01   3,81250e+02   3,76400e+02
           135   1,35000e-02  -8,76893e-01   3,80851e+02   3,76000e+02
           136   1,36000e-02  -8,76662e-01   3,80454e+02   3,75600e+02
           137   1,37000e-02  -8,76524e-01   3,80052e+02   3,75200e+02
           138   1,38000e-02  -8,76629e-01   3,79653e+02   3,74800e+02
           139   1,39000e-02  -8,76817e-01   3,79253e+02   3,74400e+02
           140   1,40000e-02  -8,77044e-01   3,78856e+02   3,74000e+02
           141   1,41000e-02  -8,77265e-01   3,78457e+02   3,73600e+02
           142   1,42000e-02  -8,77321e-01   3,78055e+02   3,73200e+02
           143   1,43000e-02  -8,77269e-01   3,77655e+02   3,72800e+02
           144   1,44000e-02  -8,77280e-01   3,77258e+02   3,72400e+02
           145   1,45000e-02  -8,77328e-01   3,76856e+02   3,72000e+02
           146   1,46000e-02  -8,77403e-01   3,76455e+02   3,71600e+02
           147   1,47000e-02  -8,77761e-01   3,76060e+02   3,71200e+02
           148   1,48000e-02  -8,78088e-01   3,75659e+02   3,70800e+02
           149   1,49000e-02  -8,78047e-01   3,75258e+02   3,70400e+02
           150   1,50000e-02  -8,77642e-01   3,74859e+02   3,70000e+02
           151   1,51000e-02  -8,77160e-01   3,74461e+02   3,69600e+02
           152   1,52000e-02  -8,76895e-01   3,74062e+02   3,69200e+02
           153   1,53000e-02  -8,76709e-01   3,73662e+02   3,68800e+02
           154   1,54000e-02  -8,76790e-01   3,73264e+02   3,68400e+02
           155   1,55000e-02  -8,77020e-01   3,72859e+02   3,68000e+02
           156   1,56000e-02  -8,77320e-01   3,72464e+02   3,67600e+02
           157   1,57000e-02  -8,77389e-01   3,72064e+02   3,67200e+02
           158   1,58000e-02  -8,77541e-01   3,71662e+02   3,66800e+02
           159   1,59000e-02  -8,77495e-01   3,71264e+02   3,66400e+02
           160   1,60000e-02  -8,77228e-01   3,70864e+02   3,66000e+02
           161   1,61000e-02  -8,76919e-01   3,70466e+02   3,65600e+02
           162   1,62000e-02  -8,76729e-01   3,70067e+02   3,65200e+02
           163   1,63000e-02  -8,76725e-01   3,69667e+02   3,64800e+02
           164   1,64000e-02  -8,76874e-01   3,69266e+02   3,64400e+02
           165   1,65000e-02  -8,77192e-01   3,68868e+02   3,64000e+02
           166   1,66000e-02  -8,77561e-01   3,68468e+02   3,63600e+02
           167   1,67000e-02  -8,77754e-01   3,68070e+02   3,63200e+02
           168   1,68000e-02  -8,77719e-01   3,67668e+02   3,62800e+02
           169   1,69000e-02  -8,77652e-01   3,67270e+02   3,62400e+02
           170   1,70000e-02  -8,77509e-01   3,66868e+02   3,62000e+02
           171   1,71000e-02  -8,77650e-01   3,66472e+02   3,61600e+02
           172   1,72000e-02  -8,77950e-01   3,66074e+02   3,61200e+02
           173   1,73000e-02  -8,78339e-01   3,65673e+02   3,60800e+02
           174   1,74000e-02  -8,78733e-01   3,65270e+02   3,60400e+02
           175   1,75000e-02  -8,78806e-01   3,64870e+02   3,60000e+02
           176   1,76000e-02  -8,78637e-01   3,64473e+02   3,59600e+02
           177   1,77000e-02  -8,78451e-01   3,64073e+02   3,59200e+02
           178   1,78000e-02  -8,78239e-01   3,63673e+02   3,58800e+02
           179   1,79000e-02  -8,78059e-01   3,63275e+02   3,58400e+02
           180   1,80000e-02  -8,78101e-01   3,62875e+02   3,58000e+02
           181   1,81000e-02  -8,78309e-01   3,62474e+02   3,57600e+02
           182   1,82000e-02  -8,78485e-01   3,62075e+02   3,57200e+02
           183   1,83000e-02  -8,78566e-01   3,61676e+02   3,56800e+02
           184   1,84000e-02  -8,78473e-01   3,61276e+02   3,56400e+02
           185   1,85000e-02  -8,78409e-01   3,60874e+02   3,56000e+02
           186   1,86000e-02  -8,78538e-01   3,60477e+02   3,55600e+02
           187   1,87000e-02  -8,78726e-01   3,60079e+02   3,55200e+02
           188   1,88000e-02  -8,79091e-01   3,59681e+02   3,54800e+02
           189   1,89000e-02  -8,79331e-01   3,59281e+02   3,54400e+02
           190   1,90000e-02  -8,79487e-01   3,58883e+02   3,54000e+02
           191   1,91000e-02  -8,79483e-01   3,58482e+02   3,53600e+02
           192   1,92000e-02  -8,79374e-01   3,58078e+02   3,53200e+02
           193   1,93000e-02  -8,79146e-01   3,57681e+02   3,52800e+02
           194   1,94000e-02  -8,78970e-01   3,57280e+02   3,52400e+02
           195   1,95000e-02  -8,79150e-01   3,56880e+02   3,52000e+02
           196   1,96000e-02  -8,79121e-01   3,56481e+02   3,51600e+02
           197   1,97000e-02  -8,78992e-01   3,56081e+02   3,51200e+02
           198   1,98000e-02  -8,79004e-01   3,55686e+02   3,50800e+02
           199   1,99000e-02  -8,78955e-01   3,55285e+02   3,50400e+02
           200   2,00000e-02  -8,78795e-01   3,54883e+02   3,50000e+02
           201   2,01000e-02  -8,78722e-01   3,54486e+02   3,49600e+02
           202   2,02000e-02  -8,78598e-01   3,54085e+02   3,49200e+02
           203   2,03000e-02  -8,78545e-01   3,53685e+02   3,48800e+02
           204   2,04000e-02  -8,78556e-01   3,53286e+02   3,48400e+02
           205   2,05000e-02  -8,78479e-01   3,52889e+02   3,48000e+02
           206   2,06000e-02  -8,78185e-01   3,52488e+02   3,47600e+02
           207   2,07000e-02  -8,78193e-01   3,52089e+02   3,47200e+02
           208   2,08000e-02  -8,78260e-01   3,51688e+02   3,46800e+02
           209   2,09000e-02  -8,78700e-01   3,51291e+02   3,46400e+02
           210   2,10000e-02  -8,79388e-01   3,50889e+02   3,46000e+02
           211   2,11000e-02  -8,80056e-01   3,50491e+02   3,45600e+02
           212   2,12000e-02  -8,80428e-01   3,50091e+02   3,45200e+02
           213   2,13000e-02  -8,80350e-01   3,49691e+02   3,44800e+02
           214   2,14000e-02  -8,80173e-01   3,49292e+02   3,44400e+02
           215   2,15000e-02  -8,80016e-01   3,48893e+02   3,44000e+02
           216   2,16000e-02  -8,80018e-01   3,48492e+02   3,43600e+02
           217   2,17000e-02  -8,80126e-01   3,48095e+02   3,43200e+02
           218   2,18000e-02  -8,80361e-01   3,47692e+02   3,42800e+02
           219   2,19000e-02  -8,80556e-01   3,47292e+02   3,42400e+02
           220   2,20000e-02  -8,80474e-01   3,46892e+02   3,42000e+02
           221   2,21000e-02  -8,80461e-01   3,46495e+02   3,41600e+02
           222   2,22000e-02  -8,80239e-01   3,46095e+02   3,41200e+02
           223   2,23000e-02  -8,80149e-01   3,45697e+02   3,40800e+02
           224   2,24000e-02  -8,80112e-01   3,45297e+02   3,40400e+02
           225   2,25000e-02  -8,80231e-01   3,44898e+02   3,40000e+02
           226   2,26000e-02  -8,80329e-01   3,44498e+02   3,39600e+02
           227   2,27000e-02  -8,80612e-01   3,44098e+02   3,39200e+02
           228   2,28000e-02  -8,81015e-01   3,43697e+02   3,38800e+02
           229   2,29000e-02  -8,81370e-01   3,43298e+02   3,38400e+02
           230   2,30000e-02  -8,81529e-01   3,42899e+02   3,38000e+02
           231   2,31000e-02  -8,81491e-01   3,42500e+02   3,37600e+02
           232   2,32000e-02  -8,81417e-01   3,42101e+02   3,37200e+02
           233   2,33000e-02  -8,81380e-01   3,41700e+02   3,36800e+02
           234   2,34000e-02  -8,81301e-01   3,41298e+02   3,36400e+02
           235   2,35000e-02  -8,81444e-01   3,40903e+02   3,36000e+02
           236   2,36000e-02  -8,81634e-01   3,40502e+02   3,35600e+02
           237   2,37000e-02  -8,81829e-01   3,40104e+02   3,35200e+02
           238   2,38000e-02  -8,81963e-01   3,39706e+02   3,34800e+02
           239   2,39000e-02  -8,82078e-01   3,39303e+02   3,34400e+02
           240   2,40000e-02  -8,82188e-01   3,38904e+02   3,34000e+02
           241   2,41000e-02  -8,82194e-01   3,38506e+02   3,33600e+02
           242   2,42000e-02  -8,82364e-01   3,38106e+02   3,33200e+02
           243   2,43000e-02  -8,82679e-01   3,37706e+02   3,32800e+02
           244   2,44000e-02  -8,83054e-01   3,37306e+02   3,32400e+02
           245   2,45000e-02  -8,83365e-01   3,36908e+02   3,32000e+02
           246   2,46000e-02  -8,83591e-01   3,36507e+02   3,31600e+02
           247   2,47000e-02  -8,83705e-01   3,36111e+02   3,31200e+02
           248   2,48000e-02  -8,83735e-01   3,35710e+02   3,30800e+02
           249   2,49000e-02  -8,83584e-01   3,35311e+02   3,30400e+02
           250   2,50000e-02  -8,83525e-01   3,34911e+02   3,30000e+02
           251   2,51000e-02  -8,83619e-01   3,34510e+02   3,29600e+02
           252   2,52000e-02  -8,83721e-01   3,34111e+02   3,29200e+02
           253   2,53000e-02  -8,83979e-01   3,33711e+02   3,28800e+02
           254   2,54000e-02  -8,84141e-01   3,33309e+02   3,28400e+02
           255   2,55000e-02  -8,84392e-01   3,32908e+02   3,28000e+02
           256   2,56000e-02  -8,84489e-01   3,32511e+02   3,27600e+02
           257   2,57000e-02  -8,84631e-01   3,32113e+02   3,27200e+02
           258   2,58000e-02  -8,84829e-01   3,31716e+02   3,26800e+02
           259   2,59000e-02  -8,85132e-01   3,31314e+02   3,26400e+02
           260   2,60000e-02  -8,85394e-01   3,30918e+02   3,26000e+02
           261   2,61000e-02  -8,85789e-01   3,30515e+02   3,25600e+02
           262   2,62000e-02  -8,86040e-01   3,30115e+02   3,25200e+02
           263   2,63000e-02  -8,86153e-01   3,29716e+02   3,24800e+02
           264   2,64000e-02  -8,86351e-01   3,29318e+02   3,24400e+02
           265   2,65000e-02  -8,86485e-01   3,28916e+02   3,24000e+02
           266   2,66000e-02  -8,86771e-01   3,28517e+02   3,23600e+02
           267   2,67000e-02  -8,87017e-01   3,28118e+02   3,23200e+02
           268   2,68000e-02  -8,87191e-01   3,27719e+02   3,22800e+02
           269   2,69000e-02  -8,87264e-01   3,27317e+02   3,22400e+02
           270   2,70000e-02  -8,87253e-01   3,26919e+02   3,22000e+02
           271   2,71000e-02  -8,87149e-01   3,26522e+02   3,21600e+02
           272   2,72000e-02  -8,86775e-01   3,26122e+02   3,21200e+02
           273   2,73000e-02  -8,86297e-01   3,25721e+02   3,20800e+02
           274   2,74000e-02  -8,85774e-01   3,25319e+02   3,20400e+02
           275   2,75000e-02  -8,85380e-01   3,24921e+02   3,20000e+02
           276   2,76000e-02  -8,85087e-01   3,24523e+02   3,19600e+02
           277   2,77000e-02  -8,85027e-01   3,24122e+02   3,19200e+02
           278   2,78000e-02  -8,85039e-01   3,23721e+02   3,18800e+02
           279   2,79000e-02  -8,85048e-01   3,23322e+02   3,18400e+02
           280   2,80000e-02  -8,84951e-01   3,22926e+02   3,18000e+02
           281   2,81000e-02  -8,84859e-01   3,22526e+02   3,17600e+02
           282   2,82000e-02  -8,85160e-01   3,22125e+02   3,17200e+02
           283   2,83000e-02  -8,85623e-01   3,21726e+02   3,16800e+02
           284   2,84000e-02  -8,86359e-01   3,21326e+02   3,16400e+02
           285   2,85000e-02  -8,86959e-01   3,20926e+02   3,16000e+02
           286   2,86000e-02  -8,87655e-01   3,20526e+02   3,15600e+02
           287   2,87000e-02  -8,88392e-01   3,20128e+02   3,15200e+02
           288   2,88000e-02  -8,89165e-01   3,19728e+02   3,14800e+02
           289   2,89000e-02  -8,89689e-01   3,19329e+02   3,14400e+02
           290   2,90000e-02  -8,90302e-01   3,18931e+02   3,14000e+02
           291   2,91000e-02  -8,90942e-01   3,18529e+02   3,13600e+02
           292   2,92000e-02  -8,91398e-01   3,18131e+02   3,13200e+02
           293   2,93000e-02  -8,91817e-01   3,17733e+02   3,12800e+02
           294   2,94000e-02  -8,92220e-01   3,17332e+02   3,12400e+02
           295   2,95000e-02  -8,92539e-01   3,16935e+02   3,12000e+02
           296   2,96000e-02  -8,92894e-01   3,16536e+02   3,11600e+02
           297   2,97000e-02  -8,93111e-01   3,16136e+02   3,11200e+02
           298   2,98000e-02  -8,93373e-01   3,15734e+02   3,10800e+02
           299   2,99000e-02  -8,93518e-01   3,15337e+02   3,10400e+02
           300   3,00000e-02  -8,93513e-01   3,14935e+02   3,10000e+02
           301   3,01000e-02  -8,93548e-01   3,14535e+02   3,09600e+02
           302   3,02000e-02  -8,93673e-01   3,14138e+02   3,09200e+02
           303   3,03000e-02  -8,94136e-01   3,13737e+02   3,08800e+02
           304   3,04000e-02  -8,94576e-01   3,13337e+02   3,08400e+02
           305   3,05000e-02  -8,95056e-01   3,12936e+02   3,08000e+02
           306   3,06000e-02  -8,95330e-01   3,12539e+02   3,07600e+02
           307   3,07000e-02  -8,95560e-01   3,12137e+02   3,07200e+02
           308   3,08000e-02  -8,95983e-01   3,11743e+02   3,06800e+02
           309   3,09000e-02  -8,96305e-01   3,11339e+02   3,06400e+02
           310   3,10000e-02  -8,96519e-01   3,10941e+02   3,06000e+02
           311   3,11000e-02  -8,96813e-01   3,10544e+02   3,05600e+02
           312   3,12000e-02  -8,97216e-01   3,10142e+02   3,05200e+02
           313   3,13000e-02  -8,97596e-01   3,09742e+02   3,04800e+02
           314   3,14000e-02  -8,97902e-01   3,09341e+02   3,04400e+02
           315   3,15000e-02  -8,97973e-01   3,08944e+02   3,04000e+02
           316   3,16000e-02  -8,97943e-01   3,08545e+02   3,03600e+02
           317   3,17000e-02  -8,97877e-01   3,08147e+02   3,03200e+02
           318   3,18000e-02  -8,97766e-01   3,07744e+02   3,02800e+02
           319   3,19000e-02  -8,97947e-01   3,07350e+02   3,02400e+02
           320   3,20000e-02  -8,98576e-01   3,06951e+02   3,02000e+02
           321   3,21000e-02  -8,99494e-01   3,06546e+02   3,01600e+02
           322   3,22000e-02  -9,00243e-01   3,06145e+02   3,01200e+02
           323   3,23000e-02  -9,00768e-01   3,05748e+02   3,00800e+02
           324   3,24000e-02  -9,01257e-01   3,05347e+02   3,00400e+02
           325   3,25000e-02  -9,01701e-01   3,04950e+02   3,00000e+02
           326   3,26000e-02  -9,02170e-01   3,04549e+02   2,99600e+02
           327   3,27000e-02  -9,02647e-01   3,04153e+02   2,99200e+02
           328   3,28000e-02  -9,03335e-01   3,03751e+02   2,98800e+02
           329   3,29000e-02  -9,04113e-01   3,03353e+02   2,98400e+02
           330   3,30000e-02  -9,04895e-01   3,02953e+02   2,98000e+02
           331   3,31000e-02  -9,05560e-01   3,02555e+02   2,97600e+02
           332   3,32000e-02  -9,06062e-01   3,02159e+02   2,97200e+02
           333   3,33000e-02  -9,06449e-01   3,01755e+02   2,96800e+02
           334   3,34000e-02  -9,06715e-01   3,01356e+02   2,96400e+02
           335   3,35000e-02  -9,06977e-01   3,00956e+02   2,96000e+02
           336   3,36000e-02  -9,07381e-01   3,00556e+02   2,95600e+02
           337   3,37000e-02  -9,07806e-01   3,00156e+02   2,95200e+02
           338   3,38000e-02  -9,08280e-01   2,99758e+02   2,94800e+02
           339   3,39000e-02  -9,08887e-01   2,99357e+02   2,94400e+02
           340   3,40000e-02  -9,09296e-01   2,98959e+02   2,94000e+02
           341   3,41000e-02  -9,09749e-01   2,98560e+02   2,93600e+02
           342   3,42000e-02  -9,10170e-01   2,98159e+02   2,93200e+02
           343   3,43000e-02  -9,10795e-01   2,97763e+02   2,92800e+02
           344   3,44000e-02  -9,11522e-01   2,97363e+02   2,92400e+02
           345   3,45000e-02  -9,12441e-01   2,96961e+02   2,92000e+02
           346   3,46000e-02  -9,13177e-01   2,96562e+02   2,91600e+02
           347   3,47000e-02  -9,13684e-01   2,96162e+02   2,91200e+02
           348   3,48000e-02  -9,14428e-01   2,95763e+02   2,90800e+02
           349   3,49000e-02  -9,15275e-01   2,95363e+02   2,90400e+02
           350   3,50000e-02  -9,16457e-01   2,94966e+02   2,90000e+02
           351   3,51000e-02  -9,17726e-01   2,94565e+02   2,89600e+02
           352   3,52000e-02  -9,19348e-01   2,94163e+02   2,89200e+02
           353   3,53000e-02  -9,21353e-01   2,93767e+02   2,88800e+02
           354   3,54000e-02  -9,23631e-01   2,93365e+02   2,88400e+02
           355   3,55000e-02  -9,26187e-01   2,92965e+02   2,88000e+02
           356   3,56000e-02  -9,29097e-01   2,92567e+02   2,87600e+02
           357   3,57000e-02  -9,32271e-01   2,92171e+02   2,87200e+02
           358   3,58000e-02  -9,35970e-01   2,91772e+02   2,86800e+02
           359   3,59000e-02  -9,40187e-01   2,91374e+02   2,86400e+02
           360   3,60000e-02  -9,45272e-01   2,90971e+02   2,86000e+02
           361   3,61000e-02  -9,50605e-01   2,90572e+02   2,85600e+02
           362   3,62000e-02  -9,56370e-01   2,90175e+02   2,85200e+02
           363   3,63000e-02  -9,62402e-01   2,89775e+02   2,84800e+02
           364   3,64000e-02  -9,68627e-01   2,89374e+02   2,84400e+02
           365   3,65000e-02  -9,75233e-01   2,88978e+02   2,84000e+02
           366   3,66000e-02  -9,81957e-01   2,88571e+02   2,83600e+02
           367   3,67000e-02  -9,88659e-01   2,88179e+02   2,83200e+02
           368   3,68000e-02  -9,95339e-01   2,87779e+02   2,82800e+02
           369   3,69000e-02  -1,00204e+00   2,87381e+02   2,82400e+02
           370   3,70000e-02  -1,00866e+00   2,86978e+02   2,82000e+02
           371   3,71000e-02  -1,01513e+00   2,86579e+02   2,81600e+02
           372   3,72000e-02  -1,02114e+00   2,86180e+02   2,81200e+02
           373   3,73000e-02  -1,02667e+00   2,85782e+02   2,80800e+02
           374   3,74000e-02  -1,03143e+00   2,85383e+02   2,80400e+02
           375   3,75000e-02  -1,03554e+00   2,84983e+02   2,80000e+02
           376   3,76000e-02  -1,03923e+00   2,84585e+02   2,79600e+02
           377   3,77000e-02  -1,04239e+00   2,84183e+02   2,79200e+02
           378   3,78000e-02  -1,04479e+00   2,83787e+02   2,78800e+02
           379   3,79000e-02  -1,04625e+00   2,83385e+02   2,78400e+02
           380   3,80000e-02  -1,04706e+00   2,82988e+02   2,78000e+02
           381   3,81000e-02  -1,04739e+00   2,82590e+02   2,77600e+02
           382   3,82000e-02  -1,04733e+00   2,82187e+02   2,77200e+02
           383   3,83000e-02  -1,04681e+00   2,81787e+02   2,76800e+02
           384   3,84000e-02  -1,04593e+00   2,81390e+02   2,76400e+02
           385   3,85000e-02  -1,04476e+00   2,80989e+02   2,76000e+02
           386   3,86000e-02  -1,04322e+00   2,80591e+02   2,75600e+02
           387   3,87000e-02  -1,04154e+00   2,80189e+02   2,75200e+02
           388   3,88000e-02  -1,03978e+00   2,79790e+02   2,74800e+02
           389   3,89000e-02  -1,03796e+00   2,79390e+02   2,74400e+02
           390   3,90000e-02  -1,03626e+00   2,78990e+02   2,74000e+02
           391   3,91000e-02  -1,03460e+00   2,78593e+02   2,73600e+02
           392   3,92000e-02  -1,03316e+00   2,78193e+02   2,73200e+02
           393   3,93000e-02  -1,03175e+00   2,77793e+02   2,72800e+02
           394   3,94000e-02  -1,03034e+00   2,77393e+02   2,72400e+02
           395   3,95000e-02  -1,02879e+00   2,76991e+02   2,72000e+02
           396   3,96000e-02  -1,02705e+00   2,76592e+02   2,71600e+02
           397   3,97000e-02  -1,02538e+00   2,76194e+02   2,71200e+02
           398   3,98000e-02  -1,02360e+00   2,75792e+02   2,70800e+02
           399   3,99000e-02  -1,02204e+00   2,75395e+02   2,70400e+02
           400   4,00000e-02  -1,02042e+00   2,74998e+02   2,70000e+02
           401   4,01000e-02  -1,01922e+00   2,74597e+02   2,69600e+02
           402   4,02000e-02  -1,01788e+00   2,74194e+02   2,69200e+02
           403   4,03000e-02  -1,01663e+00   2,73797e+02   2,68800e+02
           404   4,04000e-02  -1,01540e+00   2,73397e+02   2,68400e+02
           405   4,05000e-02  -1,01418e+00   2,72997e+02   2,68000e+02
           406   4,06000e-02  -1,01306e+00   2,72599e+02   2,67600e+02
           407   4,07000e-02  -1,01176e+00   2,72196e+02   2,67200e+02
           408   4,08000e-02  -1,01025e+00   2,71797e+02   2,66800e+02
           409   4,09000e-02  -1,00858e+00   2,71402e+02   2,66400e+02
           410   4,10000e-02  -1,00679e+00   2,71000e+02   2,66000e+02
           411   4,11000e-02  -1,00496e+00   2,70600e+02   2,65600e+02
           412   4,12000e-02  -1,00296e+00   2,70201e+02   2,65200e+02
           413   4,13000e-02  -1,00057e+00   2,69799e+02   2,64800e+02
           414   4,14000e-02  -9,98116e-01   2,69403e+02   2,64400e+02
           415   4,15000e-02  -9,95594e-01   2,69000e+02   2,64000e+02
           416   4,16000e-02  -9,93354e-01   2,68603e+02   2,63600e+02
           417   4,17000e-02  -9,91258e-01   2,68202e+02   2,63200e+02
           418   4,18000e-02  -9,89541e-01   2,67804e+02   2,62800e+02
           419   4,19000e-02  -9,87724e-01   2,67401e+02   2,62400e+02
           420   4,20000e-02  -9,85906e-01   2,67004e+02   2,62000e+02
           421   4,21000e-02  -9,84077e-01   2,66605e+02   2,61600e+02
           422   4,22000e-02  -9,82501e-01   2,66203e+02   2,61200e+02
           423   4,23000e-02  -9,81196e-01   2,65807e+02   2,60800e+02
           424   4,24000e-02  -9,79920e-01   2,65410e+02   2,60400e+02
           425   4,25000e-02  -9,78464e-01   2,65007e+02   2,60000e+02
           426   4,26000e-02  -9,77073e-01   2,64611e+02   2,59600e+02
           427   4,27000e-02  -9,75539e-01   2,64212e+02   2,59200e+02
           428   4,28000e-02  -9,74115e-01   2,63811e+02   2,58800e+02
           429   4,29000e-02  -9,72894e-01   2,63413e+02   2,58400e+02
           430   4,30000e-02  -9,71557e-01   2,63010e+02   2,58000e+02
           431   4,31000e-02  -9,70154e-01   2,62611e+02   2,57600e+02
           432   4,32000e-02  -9,68827e-01   2,62211e+02   2,57200e+02
           433   4,33000e-02  -9,67452e-01   2,61810e+02   2,56800e+02
           434   4,34000e-02  -9,65942e-01   2,61415e+02   2,56400e+02
           435   4,35000e-02  -9,64396e-01   2,61015e+02   2,56000e+02
           436   4,36000e-02  -9,62711e-01   2,60613e+02   2,55600e+02
           437   4,37000e-02  -9,60907e-01   2,60218e+02   2,55200e+02
           438   4,38000e-02  -9,59001e-01   2,59818e+02   2,54800e+02
           439   4,39000e-02  -9,57016e-01   2,59417e+02   2,54400e+02
           440   4,40000e-02  -9,55234e-01   2,59018e+02   2,54000e+02
           441   4,41000e-02  -9,53655e-01   2,58618e+02   2,53600e+02
           442   4,42000e-02  -9,52306e-01   2,58219e+02   2,53200e+02
           443   4,43000e-02  -9,51175e-01   2,57817e+02   2,52800e+02
           444   4,44000e-02  -9,50126e-01   2,57418e+02   2,52400e+02
           445   4,45000e-02  -9,48658e-01   2,57017e+02   2,52000e+02
           446   4,46000e-02  -9,47148e-01   2,56620e+02   2,51600e+02
           447   4,47000e-02  -9,45671e-01   2,56220e+02   2,51200e+02
           448   4,48000e-02  -9,44419e-01   2,55821e+02   2,50800e+02
           449   4,49000e-02  -9,43333e-01   2,55424e+02   2,50400e+02
           450   4,50000e-02  -9,42543e-01   2,55023e+02   2,50000e+02
           451   4,51000e-02  -9,41911e-01   2,54624e+02   2,49600e+02
           452   4,52000e-02  -9,41210e-01   2,54226e+02   2,49200e+02
           453   4,53000e-02  -9,40375e-01   2,53825e+02   2,48800e+02
           454   4,54000e-02  -9,39275e-01   2,53426e+02   2,48400e+02
           455   4,55000e-02  -9,38224e-01   2,53026e+02   2,48000e+02
           456   4,56000e-02  -9,37188e-01   2,52626e+02   2,47600e+02
           457   4,57000e-02  -9,36169e-01   2,52231e+02   2,47200e+02
           458   4,58000e-02  -9,35194e-01   2,51825e+02   2,46800e+02
           459   4,59000e-02  -9,34140e-01   2,51428e+02   2,46400e+02
           460   4,60000e-02  -9,33132e-01   2,51031e+02   2,46000e+02
           461   4,61000e-02  -9,32295e-01   2,50629e+02   2,45600e+02
           462   4,62000e-02  -9,31547e-01   2,50231e+02   2,45200e+02
           463   4,63000e-02  -9,30784e-01   2,49830e+02   2,44800e+02
           464   4,64000e-02  -9,29912e-01   2,49431e+02   2,44400e+02
           465   4,65000e-02  -9,28730e-01   2,49033e+02   2,44000e+02
           466   4,66000e-02  -9,27489e-01   2,48635e+02   2,43600e+02
           467   4,67000e-02  -9,26402e-01   2,48234e+02   2,43200e+02
           468   4,68000e-02  -9,25216e-01   2,47834e+02   2,42800e+02
           469   4,69000e-02  -9,24065e-01   2,47435e+02   2,42400e+02
           470   4,70000e-02  -9,22668e-01   2,47035e+02   2,42000e+02
           471   4,71000e-02  -9,21273e-01   2,46637e+02   2,41600e+02
           472   4,72000e-02  -9,19884e-01   2,46238e+02   2,41200e+02
           473   4,73000e-02  -9,18496e-01   2,45834e+02   2,40800e+02
           474   4,74000e-02  -9,17203e-01   2,45438e+02   2,40400e+02
           475   4,75000e-02  -9,15975e-01   2,45037e+02   2,40000e+02
           476   4,76000e-02  -9,14892e-01   2,44638e+02   2,39600e+02
           477   4,77000e-02  -9,13623e-01   2,44239e+02   2,39200e+02
           478   4,78000e-02  -9,12460e-01   2,43839e+02   2,38800e+02
           479   4,79000e-02  -9,11449e-01   2,43442e+02   2,38400e+02
           480   4,80000e-02  -9,10493e-01   2,43037e+02   2,38000e+02
           481   4,81000e-02  -9,09565e-01   2,42641e+02   2,37600e+02
           482   4,82000e-02  -9,08792e-01   2,42244e+02   2,37200e+02
           483   4,83000e-02  -9,08216e-01   2,41840e+02   2,36800e+02
           484   4,84000e-02  -9,07823e-01   2,41444e+02   2,36400e+02
           485   4,85000e-02  -9,07373e-01   2,41043e+02   2,36000e+02
           486   4,86000e-02  -9,06905e-01   2,40647e+02   2,35600e+02
           487   4,87000e-02  -9,06357e-01   2,40245e+02   2,35200e+02
           488   4,88000e-02  -9,05824e-01   2,39845e+02   2,34800e+02
           489   4,89000e-02  -9,05308e-01   2,39447e+02   2,34400e+02
           490   4,90000e-02  -9,04706e-01   2,39047e+02   2,34000e+02
           491   4,91000e-02  -9,04100e-01   2,38650e+02   2,33600e+02
           492   4,92000e-02  -9,03330e-01   2,38248e+02   2,33200e+02
           493   4,93000e-02  -9,02646e-01   2,37852e+02   2,32800e+02
           494   4,94000e-02  -9,01689e-01   2,37448e+02   2,32400e+02
           495   4,95000e-02  -9,00720e-01   2,37050e+02   2,32000e+02
           496   4,96000e-02  -8,99680e-01   2,36652e+02   2,31600e+02
           497   4,97000e-02  -8,98791e-01   2,36250e+02   2,31200e+02
           498   4,98000e-02  -8,97790e-01   2,35855e+02   2,30800e+02
           499   4,99000e-02  -8,96665e-01   2,35453e+02   2,30400e+02
           500   5,00000e-02  -8,95311e-01   2,35053e+02   2,30000e+02
           501   5,01000e-02  -8,94001e-01   2,34656e+02   2,29600e+02
           502   5,02000e-02  -8,92825e-01   2,34257e+02   2,29200e+02
           503   5,03000e-02  -8,91764e-01   2,33860e+02   2,28800e+02
           504   5,04000e-02  -8,90901e-01   2,33458e+02   2,28400e+02
           505   5,05000e-02  -8,90024e-01   2,33056e+02   2,28000e+02
           506   5,06000e-02  -8,89379e-01   2,32655e+02   2,27600e+02
           507   5,07000e-02  -8,88701e-01   2,32255e+02   2,27200e+02
           508   5,08000e-02  -8,87990e-01   2,31856e+02   2,26800e+02
           509   5,09000e-02  -8,87187e-01   2,31458e+02   2,26400e+02
           510   5,10000e-02  -8,86426e-01   2,31060e+02   2,26000e+02
           511   5,11000e-02  -8,85674e-01   2,30662e+02   2,25600e+02
           512   5,12000e-02  -8,85028e-01   2,30258e+02   2,25200e+02
           513   5,13000e-02  -8,84517e-01   2,29862e+02   2,24800e+02
           514   5,14000e-02  -8,84332e-01   2,29462e+02   2,24400e+02
           515   5,15000e-02  -8,84107e-01   2,29063e+02   2,24000e+02
           516   5,16000e-02  -8,83791e-01   2,28664e+02   2,23600e+02
           517   5,17000e-02  -8,83303e-01   2,28265e+02   2,23200e+02
           518   5,18000e-02  -8,82794e-01   2,27866e+02   2,22800e+02
           519   5,19000e-02  -8,82270e-01   2,27464e+02   2,22400e+02
           520   5,20000e-02  -8,81603e-01   2,27068e+02   2,22000e+02
           521   5,21000e-02  -8,80897e-01   2,26664e+02   2,21600e+02
           522   5,22000e-02  -8,80305e-01   2,26268e+02   2,21200e+02
           523   5,23000e-02  -8,79514e-01   2,25867e+02   2,20800e+02
           524   5,24000e-02  -8,78538e-01   2,25468e+02   2,20400e+02
           525   5,25000e-02  -8,77385e-01   2,25069e+02   2,20000e+02
           526   5,26000e-02  -8,76361e-01   2,24669e+02   2,19600e+02
           527   5,27000e-02  -8,75409e-01   2,24275e+02   2,19200e+02
           528   5,28000e-02  -8,74385e-01   2,23873e+02   2,18800e+02
           529   5,29000e-02  -8,73415e-01   2,23472e+02   2,18400e+02
           530   5,30000e-02  -8,72539e-01   2,23074e+02   2,18000e+02
           531   5,31000e-02  -8,71669e-01   2,22673e+02   2,17600e+02
           532   5,32000e-02  -8,70851e-01   2,22273e+02   2,17200e+02
           533   5,33000e-02  -8,70053e-01   2,21875e+02   2,16800e+02
           534   5,34000e-02  -8,69448e-01   2,21476e+02   2,16400e+02
           535   5,35000e-02  -8,68785e-01   2,21078e+02   2,16000e+02
           536   5,36000e-02  -8,68225e-01   2,20677e+02   2,15600e+02
           537   5,37000e-02  -8,67950e-01   2,20277e+02   2,15200e+02
           538   5,38000e-02  -8,67818e-01   2,19880e+02   2,14800e+02
           539   5,39000e-02  -8,67829e-01   2,19481e+02   2,14400e+02
           540   5,40000e-02  -8,67661e-01   2,19079e+02   2,14000e+02
           541   5,41000e-02  -8,67315e-01   2,18682e+02   2,13600e+02
           542   5,42000e-02  -8,66809e-01   2,18283e+02   2,13200e+02
           543   5,43000e-02  -8,66150e-01   2,17882e+02   2,12800e+02
           544   5,44000e-02  -8,65467e-01   2,17482e+02   2,12400e+02
           545   5,45000e-02  -8,64893e-01   2,17083e+02   2,12000e+02
           546   5,46000e-02  -8,64249e-01   2,16684e+02   2,11600e+02
           547   5,47000e-02  -8,63810e-01   2,16283e+02   2,11200e+02
           548   5,48000e-02  -8,63300e-01   2,15884e+02   2,10800e+02
           549   5,49000e-02  -8,62533e-01   2,15486e+02   2,10400e+02
           550   5,50000e-02  -8,61801e-01   2,15088e+02   2,10000e+02
           551   5,51000e-02  -8,61087e-01   2,14687e+02   2,09600e+02
           552   5,52000e-02  -8,60268e-01   2,14290e+02   2,09200e+02
           553   5,53000e-02  -8,59521e-01   2,13891e+02   2,08800e+02
           554   5,54000e-02  -8,58840e-01   2,13490e+02   2,08400e+02
           555   5,55000e-02  -8,58288e-01   2,13092e+02   2,08000e+02
           556   5,56000e-02  -8,57553e-01   2,12689e+02   2,07600e+02
           557   5,57000e-02  -8,56783e-01   2,12292e+02   2,07200e+02
           558   5,58000e-02  -8,55991e-01   2,11894e+02   2,06800e+02
           559   5,59000e-02  -8,55420e-01   2,11496e+02   2,06400e+02
           560   5,60000e-02  -8,55025e-01   2,11095e+02   2,06000e+02
           561   5,61000e-02  -8,54610e-01   2,10695e+02   2,05600e+02
           562   5,62000e-02  -8,54329e-01   2,10299e+02   2,05200e+02
           563   5,63000e-02  -8,54140e-01   2,09895e+02   2,04800e+02
           564   5,64000e-02  -8,53922e-01   2,09494e+02   2,04400e+02
           565   5,65000e-02  -8,53826e-01   2,09098e+02   2,04000e+02
           566   5,66000e-02  -8,53635e-01   2,08696e+02   2,03600e+02
           567   5,67000e-02  -8,53305e-01   2,08300e+02   2,03200e+02
           568   5,68000e-02  -8,52944e-01   2,07898e+02   2,02800e+02
           569   5,69000e-02  -8,52549e-01   2,07498e+02   2,02400e+02
           570   5,70000e-02  -8,52195e-01   2,07101e+02   2,02000e+02
           571   5,71000e-02  -8,51748e-01   2,06702e+02   2,01600e+02
           572   5,72000e-02  -8,51377e-01   2,06304e+02   2,01200e+02
           573   5,73000e-02  -8,50944e-01   2,05903e+02   2,00800e+02
           574   5,74000e-02  -8,50486e-01   2,05504e+02   2,00400e+02
           575   5,75000e-02  -8,49892e-01   2,05105e+02   2,00000e+02
           576   5,76000e-02  -8,49253e-01   2,04707e+02   1,99600e+02
           577   5,77000e-02  -8,48625e-01   2,04310e+02   1,99200e+02
           578   5,78000e-02  -8,48021e-01   2,03909e+02   1,98800e+02
           579   5,79000e-02  -8,47366e-01   2,03513e+02   1,98400e+02
           580   5,80000e-02  -8,46554e-01   2,03112e+02   1,98000e+02
           581   5,81000e-02  -8,45688e-01   2,02713e+02   1,97600e+02
           582   5,82000e-02  -8,44632e-01   2,02310e+02   1,97200e+02
           583   5,83000e-02  -8,43261e-01   2,01915e+02   1,96800e+02
           584   5,84000e-02  -8,41869e-01   2,01515e+02   1,96400e+02
           585   5,85000e-02  -8,40448e-01   2,01114e+02   1,96000e+02
           586   5,86000e-02  -8,39117e-01   2,00715e+02   1,95600e+02
           587   5,87000e-02  -8,37867e-01   2,00314e+02   1,95200e+02
           588   5,88000e-02  -8,36873e-01   1,99918e+02   1,94800e+02
           589   5,89000e-02  -8,36096e-01   1,99516e+02   1,94400e+02
           590   5,90000e-02  -8,35341e-01   1,99118e+02   1,94000e+02
           591   5,91000e-02  -8,34550e-01   1,98718e+02   1,93600e+02
           592   5,92000e-02  -8,33793e-01   1,98320e+02   1,93200e+02
           593   5,93000e-02  -8,33264e-01   1,97924e+02   1,92800e+02
           594   5,94000e-02  -8,32819e-01   1,97520e+02   1,92400e+02
           595   5,95000e-02  -8,32496e-01   1,97125e+02   1,92000e+02
           596   5,96000e-02  -8,32208e-01   1,96721e+02   1,91600e+02
           597   5,97000e-02  -8,32166e-01   1,96322e+02   1,91200e+02
           598   5,98000e-02  -8,32163e-01   1,95926e+02   1,90800e+02
           599   5,99000e-02  -8,32335e-01   1,95526e+02   1,90400e+02
           600   6,00000e-02  -8,32641e-01   1,95124e+02   1,90000e+02
           601   6,01000e-02  -8,32767e-01   1,94727e+02   1,89600e+02
           602   6,02000e-02  -8,32954e-01   1,94329e+02   1,89200e+02
           603   6,03000e-02  -8,32983e-01   1,93928e+02   1,88800e+02
           604   6,04000e-02  -8,32855e-01   1,93527e+02   1,88400e+02
           605   6,05000e-02  -8,32711e-01   1,93130e+02   1,88000e+02
           606   6,06000e-02  -8,32460e-01   1,92729e+02   1,87600e+02
           607   6,07000e-02  -8,32093e-01   1,92331e+02   1,87200e+02
           608   6,08000e-02  -8,31686e-01   1,91932e+02   1,86800e+02
           609   6,09000e-02  -8,31160e-01   1,91532e+02   1,86400e+02
           610   6,10000e-02  -8,30557e-01   1,91133e+02   1,86000e+02
           611   6,11000e-02  -8,29795e-01   1,90734e+02   1,85600e+02
           612   6,12000e-02  -8,29063e-01   1,90334e+02   1,85200e+02
           613   6,13000e-02  -8,28310e-01   1,89934e+02   1,84800e+02
           614   6,14000e-02  -8,27673e-01   1,89536e+02   1,84400e+02
           615   6,15000e-02  -8,27052e-01   1,89138e+02   1,84000e+02
           616   6,16000e-02  -8,26418e-01   1,88736e+02   1,83600e+02
           617   6,17000e-02  -8,25843e-01   1,88341e+02   1,83200e+02
           618   6,18000e-02  -8,25263e-01   1,87937e+02   1,82800e+02
           619   6,19000e-02  -8,24807e-01   1,87544e+02   1,82400e+02
           620   6,20000e-02  -8,24540e-01   1,87141e+02   1,82000e+02
           621   6,21000e-02  -8,24253e-01   1,86743e+02   1,81600e+02
           622   6,22000e-02  -8,24094e-01   1,86344e+02   1,81200e+02
           623   6,23000e-02  -8,24076e-01   1,85945e+02   1,80800e+02
           624   6,24000e-02  -8,23839e-01   1,85545e+02   1,80400e+02
           625   6,25000e-02  -8,23608e-01   1,85145e+02   1,80000e+02
           626   6,26000e-02  -8,23497e-01   1,84745e+02   1,79600e+02
           627   6,27000e-02  -8,23188e-01   1,84345e+02   1,79200e+02
           628   6,28000e-02  -8,22772e-01   1,83949e+02   1,78800e+02
           629   6,29000e-02  -8,22422e-01   1,83549e+02   1,78400e+02
           630   6,30000e-02  -8,21948e-01   1,83152e+02   1,78000e+02
           631   6,31000e-02  -8,21561e-01   1,82745e+02   1,77600e+02
           632   6,32000e-02  -8,21071e-01   1,82351e+02   1,77200e+02
           633   6,33000e-02  -8,20305e-01   1,81952e+02   1,76800e+02
           634   6,34000e-02  -8,19508e-01   1,81550e+02   1,76400e+02
           635   6,35000e-02  -8,18780e-01   1,81151e+02   1,76000e+02
           636   6,36000e-02  -8,18133e-01   1,80755e+02   1,75600e+02
           637   6,37000e-02  -8,17505e-01   1,80353e+02   1,75200e+02
           638   6,38000e-02  -8,16869e-01   1,79955e+02   1,74800e+02
           639   6,39000e-02  -8,16300e-01   1,79557e+02   1,74400e+02
           640   6,40000e-02  -8,15949e-01   1,79157e+02   1,74000e+02
           641   6,41000e-02  -8,15498e-01   1,78757e+02   1,73600e+02
           642   6,42000e-02  -8,15075e-01   1,78359e+02   1,73200e+02
           643   6,43000e-02  -8,14651e-01   1,77960e+02   1,72800e+02
           644   6,44000e-02  -8,14146e-01   1,77562e+02   1,72400e+02
           645   6,45000e-02  -8,13640e-01   1,77159e+02   1,72000e+02
           646   6,46000e-02  -8,13013e-01   1,76761e+02   1,71600e+02
           647   6,47000e-02  -8,12384e-01   1,76364e+02   1,71200e+02
           648   6,48000e-02  -8,11949e-01   1,75965e+02   1,70800e+02
           649   6,49000e-02  -8,11486e-01   1,75564e+02   1,70400e+02
           650   6,50000e-02  -8,11317e-01   1,75164e+02   1,70000e+02
           651   6,51000e-02  -8,11395e-01   1,74766e+02   1,69600e+02
           652   6,52000e-02  -8,11351e-01   1,74366e+02   1,69200e+02
           653   6,53000e-02  -8,11174e-01   1,73969e+02   1,68800e+02
           654   6,54000e-02  -8,10925e-01   1,73568e+02   1,68400e+02
           655   6,55000e-02  -8,10677e-01   1,73171e+02   1,68000e+02
           656   6,56000e-02  -8,10518e-01   1,72767e+02   1,67600e+02
           657   6,57000e-02  -8,10261e-01   1,72372e+02   1,67200e+02
           658   6,58000e-02  -8,10044e-01   1,71973e+02   1,66800e+02
           659   6,59000e-02  -8,09690e-01   1,71572e+02   1,66400e+02
           660   6,60000e-02  -8,09435e-01   1,71173e+02   1,66000e+02
           661   6,61000e-02  -8,09208e-01   1,70775e+02   1,65600e+02
           662   6,62000e-02  -8,09036e-01   1,70374e+02   1,65200e+02
           663   6,63000e-02  -8,08814e-01   1,69979e+02   1,64800e+02
           664   6,64000e-02  -8,08664e-01   1,69578e+02   1,64400e+02
           665   6,65000e-02  -8,08600e-01   1,69177e+02   1,64000e+02
           666   6,66000e-02  -8,08654e-01   1,68780e+02   1,63600e+02
           667   6,67000e-02  -8,08610e-01   1,68380e+02   1,63200e+02
           668   6,68000e-02  -8,08477e-01   1,67980e+02   1,62800e+02
           669   6,69000e-02  -8,08253e-01   1,67581e+02   1,62400e+02
           670   6,70000e-02  -8,07890e-01   1,67181e+02   1,62000e+02
           671   6,71000e-02  -8,07405e-01   1,66783e+02   1,61600e+02
           672   6,72000e-02  -8,06868e-01   1,66384e+02   1,61200e+02
           673   6,73000e-02  -8,06296e-01   1,65987e+02   1,60800e+02
           674   6,74000e-02  -8,05759e-01   1,65586e+02   1,60400e+02
           675   6,75000e-02  -8,05208e-01   1,65184e+02   1,60000e+02
           676   6,76000e-02  -8,04601e-01   1,64788e+02   1,59600e+02
           677   6,77000e-02  -8,03995e-01   1,64385e+02   1,59200e+02
           678   6,78000e-02  -8,03500e-01   1,63989e+02   1,58800e+02
           679   6,79000e-02  -8,02733e-01   1,63589e+02   1,58400e+02
           680   6,80000e-02  -8,02084e-01   1,63192e+02   1,58000e+02
           681   6,81000e-02  -8,01526e-01   1,62789e+02   1,57600e+02
           682   6,82000e-02  -8,00817e-01   1,62393e+02   1,57200e+02
           683   6,83000e-02  -8,00060e-01   1,61995e+02   1,56800e+02
           684   6,84000e-02  -7,99249e-01   1,61593e+02   1,56400e+02
           685   6,85000e-02  -7,98295e-01   1,61195e+02   1,56000e+02
           686   6,86000e-02  -7,97584e-01   1,60797e+02   1,55600e+02
           687   6,87000e-02  -7,96961e-01   1,60398e+02   1,55200e+02
           688   6,88000e-02  -7,96579e-01   1,60002e+02   1,54800e+02
           689   6,89000e-02  -7,96371e-01   1,59601e+02   1,54400e+02
           690   6,90000e-02  -7,96216e-01   1,59201e+02   1,54000e+02
           691   6,91000e-02  -7,96038e-01   1,58801e+02   1,53600e+02
           692   6,92000e-02  -7,95859e-01   1,58402e+02   1,53200e+02
           693   6,93000e-02  -7,95797e-01   1,58002e+02   1,52800e+02
           694   6,94000e-02  -7,95687e-01   1,57605e+02   1,52400e+02
           695   6,95000e-02  -7,95475e-01   1,57203e+02   1,52000e+02
           696   6,96000e-02  -7,95417e-01   1,56806e+02   1,51600e+02
           697   6,97000e-02  -7,95289e-01   1,56406e+02   1,51200e+02
           698   6,98000e-02  -7,95097e-01   1,56008e+02   1,50800e+02
           699   6,99000e-02  -7,94892e-01   1,55606e+02   1,50400e+02
           700   7,00000e-02  -7,94658e-01   1,55207e+02   1,50000e+02
           701   7,01000e-02  -7,94327e-01   1,54811e+02   1,49600e+02
           702   7,02000e-02  -7,93910e-01   1,54410e+02   1,49200e+02
           703   7,03000e-02  -7,93452e-01   1,54011e+02   1,48800e+02
           704   7,04000e-02  -7,92807e-01   1,53611e+02   1,48400e+02
           705   7,05000e-02  -7,92276e-01   1,53214e+02   1,48000e+02
           706   7,06000e-02  -7,91404e-01   1,52814e+02   1,47600e+02
           707   7,07000e-02  -7,90597e-01   1,52414e+02   1,47200e+02
           708   7,08000e-02  -7,89793e-01   1,52017e+02   1,46800e+02
           709   7,09000e-02  -7,89277e-01   1,51618e+02   1,46400e+02
           710   7,10000e-02  -7,88803e-01   1,51218e+02   1,46000e+02
           711   7,11000e-02  -7,88393e-01   1,50823e+02   1,45600e+02
           712   7,12000e-02  -7,88033e-01   1,50422e+02   1,45200e+02
           713   7,13000e-02  -7,87771e-01   1,50022e+02   1,44800e+02
           714   7,14000e-02  -7,87582e-01   1,49621e+02   1,44400e+02
           715   7,15000e-02  -7,87278e-01   1,49223e+02   1,44000e+02
           716   7,16000e-02  -7,87050e-01   1,48822e+02   1,43600e+02
           717   7,17000e-02  -7,86821e-01   1,48424e+02   1,43200e+02
           718   7,18000e-02  -7,86619e-01   1,48027e+02   1,42800e+02
           719   7,19000e-02  -7,86347e-01   1,47623e+02   1,42400e+02
           720   7,20000e-02  -7,86008e-01   1,47229e+02   1,42000e+02
           721   7,21000e-02  -7,85738e-01   1,46828e+02   1,41600e+02
           722   7,22000e-02  -7,85461e-01   1,46430e+02   1,41200e+02
           723   7,23000e-02  -7,85349e-01   1,46034e+02   1,40800e+02
           724   7,24000e-02  -7,85277e-01   1,45632e+02   1,40400e+02
           725   7,25000e-02  -7,85032e-01   1,45231e+02   1,40000e+02
           726   7,26000e-02  -7,84447e-01   1,44832e+02   1,39600e+02
           727   7,27000e-02  -7,83835e-01   1,44432e+02   1,39200e+02
           728   7,28000e-02  -7,83372e-01   1,44031e+02   1,38800e+02
           729   7,29000e-02  -7,82890e-01   1,43633e+02   1,38400e+02
           730   7,30000e-02  -7,82613e-01   1,43237e+02   1,38000e+02
           731   7,31000e-02  -7,82250e-01   1,42839e+02   1,37600e+02
           732   7,32000e-02  -7,81786e-01   1,42440e+02   1,37200e+02
           733   7,33000e-02  -7,81406e-01   1,42041e+02   1,36800e+02
           734   7,34000e-02  -7,80986e-01   1,41642e+02   1,36400e+02
           735   7,35000e-02  -7,80699e-01   1,41241e+02   1,36000e+02
           736   7,36000e-02  -7,80372e-01   1,40846e+02   1,35600e+02
           737   7,37000e-02  -7,80008e-01   1,40446e+02   1,35200e+02
           738   7,38000e-02  -7,79604e-01   1,40047e+02   1,34800e+02
           739   7,39000e-02  -7,79216e-01   1,39647e+02   1,34400e+02
           740   7,40000e-02  -7,78973e-01   1,39247e+02   1,34000e+02
           741   7,41000e-02  -7,78721e-01   1,38850e+02   1,33600e+02
           742   7,42000e-02  -7,78534e-01   1,38448e+02   1,33200e+02
           743   7,43000e-02  -7,78359e-01   1,38049e+02   1,32800e+02
           744   7,44000e-02  -7,78349e-01   1,37648e+02   1,32400e+02
           745   7,45000e-02  -7,78171e-01   1,37251e+02   1,32000e+02
           746   7,46000e-02  -7,77744e-01   1,36852e+02   1,31600e+02
           747   7,47000e-02  -7,76977e-01   1,36457e+02   1,31200e+02
           748   7,48000e-02  -7,76413e-01   1,36056e+02   1,30800e+02
           749   7,49000e-02  -7,75684e-01   1,35658e+02   1,30400e+02
           750   7,50000e-02  -7,75069e-01   1,35259e+02   1,30000e+02
           751   7,51000e-02  -7,74441e-01   1,34862e+02   1,29600e+02
           752   7,52000e-02  -7,73764e-01   1,34461e+02   1,29200e+02
           753   7,53000e-02  -7,73098e-01   1,34061e+02   1,28800e+02
           754   7,54000e-02  -7,72554e-01   1,33663e+02   1,28400e+02
           755   7,55000e-02  -7,72092e-01   1,33263e+02   1,28000e+02
           756   7,56000e-02  -7,71781e-01   1,32862e+02   1,27600e+02
           757   7,57000e-02  -7,71537e-01   1,32465e+02   1,27200e+02
           758   7,58000e-02  -7,71191e-01   1,32067e+02   1,26800e+02
           759   7,59000e-02  -7,70803e-01   1,31668e+02   1,26400e+02
           760   7,60000e-02  -7,70452e-01   1,31268e+02   1,26000e+02
           761   7,61000e-02  -7,70161e-01   1,30871e+02   1,25600e+02
           762   7,62000e-02  -7,69805e-01   1,30470e+02   1,25200e+02
           763   7,63000e-02  -7,69520e-01   1,30071e+02   1,24800e+02
           764   7,64000e-02  -7,69310e-01   1,29674e+02   1,24400e+02
           765   7,65000e-02  -7,69278e-01   1,29275e+02   1,24000e+02
           766   7,66000e-02  -7,69159e-01   1,28876e+02   1,23600e+02
           767   7,67000e-02  -7,68933e-01   1,28481e+02   1,23200e+02
           768   7,68000e-02  -7,68638e-01   1,28079e+02   1,22800e+02
           769   7,69000e-02  -7,68420e-01   1,27678e+02   1,22400e+02
           770   7,70000e-02  -7,68171e-01   1,27281e+02   1,22000e+02
           771   7,71000e-02  -7,67736e-01   1,26882e+02   1,21600e+02
           772   7,72000e-02  -7,67232e-01   1,26483e+02   1,21200e+02
           773   7,73000e-02  -7,66825e-01   1,26086e+02   1,20800e+02
           774   7,74000e-02  -7,66430e-01   1,25689e+02   1,20400e+02
           775   7,75000e-02  -7,66023e-01   1,25289e+02   1,20000e+02
           776   7,76000e-02  -7,65689e-01   1,24889e+02   1,19600e+02
           777   7,77000e-02  -7,65488e-01   1,24489e+02   1,19200e+02
           778   7,78000e-02  -7,65044e-01   1,24089e+02   1,18800e+02
           779   7,79000e-02  -7,64500e-01   1,23693e+02   1,18400e+02
           780   7,80000e-02  -7,63965e-01   1,23292e+02   1,18000e+02
           781   7,81000e-02  -7,63429e-01   1,22894e+02   1,17600e+02
           782   7,82000e-02  -7,62889e-01   1,22497e+02   1,17200e+02
           783   7,83000e-02  -7,62328e-01   1,22092e+02   1,16800e+02
           784   7,84000e-02  -7,61771e-01   1,21694e+02   1,16400e+02
           785   7,85000e-02  -7,61043e-01   1,21296e+02   1,16000e+02
           786   7,86000e-02  -7,60419e-01   1,20900e+02   1,15600e+02
           787   7,87000e-02  -7,59912e-01   1,20497e+02   1,15200e+02
           788   7,88000e-02  -7,59552e-01   1,20102e+02   1,14800e+02
           789   7,89000e-02  -7,59233e-01   1,19701e+02   1,14400e+02
           790   7,90000e-02  -7,58766e-01   1,19302e+02   1,14000e+02
           791   7,91000e-02  -7,58374e-01   1,18906e+02   1,13600e+02
           792   7,92000e-02  -7,58032e-01   1,18503e+02   1,13200e+02
           793   7,93000e-02  -7,57845e-01   1,18110e+02   1,12800e+02
           794   7,94000e-02  -7,57845e-01   1,17707e+02   1,12400e+02
           795   7,95000e-02  -7,57901e-01   1,17311e+02   1,12000e+02
           796   7,96000e-02  -7,57960e-01   1,16912e+02   1,11600e+02
           797   7,97000e-02  -7,57891e-01   1,16511e+02   1,11200e+02
           798   7,98000e-02  -7,57674e-01   1,16112e+02   1,10800e+02
           799   7,99000e-02  -7,57481e-01   1,15709e+02   1,10400e+02
           800   8,00000e-02  -7,57257e-01   1,15317e+02   1,10000e+02
           801   8,01000e-02  -7,56883e-01   1,14918e+02   1,09600e+02
           802   8,02000e-02  -7,56457e-01   1,14516e+02   1,09200e+02
           803   8,03000e-02  -7,55986e-01   1,14118e+02   1,08800e+02
           804   8,04000e-02  -7,55376e-01   1,13717e+02   1,08400e+02
           805   8,05000e-02  -7,54506e-01   1,13321e+02   1,08000e+02
           806   8,06000e-02  -7,53551e-01   1,12922e+02   1,07600e+02
           807   8,07000e-02  -7,52715e-01   1,12524e+02   1,07200e+02
           808   8,08000e-02  -7,51876e-01   1,12124e+02   1,06800e+02
           809   8,09000e-02  -7,50989e-01   1,11729e+02   1,06400e+02
           810   8,10000e-02  -7,50102e-01   1,11323e+02   1,06000e+02
           811   8,11000e-02  -7,49348e-01   1,10929e+02   1,05600e+02
           812   8,12000e-02  -7,48860e-01   1,10532e+02   1,05200e+02
           813   8,13000e-02  -7,48485e-01   1,10127e+02   1,04800e+02
           814   8,14000e-02  -7,48044e-01   1,09731e+02   1,04400e+02
           815   8,15000e-02  -7,47685e-01   1,09333e+02   1,04000e+02
           816   8,16000e-02  -7,47413e-01   1,08935e+02   1,03600e+02
           817   8,17000e-02  -7,47171e-01   1,08535e+02   1,03200e+02
           818   8,18000e-02  -7,46961e-01   1,08139e+02   1,02800e+02
           819   8,19000e-02  -7,46886e-01   1,07736e+02   1,02400e+02
           820   8,20000e-02  -7,46792e-01   1,07341e+02   1,02000e+02
           821   8,21000e-02  -7,46715e-01   1,06942e+02   1,01600e+02
           822   8,22000e-02  -7,46586e-01   1,06544e+02   1,01200e+02
           823   8,23000e-02  -7,46349e-01   1,06143e+02   1,00800e+02
           824   8,24000e-02  -7,45967e-01   1,05746e+02   1,00400e+02
           825   8,25000e-02  -7,45504e-01   1,05347e+02   1,00000e+02
           826   8,26000e-02  -7,44817e-01   1,04947e+02   9,96000e+01
           827   8,27000e-02  -7,44201e-01   1,04549e+02   9,92000e+01
           828   8,28000e-02  -7,43540e-01   1,04151e+02   9,88000e+01
           829   8,29000e-02  -7,42758e-01   1,03754e+02   9,84000e+01
           830   8,30000e-02  -7,41833e-01   1,03353e+02   9,80000e+01
           831   8,31000e-02  -7,41149e-01   1,02955e+02   9,76000e+01
           832   8,32000e-02  -7,40580e-01   1,02557e+02   9,72000e+01
           833   8,33000e-02  -7,40025e-01   1,02159e+02   9,68000e+01
           834   8,34000e-02  -7,39679e-01   1,01760e+02   9,64000e+01
           835   8,35000e-02  -7,39428e-01   1,01361e+02   9,60000e+01
           836   8,36000e-02  -7,39321e-01   1,00964e+02   9,56000e+01
           837   8,37000e-02  -7,39178e-01   1,00565e+02   9,52000e+01
           838   8,38000e-02  -7,38971e-01   1,00166e+02   9,48000e+01
           839   8,39000e-02  -7,38680e-01   9,97659e+01   9,44000e+01
           840   8,40000e-02  -7,38392e-01   9,93667e+01   9,40000e+01
           841   8,41000e-02  -7,38253e-01   9,89672e+01   9,36000e+01
           842   8,42000e-02  -7,38291e-01   9,85718e+01   9,32000e+01
           843   8,43000e-02  -7,38297e-01   9,81719e+01   9,28000e+01
           844   8,44000e-02  -7,38294e-01   9,77717e+01   9,24000e+01
           845   8,45000e-02  -7,38145e-01   9,73728e+01   9,20000e+01
           846   8,46000e-02  -7,37821e-01   9,69736e+01   9,16000e+01
           847   8,47000e-02  -7,37537e-01   9,65770e+01   9,12000e+01
           848   8,48000e-02  -7,36869e-01   9,61816e+01   9,08000e+01
           849   8,49000e-02  -7,35973e-01   9,57803e+01   9,04000e+01
           850   8,50000e-02  -7,35351e-01   9,53817e+01   9,00000e+01
           851   8,51000e-02  -7,34660e-01   9,49842e+01   8,96000e+01
           852   8,52000e-02  -7,34062e-01   9,45850e+01   8,92000e+01
           853   8,53000e-02  -7,33611e-01   9,41899e+01   8,88000e+01
           854   8,54000e-02  -7,33002e-01   9,37861e+01   8,84000e+01
           855   8,55000e-02  -7,32297e-01   9,33905e+01   8,80000e+01
           856   8,56000e-02  -7,31683e-01   9,29918e+01   8,76000e+01
           857   8,57000e-02  -7,31083e-01   9,25958e+01   8,72000e+01
           858   8,58000e-02  -7,30598e-01   9,21953e+01   8,68000e+01
           859   8,59000e-02  -7,30288e-01   9,17988e+01   8,64000e+01
           860   8,60000e-02  -7,29893e-01   9,13978e+01   8,60000e+01
           861   8,61000e-02  -7,29440e-01   9,10008e+01   8,56000e+01
           862   8,62000e-02  -7,29038e-01   9,06008e+01   8,52000e+01
           863   8,63000e-02  -7,28652e-01   9,02005e+01   8,48000e+01
           864   8,64000e-02  -7,28248e-01   8,98014e+01   8,44000e+01
           865   8,65000e-02  -7,27971e-01   8,94021e+01   8,40000e+01
           866   8,66000e-02  -7,27560e-01   8,90025e+01   8,36000e+01
           867   8,67000e-02  -7,27222e-01   8,86084e+01   8,32000e+01
           868   8,68000e-02  -7,26738e-01   8,82084e+01   8,28000e+01
           869   8,69000e-02  -7,26207e-01   8,78081e+01   8,24000e+01
           870   8,70000e-02  -7,25724e-01   8,74118e+01   8,20000e+01
           871   8,71000e-02  -7,25323e-01   8,70125e+01   8,16000e+01
           872   8,72000e-02  -7,25050e-01   8,66158e+01   8,12000e+01
           873   8,73000e-02  -7,24943e-01   8,62146e+01   8,08000e+01
           874   8,74000e-02  -7,24787e-01   8,58174e+01   8,04000e+01
           875   8,75000e-02  -7,24354e-01   8,54200e+01   8,00000e+01
           876   8,76000e-02  -7,23887e-01   8,50194e+01   7,96000e+01
           877   8,77000e-02  -7,23324e-01   8,46230e+01   7,92000e+01
           878   8,78000e-02  -7,22859e-01   8,42248e+01   7,88000e+01
           879   8,79000e-02  -7,22442e-01   8,38250e+01   7,84000e+01
           880   8,80000e-02  -7,21993e-01   8,34307e+01   7,80000e+01
           881   8,81000e-02  -7,21627e-01   8,30289e+01   7,76000e+01
           882   8,82000e-02  -7,21372e-01   8,26298e+01   7,72000e+01
           883   8,83000e-02  -7,21070e-01   8,22319e+01   7,68000e+01
           884   8,84000e-02  -7,20741e-01   8,18352e+01   7,64000e+01
           885   8,85000e-02  -7,20477e-01   8,14368e+01   7,60000e+01
           886   8,86000e-02  -7,20175e-01   8,10352e+01   7,56000e+01
           887   8,87000e-02  -7,19743e-01   8,06406e+01   7,52000e+01
           888   8,88000e-02  -7,19353e-01   8,02400e+01   7,48000e+01
           889   8,89000e-02  -7,18750e-01   7,98406e+01   7,44000e+01
           890   8,90000e-02  -7,18191e-01   7,94424e+01   7,40000e+01
           891   8,91000e-02  -7,17692e-01   7,90469e+01   7,36000e+01
           892   8,92000e-02  -7,17264e-01   7,86482e+01   7,32000e+01
           893   8,93000e-02  -7,16588e-01   7,82507e+01   7,28000e+01
           894   8,94000e-02  -7,15881e-01   7,78529e+01   7,24000e+01
           895   8,95000e-02  -7,15142e-01   7,74506e+01   7,20000e+01
           896   8,96000e-02  -7,14419e-01   7,70582e+01   7,16000e+01
           897   8,97000e-02  -7,13766e-01   7,66553e+01   7,12000e+01
           898   8,98000e-02  -7,13075e-01   7,62536e+01   7,08000e+01
           899   8,99000e-02  -7,12361e-01   7,58590e+01   7,04000e+01
           900   9,00000e-02  -7,11664e-01   7,54597e+01   7,00000e+01
           901   9,01000e-02  -7,11129e-01   7,50631e+01   6,96000e+01
           902   9,02000e-02  -7,10658e-01   7,46634e+01   6,92000e+01
           903   9,03000e-02  -7,10179e-01   7,42706e+01   6,88000e+01
           904   9,04000e-02  -7,09830e-01   7,38689e+01   6,84000e+01
           905   9,05000e-02  -7,09771e-01   7,34713e+01   6,80000e+01
           906   9,06000e-02  -7,09708e-01   7,30690e+01   6,76000e+01
           907   9,07000e-02  -7,09502e-01   7,26738e+01   6,72000e+01
           908   9,08000e-02  -7,09186e-01   7,22740e+01   6,68000e+01
           909   9,09000e-02  -7,08715e-01   7,18783e+01   6,64000e+01
           910   9,10000e-02  -7,08472e-01   7,14779e+01   6,60000e+01
           911   9,11000e-02  -7,08291e-01   7,10816e+01   6,56000e+01
           912   9,12000e-02  -7,07853e-01   7,06852e+01   6,52000e+01
           913   9,13000e-02  -7,07361e-01   7,02855e+01   6,48000e+01
           914   9,14000e-02  -7,06818e-01   6,98870e+01   6,44000e+01
           915   9,15000e-02  -7,06215e-01   6,94868e+01   6,40000e+01
           916   9,16000e-02  -7,05399e-01   6,90922e+01   6,36000e+01
           917   9,17000e-02  -7,04536e-01   6,86930e+01   6,32000e+01
           918   9,18000e-02  -7,03764e-01   6,82934e+01   6,28000e+01
           919   9,19000e-02  -7,03024e-01   6,78966e+01   6,24000e+01
           920   9,20000e-02  -7,02170e-01   6,74995e+01   6,20000e+01
           921   9,21000e-02  -7,01399e-01   6,71007e+01   6,16000e+01
           922   9,22000e-02  -7,00699e-01   6,67016e+01   6,12000e+01
           923   9,23000e-02  -7,00031e-01   6,63051e+01   6,08000e+01
           924   9,24000e-02  -6,99365e-01   6,59085e+01   6,04000e+01
           925   9,25000e-02  -6,98969e-01   6,55100e+01   6,00000e+01
           926   9,26000e-02  -6,98590e-01   6,51113e+01   5,96000e+01
           927   9,27000e-02  -6,98224e-01   6,47124e+01   5,92000e+01
           928   9,28000e-02  -6,97797e-01   6,43161e+01   5,88000e+01
           929   9,29000e-02  -6,97368e-01   6,39151e+01   5,84000e+01
           930   9,30000e-02  -6,97005e-01   6,35183e+01   5,80000e+01
           931   9,31000e-02  -6,96842e-01   6,31198e+01   5,76000e+01
           932   9,32000e-02  -6,96824e-01   6,27210e+01   5,72000e+01
           933   9,33000e-02  -6,96658e-01   6,23248e+01   5,68000e+01
           934   9,34000e-02  -6,96655e-01   6,19285e+01   5,64000e+01
           935   9,35000e-02  -6,96516e-01   6,15258e+01   5,60000e+01
           936   9,36000e-02  -6,96311e-01   6,11349e+01   5,56000e+01
           937   9,37000e-02  -6,96109e-01   6,07362e+01   5,52000e+01
           938   9,38000e-02  -6,95907e-01   6,03357e+01   5,48000e+01
           939   9,39000e-02  -6,95720e-01   5,99424e+01   5,44000e+01
           940   9,40000e-02  -6,95470e-01   5,95429e+01   5,40000e+01
           941   9,41000e-02  -6,95204e-01   5,91416e+01   5,36000e+01
           942   9,42000e-02  -6,94715e-01   5,87460e+01   5,32000e+01
           943   9,43000e-02  -6,94005e-01   5,83487e+01   5,28000e+01
           944   9,44000e-02  -6,93292e-01   5,79511e+01   5,24000e+01
           945   9,45000e-02  -6,92694e-01   5,75501e+01   5,20000e+01
           946   9,46000e-02  -6,91870e-01   5,71565e+01   5,16000e+01
           947   9,47000e-02  -6,91255e-01   5,67625e+01   5,12000e+01
           948   9,48000e-02  -6,90419e-01   5,63638e+01   5,08000e+01
           949   9,49000e-02  -6,89532e-01   5,59662e+01   5,04000e+01
           950   9,50000e-02  -6,88712e-01   5,55669e+01   5,00000e+01
           951   9,51000e-02  -6,87924e-01   5,51704e+01   4,96000e+01
           952   9,52000e-02  -6,87198e-01   5,47750e+01   4,92000e+01
           953   9,53000e-02  -6,86584e-01   5,43749e+01   4,88000e+01
           954   9,54000e-02  -6,85857e-01   5,39790e+01   4,84000e+01
           955   9,55000e-02  -6,85228e-01   5,35843e+01   4,80000e+01
           956   9,56000e-02  -6,84664e-01   5,31818e+01   4,76000e+01
           957   9,57000e-02  -6,84122e-01   5,27880e+01   4,72000e+01
           958   9,58000e-02  -6,83627e-01   5,23895e+01   4,68000e+01
           959   9,59000e-02  -6,83178e-01   5,19937e+01   4,64000e+01
           960   9,60000e-02  -6,82891e-01   5,15945e+01   4,60000e+01
           961   9,61000e-02  -6,82642e-01   5,11997e+01   4,56000e+01
           962   9,62000e-02  -6,82452e-01   5,07985e+01   4,52000e+01
           963   9,63000e-02  -6,82253e-01   5,04045e+01   4,48000e+01
           964   9,64000e-02  -6,81860e-01   5,00012e+01   4,44000e+01
           965   9,65000e-02  -6,81337e-01   4,96098e+01   4,40000e+01
           966   9,66000e-02  -6,80796e-01   4,92104e+01   4,36000e+01
           967   9,67000e-02  -6,80256e-01   4,88184e+01   4,32000e+01
           968   9,68000e-02  -6,79871e-01   4,84185e+01   4,28000e+01
           969   9,69000e-02  -6,79670e-01   4,80213e+01   4,24000e+01
           970   9,70000e-02  -6,79471e-01   4,76208e+01   4,20000e+01
           971   9,71000e-02  -6,79000e-01   4,72277e+01   4,16000e+01
           972   9,72000e-02  -6,78517e-01   4,68265e+01   4,12000e+01
           973   9,73000e-02  -6,78096e-01   4,64328e+01   4,08000e+01
           974   9,74000e-02  -6,77794e-01   4,60357e+01   4,04000e+01
           975   9,75000e-02  -6,77393e-01   4,56368e+01   4,00000e+01
           976   9,76000e-02  -6,76975e-01   4,52406e+01   3,96000e+01
           977   9,77000e-02  -6,76429e-01   4,48442e+01   3,92000e+01
           978   9,78000e-02  -6,75944e-01   4,44505e+01   3,88000e+01
           979   9,79000e-02  -6,75304e-01   4,40504e+01   3,84000e+01
           980   9,80000e-02  -6,74649e-01   4,36561e+01   3,80000e+01
           981   9,81000e-02  -6,74072e-01   4,32600e+01   3,76000e+01
           982   9,82000e-02  -6,73321e-01   4,28636e+01   3,72000e+01
           983   9,83000e-02  -6,72761e-01   4,24654e+01   3,68000e+01
           984   9,84000e-02  -6,72215e-01   4,20714e+01   3,64000e+01
           985   9,85000e-02  -6,71747e-01   4,16710e+01   3,60000e+01
           986   9,86000e-02  -6,71188e-01   4,12750e+01   3,56000e+01
           987   9,87000e-02  -6,70470e-01   4,08755e+01   3,52000e+01
           988   9,88000e-02  -6,69873e-01   4,04851e+01   3,48000e+01
           989   9,89000e-02  -6,69257e-01   4,00881e+01   3,44000e+01
           990   9,90000e-02  -6,68557e-01   3,96924e+01   3,40000e+01
           991   9,91000e-02  -6,67949e-01   3,92917e+01   3,36000e+01
           992   9,92000e-02  -6,67358e-01   3,89001e+01   3,32000e+01
           993   9,93000e-02  -6,66879e-01   3,85003e+01   3,28000e+01
           994   9,94000e-02  -6,66398e-01   3,81112e+01   3,24000e+01
           995   9,95000e-02  -6,65839e-01   3,77092e+01   3,20000e+01
           996   9,96000e-02  -6,65265e-01   3,73148e+01   3,16000e+01
           997   9,97000e-02  -6,64878e-01   3,69201e+01   3,12000e+01
           998   9,98000e-02  -6,64272e-01   3,65250e+01   3,08000e+01
           999   9,99000e-02  -6,63559e-01   3,61281e+01   3,04000e+01
          1000   1,00000e-01  -6,62751e-01   3,57340e+01   3,00000e+01
          1001   1,00100e-01  -6,62025e-01   3,53396e+01   2,96000e+01
          1002   1,00200e-01  -6,61523e-01   3,49433e+01   2,92000e+01
          1003   1,00300e-01  -6,61004e-01   3,45467e+01   2,88000e+01
          1004   1,00400e-01  -6,60542e-01   3,41514e+01   2,84000e+01
          1005   1,00500e-01  -6,60062e-01   3,37526e+01   2,80000e+01
          1006   1,00600e-01  -6,59558e-01   3,33645e+01   2,76000e+01
          1007   1,00700e-01  -6,59027e-01   3,29635e+01   2,72000e+01
          1008   1,00800e-01  -6,58409e-01   3,25685e+01   2,68000e+01
          1009   1,00900e-01  -6,57728e-01   3,21716e+01   2,64000e+01
          1010   1,01000e-01  -6,57236e-01   3,17775e+01   2,60000e+01
          1011   1,01100e-01  -6,56759e-01   3,13831e+01   2,56000e+01
          1012   1,01200e-01  -6,56203e-01   3,09852e+01   2,52000e+01
          1013   1,01300e-01  -6,55679e-01   3,05918e+01   2,48000e+01
          1014   1,01400e-01  -6,55233e-01   3,01964e+01   2,44000e+01
          1015   1,01500e-01  -6,54926e-01   2,98071e+01   2,40000e+01
          1016   1,01600e-01  -6,54728e-01   2,94080e+01   2,36000e+01
          1017   1,01700e-01  -6,54591e-01   2,90196e+01   2,32000e+01
          1018   1,01800e-01  -6,54486e-01   2,86230e+01   2,28000e+01
          1019   1,01900e-01  -6,54196e-01   2,82292e+01   2,24000e+01
          1020   1,02000e-01  -6,53936e-01   2,78335e+01   2,20000e+01
          1021   1,02100e-01  -6,53599e-01   2,74439e+01   2,16000e+01
          1022   1,02200e-01  -6,53231e-01   2,70508e+01   2,12000e+01
          1023   1,02300e-01  -6,52770e-01   2,66621e+01   2,08000e+01
          1024   1,02400e-01  -6,52325e-01   2,62747e+01   2,04000e+01
          1025   1,02500e-01  -6,51742e-01   2,58806e+01   2,00000e+01
          1026   1,02600e-01  -6,51019e-01   2,54990e+01   1,96000e+01
          1027   1,02700e-01  -6,50160e-01   2,51090e+01   1,92000e+01
          1028   1,02800e-01  -6,49253e-01   2,47252e+01   1,88000e+01
          1029   1,02900e-01  -6,48362e-01   2,43394e+01   1,84000e+01
          1030   1,03000e-01  -6,47411e-01   2,39565e+01   1,80000e+01
          1031   1,03100e-01  -6,46331e-01   2,35734e+01   1,76000e+01
          1032   1,03200e-01  -6,45043e-01   2,31963e+01   1,72000e+01
          1033   1,03300e-01  -6,43579e-01   2,28157e+01   1,68000e+01
          1034   1,03400e-01  -6,42095e-01   2,24332e+01   1,64000e+01
          1035   1,03500e-01  -6,40565e-01   2,20584e+01   1,60000e+01
          1036   1,03600e-01  -6,38822e-01   2,16849e+01   1,56000e+01
          1037   1,03700e-01  -6,37189e-01   2,13096e+01   1,52000e+01
          1038   1,03800e-01  -6,35527e-01   2,09371e+01   1,48000e+01
          1039   1,03900e-01  -6,33867e-01   2,05660e+01   1,44000e+01
          1040   1,04000e-01  -6,32072e-01   2,01897e+01   1,40000e+01
          1041   1,04100e-01  -6,30355e-01   1,98244e+01   1,36000e+01
          1042   1,04200e-01  -6,28519e-01   1,94492e+01   1,32000e+01
          1043   1,04300e-01  -6,26708e-01   1,90882e+01   1,28000e+01
          1044   1,04400e-01  -6,24869e-01   1,87188e+01   1,24000e+01
          1045   1,04500e-01  -6,23024e-01   1,83556e+01   1,20000e+01
          1046   1,04600e-01  -6,21100e-01   1,79889e+01   1,16000e+01
          1047   1,04700e-01  -6,19215e-01   1,76251e+01   1,12000e+01
          1048   1,04800e-01  -6,17281e-01   1,72643e+01   1,08000e+01
          1049   1,04900e-01  -6,15268e-01   1,69032e+01   1,04000e+01
          1050   1,05000e-01  -6,13166e-01   1,65435e+01   1,00000e+01
          1051   1,05100e-01  -6,11114e-01   1,61899e+01   9,60000e+00
          1052   1,05200e-01  -6,09043e-01   1,58313e+01   9,19999e+00
          1053   1,05300e-01  -6,06897e-01   1,54804e+01   8,80002e+00
          1054   1,05400e-01  -6,04587e-01   1,51245e+01   8,40001e+00
          1055   1,05500e-01  -6,02246e-01   1,47731e+01   8,00000e+00
          1056   1,05600e-01  -5,99875e-01   1,44198e+01   7,60000e+00
          1057   1,05700e-01  -5,97591e-01   1,40630e+01   7,20002e+00
          1058   1,05800e-01  -5,95269e-01   1,37174e+01   6,80001e+00
          1059   1,05900e-01  -5,92905e-01   1,33665e+01   6,40001e+00
          1060   1,06000e-01  -5,90590e-01   1,30171e+01   6,00000e+00
          1061   1,06100e-01  -5,88176e-01   1,26772e+01   5,59999e+00
          1062   1,06200e-01  -5,85708e-01   1,23255e+01   5,20002e+00
          1063   1,06300e-01  -5,83333e-01   1,19851e+01   4,80001e+00
          1064   1,06400e-01  -5,80918e-01   1,16379e+01   4,40000e+00
          1065   1,06500e-01  -5,78569e-01   1,12969e+01   3,99999e+00
          1066   1,06600e-01  -5,76032e-01   1,09557e+01   3,60002e+00
          1067   1,06700e-01  -5,73503e-01   1,06110e+01   3,20001e+00
          1068   1,06800e-01  -5,70890e-01   1,02758e+01   2,80000e+00
          1069   1,06900e-01  -5,68428e-01   9,94208e+00   2,40000e+00
          1070   1,07000e-01  -5,66102e-01   9,60478e+00   1,99999e+00
          1071   1,07100e-01  -5,63763e-01   9,26557e+00   1,60001e+00
          1072   1,07200e-01  -5,61460e-01   8,93271e+00   1,20001e+00
          1073   1,07300e-01  -5,59140e-01   8,59960e+00   8,00000e-01
          1074   1,07400e-01  -5,56708e-01   8,26624e+00   3,99994e-01
          1075   1,07500e-01  -5,54304e-01   7,93427e+00   1,66144e-05
          1076   1,07600e-01  -5,51991e-01   7,60205e+00  -3,99990e-01
          1077   1,07700e-01  -5,49638e-01   7,27623e+00  -7,99997e-01
          1078   1,07800e-01  -5,47263e-01   6,95183e+00  -1,20000e+00
          1079   1,07900e-01  -5,44895e-01   6,61719e+00  -1,59998e+00
          1080   1,08000e-01  -5,42467e-01   6,29062e+00  -1,99999e+00
          1081   1,08100e-01  -5,40014e-01   5,96880e+00  -2,39999e+00
          1082   1,08200e-01  -5,37675e-01   5,64173e+00  -2,80000e+00
          1083   1,08300e-01  -5,35435e-01   5,32444e+00  -3,20001e+00
          1084   1,08400e-01  -5,33286e-01   4,99521e+00  -3,59998e+00
          1085   1,08500e-01  -5,31223e-01   4,67744e+00  -3,99999e+00
          1086   1,08600e-01  -5,29248e-01   4,35607e+00  -4,40000e+00
          1087   1,08700e-01  -5,27277e-01   4,03949e+00  -4,80000e+00
          1088   1,08800e-01  -5,25392e-01   3,72267e+00  -5,19998e+00
          1089   1,08900e-01  -5,23485e-01   3,40058e+00  -5,59999e+00
          1090   1,09000e-01  -5,21386e-01   3,08832e+00  -6,00000e+00
          1091   1,09100e-01  -5,19304e-01   2,76911e+00  -6,40000e+00
          1092   1,09200e-01  -5,17118e-01   2,45806e+00  -6,80001e+00
          1093   1,09300e-01  -5,14923e-01   2,14847e+00  -7,19999e+00
          1094   1,09400e-01  -5,12733e-01   1,83359e+00  -7,59999e+00
          1095   1,09500e-01  -5,10506e-01   1,51678e+00  -8,00000e+00
          1096   1,09600e-01  -5,08240e-01   1,20649e+00  -8,40001e+00
          1097   1,09700e-01  -5,06116e-01   8,97648e-01  -8,79998e+00
          1098   1,09800e-01  -5,04121e-01   5,91957e-01  -9,19999e+00
          1099   1,09900e-01  -5,02073e-01   2,86041e-01  -9,60000e+00
          1100   1,10000e-01  -4,99964e-01  -2,68693e-02  -1,00000e+01
          1101   1,10100e-01  -4,97873e-01  -3,26471e-01  -1,04000e+01
          1102   1,10200e-01  -4,95715e-01  -6,33068e-01  -1,08000e+01
          1103   1,10300e-01  -4,93538e-01  -9,34807e-01  -1,12000e+01
          1104   1,10400e-01  -4,91380e-01  -1,24186e+00  -1,16000e+01
          1105   1,10500e-01  -4,89305e-01  -1,54065e+00  -1,20000e+01
          1106   1,10600e-01  -4,87207e-01  -1,84136e+00  -1,24000e+01
          1107   1,10700e-01  -4,85006e-01  -2,14229e+00  -1,28000e+01
          1108   1,10800e-01  -4,82852e-01  -2,43834e+00  -1,32000e+01
          1109   1,10900e-01  -4,80687e-01  -2,73971e+00  -1,36000e+01
          1110   1,11000e-01  -4,78566e-01  -3,03619e+00  -1,40000e+01
          1111   1,11100e-01  -4,76600e-01  -3,33459e+00  -1,44000e+01
          1112   1,11200e-01  -4,74594e-01  -3,62469e+00  -1,48000e+01
          1113   1,11300e-01  -4,72584e-01  -3,92011e+00  -1,52000e+01
          1114   1,11400e-01  -4,70672e-01  -4,21746e+00  -1,56000e+01
          1115   1,11500e-01  -4,68808e-01  -4,50476e+00  -1,60000e+01
          1116   1,11600e-01  -4,66925e-01  -4,79912e+00  -1,64000e+01
          1117   1,11700e-01  -4,65124e-01  -5,08684e+00  -1,68000e+01
          1118   1,11800e-01  -4,63258e-01  -5,37820e+00  -1,72000e+01
          1119   1,11900e-01  -4,61384e-01  -5,66462e+00  -1,76000e+01
          1120   1,12000e-01  -4,59567e-01  -5,95468e+00  -1,80000e+01
          1121   1,12100e-01  -4,57803e-01  -6,24324e+00  -1,84000e+01
          1122   1,12200e-01  -4,55954e-01  -6,53028e+00  -1,88000e+01
          1123   1,12300e-01  -4,54069e-01  -6,81237e+00  -1,92000e+01
          1124   1,12400e-01  -4,52162e-01  -7,09983e+00  -1,96000e+01
          1125   1,12500e-01  -4,50351e-01  -7,38404e+00  -2,00000e+01
          1126   1,12600e-01  -4,48539e-01  -7,67019e+00  -2,04000e+01
          1127   1,12700e-01  -4,46778e-01  -7,95137e+00  -2,08000e+01
          1128   1,12800e-01  -4,45015e-01  -8,23102e+00  -2,12000e+01
          1129   1,12900e-01  -4,43223e-01  -8,50915e+00  -2,16000e+01
          1130   1,13000e-01  -4,41438e-01  -8,79266e+00  -2,20000e+01
          1131   1,13100e-01  -4,39621e-01  -9,06772e+00  -2,24000e+01
          1132   1,13200e-01  -4,37810e-01  -9,34817e+00  -2,28000e+01
          1133   1,13300e-01  -4,35946e-01  -9,62362e+00  -2,32000e+01
          1134   1,13400e-01  -4,34092e-01  -9,89753e+00  -2,36000e+01
          1135   1,13500e-01  -4,32252e-01  -1,01734e+01  -2,40000e+01
          1136   1,13600e-01  -4,30478e-01  -1,04459e+01  -2,44000e+01
          1137   1,13700e-01  -4,28683e-01  -1,07187e+01  -2,48000e+01
          1138   1,13800e-01  -4,26974e-01  -1,09882e+01  -2,52000e+01
          1139   1,13900e-01  -4,25317e-01  -1,12648e+01  -2,56000e+01
          1140   1,14000e-01  -4,23700e-01  -1,15346e+01  -2,60000e+01
          1141   1,14100e-01  -4,22087e-01  -1,18082e+01  -2,64000e+01
          1142   1,14200e-01  -4,20443e-01  -1,20766e+01  -2,68000e+01
          1143   1,14300e-01  -4,18934e-01  -1,23436e+01  -2,72000e+01
          1144   1,14400e-01  -4,17467e-01  -1,26107e+01  -2,76000e+01
          1145   1,14500e-01  -4,15919e-01  -1,28745e+01  -2,80000e+01
          1146   1,14600e-01  -4,14391e-01  -1,31490e+01  -2,84000e+01
          1147   1,14700e-01  -4,12801e-01  -1,34062e+01  -2,88000e+01
          1148   1,14800e-01  -4,11276e-01  -1,36740e+01  -2,92000e+01
          1149   1,14900e-01  -4,09691e-01  -1,39315e+01  -2,96000e+01
          1150   1,15000e-01  -4,08111e-01  -1,41998e+01  -3,00000e+01
          1151   1,15100e-01  -4,06509e-01  -1,44629e+01  -3,04000e+01
          1152   1,15200e-01  -4,04934e-01  -1,47228e+01  -3,08000e+01
          1153   1,15300e-01  -4,03387e-01  -1,49845e+01  -3,12000e+01
          1154   1,15400e-01  -4,01723e-01  -1,52377e+01  -3,16000e+01
          1155   1,15500e-01  -4,00095e-01  -1,54998e+01  -3,20000e+01
          1156   1,15600e-01  -3,98461e-01  -1,57621e+01  -3,24000e+01
          1157   1,15700e-01  -3,96875e-01  -1,60140e+01  -3,28000e+01
          1158   1,15800e-01  -3,95405e-01  -1,62731e+01  -3,32000e+01
          1159   1,15900e-01  -3,93875e-01  -1,65271e+01  -3,36000e+01
          1160   1,16000e-01  -3,92361e-01  -1,67813e+01  -3,40000e+01
          1161   1,16100e-01  -3,90847e-01  -1,70357e+01  -3,44000e+01
          1162   1,16200e-01  -3,89361e-01  -1,72920e+01  -3,48000e+01
          1163   1,16300e-01  -3,87891e-01  -1,75432e+01  -3,52000e+01
          1164   1,16400e-01  -3,86351e-01  -1,77963e+01  -3,56000e+01
          1165   1,16500e-01  -3,84719e-01  -1,80443e+01  -3,60000e+01
          1166   1,16600e-01  -3,82961e-01  -1,82942e+01  -3,64000e+01
          1167   1,16700e-01  -3,81170e-01  -1,85460e+01  -3,68000e+01
          1168   1,16800e-01  -3,79478e-01  -1,87927e+01  -3,72000e+01
          1169   1,16900e-01  -3,77805e-01  -1,90378e+01  -3,76000e+01
          1170   1,17000e-01  -3,76153e-01  -1,92848e+01  -3,80000e+01
          1171   1,17100e-01  -3,74578e-01  -1,95338e+01  -3,84000e+01
          1172   1,17200e-01  -3,73004e-01  -1,97776e+01  -3,88000e+01
          1173   1,17300e-01  -3,71516e-01  -2,00216e+01  -3,92000e+01
          1174   1,17400e-01  -3,70026e-01  -2,02693e+01  -3,96000e+01
          1175   1,17500e-01  -3,68524e-01  -2,05100e+01  -4,00000e+01
          1176   1,17600e-01  -3,66998e-01  -2,07491e+01  -4,04000e+01
          1177   1,17700e-01  -3,65451e-01  -2,09955e+01  -4,08000e+01
          1178   1,17800e-01  -3,63931e-01  -2,12349e+01  -4,12000e+01
          1179   1,17900e-01  -3,62497e-01  -2,14727e+01  -4,16000e+01
          1180   1,18000e-01  -3,61013e-01  -2,17178e+01  -4,20000e+01
          1181   1,18100e-01  -3,59609e-01  -2,19577e+01  -4,24000e+01
          1182   1,18200e-01  -3,58230e-01  -2,21977e+01  -4,28000e+01
          1183   1,18300e-01  -3,56918e-01  -2,24326e+01  -4,32000e+01
          1184   1,18400e-01  -3,55585e-01  -2,26657e+01  -4,36000e+01
          1185   1,18500e-01  -3,54271e-01  -2,29045e+01  -4,40000e+01
          1186   1,18600e-01  -3,52909e-01  -2,31398e+01  -4,44000e+01
          1187   1,18700e-01  -3,51528e-01  -2,33752e+01  -4,48000e+01
          1188   1,18800e-01  -3,50072e-01  -2,36018e+01  -4,52000e+01
          1189   1,18900e-01  -3,48583e-01  -2,38376e+01  -4,56000e+01
          1190   1,19000e-01  -3,47145e-01  -2,40717e+01  -4,60000e+01
          1191   1,19100e-01  -3,45708e-01  -2,43095e+01  -4,64000e+01
          1192   1,19200e-01  -3,44273e-01  -2,45331e+01  -4,68000e+01
          1193   1,19300e-01  -3,42829e-01  -2,47623e+01  -4,72000e+01
          1194   1,19400e-01  -3,41414e-01  -2,49970e+01  -4,76000e+01
          1195   1,19500e-01  -3,39942e-01  -2,52192e+01  -4,80000e+01
          1196   1,19600e-01  -3,38541e-01  -2,54470e+01  -4,84000e+01
          1197   1,19700e-01  -3,37121e-01  -2,56767e+01  -4,88000e+01
          1198   1,19800e-01  -3,35760e-01  -2,59066e+01  -4,92000e+01
          1199   1,19900e-01  -3,34454e-01  -2,61330e+01  -4,96000e+01
          1200   1,20000e-01  -3,33239e-01  -2,63559e+01  -5,00000e+01
          1201   1,20100e-01  -3,31964e-01  -2,65808e+01  -5,04000e+01
          1202   1,20200e-01  -3,30648e-01  -2,68040e+01  -5,08000e+01
          1203   1,20300e-01  -3,29399e-01  -2,70292e+01  -5,12000e+01
          1204   1,20400e-01  -3,28129e-01  -2,72509e+01  -5,16000e+01
          1205   1,20500e-01  -3,26862e-01  -2,74709e+01  -5,20000e+01
          1206   1,20600e-01  -3,25529e-01  -2,76947e+01  -5,24000e+01
          1207   1,20700e-01  -3,24258e-01  -2,79113e+01  -5,28000e+01
          1208   1,20800e-01  -3,22952e-01  -2,81299e+01  -5,32000e+01
          1209   1,20900e-01  -3,21674e-01  -2,83523e+01  -5,36000e+01
          1210   1,21000e-01  -3,20399e-01  -2,85694e+01  -5,40000e+01
          1211   1,21100e-01  -3,19179e-01  -2,87920e+01  -5,44000e+01
          1212   1,21200e-01  -3,18002e-01  -2,90075e+01  -5,48000e+01
          1213   1,21300e-01  -3,16907e-01  -2,92195e+01  -5,52000e+01
          1214   1,21400e-01  -3,15789e-01  -2,94407e+01  -5,56000e+01
          1215   1,21500e-01  -3,14631e-01  -2,96530e+01  -5,60000e+01
          1216   1,21600e-01  -3,13484e-01  -2,98708e+01  -5,64000e+01
          1217   1,21700e-01  -3,12279e-01  -3,00852e+01  -5,68000e+01
          1218   1,21800e-01  -3,10988e-01  -3,02997e+01  -5,72000e+01
          1219   1,21900e-01  -3,09647e-01  -3,05124e+01  -5,76000e+01
          1220   1,22000e-01  -3,08342e-01  -3,07198e+01  -5,80000e+01
          1221   1,22100e-01  -3,07017e-01  -3,09292e+01  -5,84000e+01
          1222   1,22200e-01  -3,05735e-01  -3,11387e+01  -5,88000e+01
          1223   1,22300e-01  -3,04475e-01  -3,13520e+01  -5,92000e+01
          1224   1,22400e-01  -3,03154e-01  -3,15617e+01  -5,96000e+01
          1225   1,22500e-01  -3,01900e-01  -3,17679e+01  -6,00000e+01
          1226   1,22600e-01  -3,00625e-01  -3,19742e+01  -6,04000e+01
          1227   1,22700e-01  -2,99306e-01  -3,21806e+01  -6,08000e+01
          1228   1,22800e-01  -2,98106e-01  -3,23891e+01  -6,12000e+01
          1229   1,22900e-01  -2,96941e-01  -3,25994e+01  -6,16000e+01
          1230   1,23000e-01  -2,95770e-01  -3,28007e+01  -6,20000e+01
          1231   1,23100e-01  -2,94595e-01  -3,30058e+01  -6,24000e+01
          1232   1,23200e-01  -2,93326e-01  -3,32073e+01  -6,28000e+01
          1233   1,23300e-01  -2,92119e-01  -3,34182e+01  -6,32000e+01
          1234   1,23400e-01  -2,90931e-01  -3,36163e+01  -6,36000e+01
          1235   1,23500e-01  -2,89766e-01  -3,38200e+01  -6,40000e+01
          1236   1,23600e-01  -2,88550e-01  -3,40183e+01  -6,44000e+01
          1237   1,23700e-01  -2,87362e-01  -3,42223e+01  -6,48000e+01
          1238   1,23800e-01  -2,86238e-01  -3,44246e+01  -6,52000e+01
          1239   1,23900e-01  -2,85155e-01  -3,46177e+01  -6,56000e+01
          1240   1,24000e-01  -2,84071e-01  -3,48276e+01  -6,60000e+01
          1241   1,24100e-01  -2,82980e-01  -3,50190e+01  -6,64000e+01
          1242   1,24200e-01  -2,81850e-01  -3,52199e+01  -6,68000e+01
          1243   1,24300e-01  -2,80709e-01  -3,54172e+01  -6,72000e+01
          1244   1,24400e-01  -2,79627e-01  -3,56108e+01  -6,76000e+01
          1245   1,24500e-01  -2,78587e-01  -3,58102e+01  -6,80000e+01
          1246   1,24600e-01  -2,77479e-01  -3,60060e+01  -6,84000e+01
          1247   1,24700e-01  -2,76369e-01  -3,62000e+01  -6,88000e+01
          1248   1,24800e-01  -2,75177e-01  -3,63978e+01  -6,92000e+01
          1249   1,24900e-01  -2,73942e-01  -3,65883e+01  -6,96000e+01
          1250   1,25000e-01  -2,72677e-01  -3,67771e+01  -7,00000e+01
          1251   1,25100e-01  -2,71398e-01  -3,69715e+01  -7,04000e+01
          1252   1,25200e-01  -2,70210e-01  -3,71623e+01  -7,08000e+01
          1253   1,25300e-01  -2,69074e-01  -3,73589e+01  -7,12000e+01
          1254   1,25400e-01  -2,67929e-01  -3,75443e+01  -7,16000e+01
          1255   1,25500e-01  -2,66837e-01  -3,77355e+01  -7,20000e+01
          1256   1,25600e-01  -2,65780e-01  -3,79249e+01  -7,24000e+01
          1257   1,25700e-01  -2,64661e-01  -3,81182e+01  -7,28000e+01
          1258   1,25800e-01  -2,63652e-01  -3,83059e+01  -7,32000e+01
          1259   1,25900e-01  -2,62583e-01  -3,84919e+01  -7,36000e+01
          1260   1,26000e-01  -2,61593e-01  -3,86798e+01  -7,40000e+01
          1261   1,26100e-01  -2,60640e-01  -3,88622e+01  -7,44000e+01
          1262   1,26200e-01  -2,59747e-01  -3,90504e+01  -7,48000e+01
          1263   1,26300e-01  -2,58810e-01  -3,92349e+01  -7,52000e+01
          1264   1,26400e-01  -2,57846e-01  -3,94233e+01  -7,56000e+01
          1265   1,26500e-01  -2,56912e-01  -3,96043e+01  -7,60000e+01
          1266   1,26600e-01  -2,55977e-01  -3,97929e+01  -7,64000e+01
          1267   1,26700e-01  -2,55064e-01  -3,99721e+01  -7,68000e+01
          1268   1,26800e-01  -2,54046e-01  -4,01553e+01  -7,72000e+01
          1269   1,26900e-01  -2,53060e-01  -4,03347e+01  -7,76000e+01
          1270   1,27000e-01  -2,51999e-01  -4,05143e+01  -7,80000e+01
          1271   1,27100e-01  -2,50919e-01  -4,06978e+01  -7,84000e+01
          1272   1,27200e-01  -2,49881e-01  -4,08775e+01  -7,88000e+01
          1273   1,27300e-01  -2,48845e-01  -4,10555e+01  -7,92000e+01
          1274   1,27400e-01  -2,47871e-01  -4,12393e+01  -7,96000e+01
&ISTI23 90814 Jos_usf2_coolings_2000_4000_6000_8000_10000
