         Index             t     Heat Flow            Ts            Tr
           [#]           [s]          [mW]          [°C]          [°C]
             0   0,00000e+00   1,36059e-01   4,29802e+02   4,30000e+02
             1   1,00000e-04   1,35589e-01   4,29796e+02   4,29400e+02
             2   2,00000e-04   1,37064e-01   4,29780e+02   4,28800e+02
             3   3,00000e-04   1,41613e-01   4,29750e+02   4,28200e+02
             4   4,00000e-04   1,47944e-01   4,29688e+02   4,27600e+02
             5   5,00000e-04   1,53205e-01   4,29589e+02   4,27000e+02
             6   6,00000e-04   1,54818e-01   4,29424e+02   4,26400e+02
             7   7,00000e-04   1,51891e-01   4,29200e+02   4,25800e+02
             8   8,00000e-04   1,45659e-01   4,28924e+02   4,25200e+02
             9   9,00000e-04   1,38460e-01   4,28610e+02   4,24600e+02
            10   1,00000e-03   1,32221e-01   4,28281e+02   4,24000e+02
            11   1,10000e-03   1,27485e-01   4,27945e+02   4,23400e+02
            12   1,20000e-03   1,23532e-01   4,27596e+02   4,22800e+02
            13   1,30000e-03   1,18777e-01   4,27226e+02   4,22200e+02
            14   1,40000e-03   1,11979e-01   4,26828e+02   4,21600e+02
            15   1,50000e-03   1,02811e-01   4,26400e+02   4,21000e+02
            16   1,60000e-03   9,21159e-02   4,25950e+02   4,20400e+02
            17   1,70000e-03   8,19972e-02   4,25483e+02   4,19800e+02
            18   1,80000e-03   7,28875e-02   4,25005e+02   4,19200e+02
            19   1,90000e-03   6,44914e-02   4,24529e+02   4,18600e+02
            20   2,00000e-03   5,65229e-02   4,24048e+02   4,18000e+02
            21   2,10000e-03   4,85554e-02   4,23559e+02   4,17400e+02
            22   2,20000e-03   3,99946e-02   4,23055e+02   4,16800e+02
            23   2,30000e-03   3,03699e-02   4,22539e+02   4,16200e+02
            24   2,40000e-03   1,91314e-02   4,22010e+02   4,15600e+02
            25   2,50000e-03   5,93155e-03   4,21472e+02   4,15000e+02
            26   2,60000e-03  -9,52333e-03   4,20932e+02   4,14400e+02
            27   2,70000e-03  -2,74822e-02   4,20390e+02   4,13800e+02
            28   2,80000e-03  -4,82928e-02   4,19850e+02   4,13200e+02
            29   2,90000e-03  -7,24890e-02   4,19303e+02   4,12600e+02
            30   3,00000e-03  -1,00560e-01   4,18751e+02   4,12000e+02
            31   3,10000e-03  -1,32713e-01   4,18192e+02   4,11400e+02
            32   3,20000e-03  -1,68929e-01   4,17630e+02   4,10800e+02
            33   3,30000e-03  -2,08795e-01   4,17062e+02   4,10200e+02
            34   3,40000e-03  -2,51560e-01   4,16492e+02   4,09600e+02
            35   3,50000e-03  -2,96632e-01   4,15922e+02   4,09000e+02
            36   3,60000e-03  -3,43363e-01   4,15353e+02   4,08400e+02
            37   3,70000e-03  -3,91316e-01   4,14780e+02   4,07800e+02
            38   3,80000e-03  -4,39887e-01   4,14206e+02   4,07200e+02
            39   3,90000e-03  -4,88469e-01   4,13629e+02   4,06600e+02
            40   4,00000e-03  -5,36297e-01   4,13046e+02   4,06000e+02
            41   4,10000e-03  -5,82489e-01   4,12465e+02   4,05400e+02
            42   4,20000e-03  -6,26046e-01   4,11879e+02   4,04800e+02
            43   4,30000e-03  -6,66597e-01   4,11296e+02   4,04200e+02
            44   4,40000e-03  -7,03844e-01   4,10714e+02   4,03600e+02
            45   4,50000e-03  -7,37841e-01   4,10129e+02   4,03000e+02
            46   4,60000e-03  -7,68848e-01   4,09543e+02   4,02400e+02
            47   4,70000e-03  -7,97331e-01   4,08953e+02   4,01800e+02
            48   4,80000e-03  -8,23424e-01   4,08362e+02   4,01200e+02
            49   4,90000e-03  -8,47129e-01   4,07773e+02   4,00600e+02
            50   5,00000e-03  -8,68817e-01   4,07186e+02   4,00000e+02
            51   5,10000e-03  -8,88830e-01   4,06594e+02   3,99400e+02
            52   5,20000e-03  -9,07445e-01   4,06001e+02   3,98800e+02
            53   5,30000e-03  -9,24959e-01   4,05411e+02   3,98200e+02
            54   5,40000e-03  -9,42341e-01   4,04823e+02   3,97600e+02
            55   5,50000e-03  -9,59667e-01   4,04226e+02   3,97000e+02
            56   5,60000e-03  -9,77006e-01   4,03632e+02   3,96400e+02
            57   5,70000e-03  -9,94173e-01   4,03040e+02   3,95800e+02
            58   5,80000e-03  -1,01145e+00   4,02445e+02   3,95200e+02
            59   5,90000e-03  -1,02854e+00   4,01854e+02   3,94600e+02
            60   6,00000e-03  -1,04552e+00   4,01260e+02   3,94000e+02
            61   6,10000e-03  -1,06238e+00   4,00665e+02   3,93400e+02
            62   6,20000e-03  -1,07915e+00   4,00073e+02   3,92800e+02
            63   6,30000e-03  -1,09596e+00   3,99477e+02   3,92200e+02
            64   6,40000e-03  -1,11245e+00   3,98883e+02   3,91600e+02
            65   6,50000e-03  -1,12841e+00   3,98285e+02   3,91000e+02
            66   6,60000e-03  -1,14351e+00   3,97690e+02   3,90400e+02
            67   6,70000e-03  -1,15788e+00   3,97094e+02   3,89800e+02
            68   6,80000e-03  -1,17160e+00   3,96499e+02   3,89200e+02
            69   6,90000e-03  -1,18449e+00   3,95904e+02   3,88600e+02
            70   7,00000e-03  -1,19645e+00   3,95305e+02   3,88000e+02
            71   7,10000e-03  -1,20743e+00   3,94709e+02   3,87400e+02
            72   7,20000e-03  -1,21753e+00   3,94113e+02   3,86800e+02
            73   7,30000e-03  -1,22682e+00   3,93516e+02   3,86200e+02
            74   7,40000e-03  -1,23540e+00   3,92920e+02   3,85600e+02
            75   7,50000e-03  -1,24343e+00   3,92320e+02   3,85000e+02
            76   7,60000e-03  -1,25082e+00   3,91727e+02   3,84400e+02
            77   7,70000e-03  -1,25762e+00   3,91129e+02   3,83800e+02
            78   7,80000e-03  -1,26376e+00   3,90527e+02   3,83200e+02
            79   7,90000e-03  -1,26938e+00   3,89935e+02   3,82600e+02
            80   8,00000e-03  -1,27455e+00   3,89335e+02   3,82000e+02
            81   8,10000e-03  -1,27939e+00   3,88741e+02   3,81400e+02
            82   8,20000e-03  -1,28401e+00   3,88143e+02   3,80800e+02
            83   8,30000e-03  -1,28872e+00   3,87544e+02   3,80200e+02
            84   8,40000e-03  -1,29350e+00   3,86949e+02   3,79600e+02
            85   8,50000e-03  -1,29802e+00   3,86347e+02   3,79000e+02
            86   8,60000e-03  -1,30267e+00   3,85749e+02   3,78400e+02
            87   8,70000e-03  -1,30731e+00   3,85153e+02   3,77800e+02
            88   8,80000e-03  -1,31204e+00   3,84555e+02   3,77200e+02
            89   8,90000e-03  -1,31659e+00   3,83958e+02   3,76600e+02
            90   9,00000e-03  -1,32115e+00   3,83361e+02   3,76000e+02
            91   9,10000e-03  -1,32529e+00   3,82762e+02   3,75400e+02
            92   9,20000e-03  -1,32934e+00   3,82165e+02   3,74800e+02
            93   9,30000e-03  -1,33337e+00   3,81565e+02   3,74200e+02
            94   9,40000e-03  -1,33712e+00   3,80968e+02   3,73600e+02
            95   9,50000e-03  -1,34048e+00   3,80369e+02   3,73000e+02
            96   9,60000e-03  -1,34380e+00   3,79771e+02   3,72400e+02
            97   9,70000e-03  -1,34685e+00   3,79169e+02   3,71800e+02
            98   9,80000e-03  -1,34969e+00   3,78573e+02   3,71200e+02
            99   9,90000e-03  -1,35225e+00   3,77975e+02   3,70600e+02
           100   1,00000e-02  -1,35475e+00   3,77376e+02   3,70000e+02
           101   1,01000e-02  -1,35675e+00   3,76781e+02   3,69400e+02
           102   1,02000e-02  -1,35833e+00   3,76181e+02   3,68800e+02
           103   1,03000e-02  -1,35943e+00   3,75584e+02   3,68200e+02
           104   1,04000e-02  -1,36028e+00   3,74987e+02   3,67600e+02
           105   1,05000e-02  -1,36144e+00   3,74386e+02   3,67000e+02
           106   1,06000e-02  -1,36271e+00   3,73789e+02   3,66400e+02
           107   1,07000e-02  -1,36385e+00   3,73189e+02   3,65800e+02
           108   1,08000e-02  -1,36477e+00   3,72592e+02   3,65200e+02
           109   1,09000e-02  -1,36567e+00   3,71991e+02   3,64600e+02
           110   1,10000e-02  -1,36649e+00   3,71396e+02   3,64000e+02
           111   1,11000e-02  -1,36734e+00   3,70798e+02   3,63400e+02
           112   1,12000e-02  -1,36805e+00   3,70199e+02   3,62800e+02
           113   1,13000e-02  -1,36870e+00   3,69597e+02   3,62200e+02
           114   1,14000e-02  -1,36973e+00   3,69004e+02   3,61600e+02
           115   1,15000e-02  -1,37093e+00   3,68406e+02   3,61000e+02
           116   1,16000e-02  -1,37231e+00   3,67806e+02   3,60400e+02
           117   1,17000e-02  -1,37368e+00   3,67205e+02   3,59800e+02
           118   1,18000e-02  -1,37497e+00   3,66607e+02   3,59200e+02
           119   1,19000e-02  -1,37616e+00   3,66006e+02   3,58600e+02
           120   1,20000e-02  -1,37702e+00   3,65408e+02   3,58000e+02
           121   1,21000e-02  -1,37772e+00   3,64809e+02   3,57400e+02
           122   1,22000e-02  -1,37853e+00   3,64215e+02   3,56800e+02
           123   1,23000e-02  -1,37931e+00   3,63613e+02   3,56200e+02
           124   1,24000e-02  -1,38011e+00   3,63012e+02   3,55600e+02
           125   1,25000e-02  -1,38084e+00   3,62417e+02   3,55000e+02
           126   1,26000e-02  -1,38153e+00   3,61818e+02   3,54400e+02
           127   1,27000e-02  -1,38208e+00   3,61215e+02   3,53800e+02
           128   1,28000e-02  -1,38261e+00   3,60618e+02   3,53200e+02
           129   1,29000e-02  -1,38303e+00   3,60022e+02   3,52600e+02
           130   1,30000e-02  -1,38321e+00   3,59421e+02   3,52000e+02
           131   1,31000e-02  -1,38313e+00   3,58823e+02   3,51400e+02
           132   1,32000e-02  -1,38289e+00   3,58224e+02   3,50800e+02
           133   1,33000e-02  -1,38286e+00   3,57625e+02   3,50200e+02
           134   1,34000e-02  -1,38312e+00   3,57026e+02   3,49600e+02
           135   1,35000e-02  -1,38349e+00   3,56427e+02   3,49000e+02
           136   1,36000e-02  -1,38397e+00   3,55832e+02   3,48400e+02
           137   1,37000e-02  -1,38437e+00   3,55233e+02   3,47800e+02
           138   1,38000e-02  -1,38447e+00   3,54634e+02   3,47200e+02
           139   1,39000e-02  -1,38438e+00   3,54034e+02   3,46600e+02
           140   1,40000e-02  -1,38452e+00   3,53435e+02   3,46000e+02
           141   1,41000e-02  -1,38482e+00   3,52833e+02   3,45400e+02
           142   1,42000e-02  -1,38552e+00   3,52236e+02   3,44800e+02
           143   1,43000e-02  -1,38640e+00   3,51635e+02   3,44200e+02
           144   1,44000e-02  -1,38727e+00   3,51038e+02   3,43600e+02
           145   1,45000e-02  -1,38785e+00   3,50441e+02   3,43000e+02
           146   1,46000e-02  -1,38829e+00   3,49842e+02   3,42400e+02
           147   1,47000e-02  -1,38844e+00   3,49244e+02   3,41800e+02
           148   1,48000e-02  -1,38846e+00   3,48643e+02   3,41200e+02
           149   1,49000e-02  -1,38875e+00   3,48046e+02   3,40600e+02
           150   1,50000e-02  -1,38910e+00   3,47449e+02   3,40000e+02
           151   1,51000e-02  -1,38957e+00   3,46847e+02   3,39400e+02
           152   1,52000e-02  -1,38998e+00   3,46250e+02   3,38800e+02
           153   1,53000e-02  -1,39015e+00   3,45650e+02   3,38200e+02
           154   1,54000e-02  -1,39030e+00   3,45050e+02   3,37600e+02
           155   1,55000e-02  -1,39046e+00   3,44452e+02   3,37000e+02
           156   1,56000e-02  -1,39055e+00   3,43849e+02   3,36400e+02
           157   1,57000e-02  -1,39062e+00   3,43255e+02   3,35800e+02
           158   1,58000e-02  -1,39064e+00   3,42655e+02   3,35200e+02
           159   1,59000e-02  -1,39070e+00   3,42055e+02   3,34600e+02
           160   1,60000e-02  -1,39082e+00   3,41459e+02   3,34000e+02
           161   1,61000e-02  -1,39085e+00   3,40858e+02   3,33400e+02
           162   1,62000e-02  -1,39089e+00   3,40263e+02   3,32800e+02
           163   1,63000e-02  -1,39095e+00   3,39661e+02   3,32200e+02
           164   1,64000e-02  -1,39095e+00   3,39064e+02   3,31600e+02
           165   1,65000e-02  -1,39099e+00   3,38462e+02   3,31000e+02
           166   1,66000e-02  -1,39116e+00   3,37865e+02   3,30400e+02
           167   1,67000e-02  -1,39093e+00   3,37265e+02   3,29800e+02
           168   1,68000e-02  -1,39056e+00   3,36668e+02   3,29200e+02
           169   1,69000e-02  -1,39029e+00   3,36065e+02   3,28600e+02
           170   1,70000e-02  -1,38983e+00   3,35468e+02   3,28000e+02
           171   1,71000e-02  -1,38936e+00   3,34867e+02   3,27400e+02
           172   1,72000e-02  -1,38915e+00   3,34271e+02   3,26800e+02
           173   1,73000e-02  -1,38912e+00   3,33672e+02   3,26200e+02
           174   1,74000e-02  -1,38920e+00   3,33071e+02   3,25600e+02
           175   1,75000e-02  -1,38934e+00   3,32474e+02   3,25000e+02
           176   1,76000e-02  -1,38931e+00   3,31876e+02   3,24400e+02
           177   1,77000e-02  -1,38943e+00   3,31280e+02   3,23800e+02
           178   1,78000e-02  -1,38968e+00   3,30675e+02   3,23200e+02
           179   1,79000e-02  -1,39014e+00   3,30077e+02   3,22600e+02
           180   1,80000e-02  -1,39076e+00   3,29480e+02   3,22000e+02
           181   1,81000e-02  -1,39150e+00   3,28883e+02   3,21400e+02
           182   1,82000e-02  -1,39225e+00   3,28283e+02   3,20800e+02
           183   1,83000e-02  -1,39281e+00   3,27684e+02   3,20200e+02
           184   1,84000e-02  -1,39335e+00   3,27085e+02   3,19600e+02
           185   1,85000e-02  -1,39362e+00   3,26488e+02   3,19000e+02
           186   1,86000e-02  -1,39401e+00   3,25889e+02   3,18400e+02
           187   1,87000e-02  -1,39418e+00   3,25289e+02   3,17800e+02
           188   1,88000e-02  -1,39432e+00   3,24690e+02   3,17200e+02
           189   1,89000e-02  -1,39417e+00   3,24091e+02   3,16600e+02
           190   1,90000e-02  -1,39386e+00   3,23489e+02   3,16000e+02
           191   1,91000e-02  -1,39359e+00   3,22889e+02   3,15400e+02
           192   1,92000e-02  -1,39328e+00   3,22292e+02   3,14800e+02
           193   1,93000e-02  -1,39286e+00   3,21695e+02   3,14200e+02
           194   1,94000e-02  -1,39238e+00   3,21092e+02   3,13600e+02
           195   1,95000e-02  -1,39160e+00   3,20496e+02   3,13000e+02
           196   1,96000e-02  -1,39109e+00   3,19896e+02   3,12400e+02
           197   1,97000e-02  -1,39092e+00   3,19300e+02   3,11800e+02
           198   1,98000e-02  -1,39135e+00   3,18698e+02   3,11200e+02
           199   1,99000e-02  -1,39188e+00   3,18100e+02   3,10600e+02
           200   2,00000e-02  -1,39246e+00   3,17499e+02   3,10000e+02
           201   2,01000e-02  -1,39319e+00   3,16903e+02   3,09400e+02
           202   2,02000e-02  -1,39366e+00   3,16304e+02   3,08800e+02
           203   2,03000e-02  -1,39405e+00   3,15705e+02   3,08200e+02
           204   2,04000e-02  -1,39478e+00   3,15107e+02   3,07600e+02
           205   2,05000e-02  -1,39586e+00   3,14508e+02   3,07000e+02
           206   2,06000e-02  -1,39697e+00   3,13906e+02   3,06400e+02
           207   2,07000e-02  -1,39796e+00   3,13308e+02   3,05800e+02
           208   2,08000e-02  -1,39903e+00   3,12712e+02   3,05200e+02
           209   2,09000e-02  -1,40020e+00   3,12113e+02   3,04600e+02
           210   2,10000e-02  -1,40159e+00   3,11512e+02   3,04000e+02
           211   2,11000e-02  -1,40272e+00   3,10913e+02   3,03400e+02
           212   2,12000e-02  -1,40379e+00   3,10312e+02   3,02800e+02
           213   2,13000e-02  -1,40488e+00   3,09717e+02   3,02200e+02
           214   2,14000e-02  -1,40583e+00   3,09117e+02   3,01600e+02
           215   2,15000e-02  -1,40678e+00   3,08519e+02   3,01000e+02
           216   2,16000e-02  -1,40780e+00   3,07921e+02   3,00400e+02
           217   2,17000e-02  -1,40854e+00   3,07324e+02   2,99800e+02
           218   2,18000e-02  -1,40890e+00   3,06725e+02   2,99200e+02
           219   2,19000e-02  -1,40905e+00   3,06124e+02   2,98600e+02
           220   2,20000e-02  -1,40910e+00   3,05527e+02   2,98000e+02
           221   2,21000e-02  -1,40887e+00   3,04924e+02   2,97400e+02
           222   2,22000e-02  -1,40863e+00   3,04327e+02   2,96800e+02
           223   2,23000e-02  -1,40827e+00   3,03731e+02   2,96200e+02
           224   2,24000e-02  -1,40818e+00   3,03128e+02   2,95600e+02
           225   2,25000e-02  -1,40810e+00   3,02533e+02   2,95000e+02
           226   2,26000e-02  -1,40805e+00   3,01931e+02   2,94400e+02
           227   2,27000e-02  -1,40797e+00   3,01334e+02   2,93800e+02
           228   2,28000e-02  -1,40799e+00   3,00734e+02   2,93200e+02
           229   2,29000e-02  -1,40778e+00   3,00135e+02   2,92600e+02
           230   2,30000e-02  -1,40752e+00   2,99535e+02   2,92000e+02
           231   2,31000e-02  -1,40755e+00   2,98939e+02   2,91400e+02
           232   2,32000e-02  -1,40799e+00   2,98340e+02   2,90800e+02
           233   2,33000e-02  -1,40871e+00   2,97744e+02   2,90200e+02
           234   2,34000e-02  -1,40962e+00   2,97143e+02   2,89600e+02
           235   2,35000e-02  -1,41061e+00   2,96541e+02   2,89000e+02
           236   2,36000e-02  -1,41144e+00   2,95944e+02   2,88400e+02
           237   2,37000e-02  -1,41242e+00   2,95348e+02   2,87800e+02
           238   2,38000e-02  -1,41362e+00   2,94747e+02   2,87200e+02
           239   2,39000e-02  -1,41534e+00   2,94149e+02   2,86600e+02
           240   2,40000e-02  -1,41747e+00   2,93551e+02   2,86000e+02
           241   2,41000e-02  -1,42003e+00   2,92953e+02   2,85400e+02
           242   2,42000e-02  -1,42312e+00   2,92354e+02   2,84800e+02
           243   2,43000e-02  -1,42679e+00   2,91754e+02   2,84200e+02
           244   2,44000e-02  -1,43106e+00   2,91156e+02   2,83600e+02
           245   2,45000e-02  -1,43589e+00   2,90558e+02   2,83000e+02
           246   2,46000e-02  -1,44136e+00   2,89956e+02   2,82400e+02
           247   2,47000e-02  -1,44730e+00   2,89358e+02   2,81800e+02
           248   2,48000e-02  -1,45348e+00   2,88762e+02   2,81200e+02
           249   2,49000e-02  -1,46030e+00   2,88164e+02   2,80600e+02
           250   2,50000e-02  -1,46789e+00   2,87566e+02   2,80000e+02
           251   2,51000e-02  -1,47581e+00   2,86965e+02   2,79400e+02
           252   2,52000e-02  -1,48365e+00   2,86364e+02   2,78800e+02
           253   2,53000e-02  -1,49168e+00   2,85768e+02   2,78200e+02
           254   2,54000e-02  -1,49975e+00   2,85172e+02   2,77600e+02
           255   2,55000e-02  -1,50757e+00   2,84570e+02   2,77000e+02
           256   2,56000e-02  -1,51514e+00   2,83976e+02   2,76400e+02
           257   2,57000e-02  -1,52222e+00   2,83376e+02   2,75800e+02
           258   2,58000e-02  -1,52887e+00   2,82777e+02   2,75200e+02
           259   2,59000e-02  -1,53518e+00   2,82178e+02   2,74600e+02
           260   2,60000e-02  -1,54106e+00   2,81581e+02   2,74000e+02
           261   2,61000e-02  -1,54623e+00   2,80982e+02   2,73400e+02
           262   2,62000e-02  -1,55061e+00   2,80383e+02   2,72800e+02
           263   2,63000e-02  -1,55426e+00   2,79786e+02   2,72200e+02
           264   2,64000e-02  -1,55733e+00   2,79188e+02   2,71600e+02
           265   2,65000e-02  -1,55971e+00   2,78589e+02   2,71000e+02
           266   2,66000e-02  -1,56162e+00   2,77989e+02   2,70400e+02
           267   2,67000e-02  -1,56285e+00   2,77394e+02   2,69800e+02
           268   2,68000e-02  -1,56366e+00   2,76792e+02   2,69200e+02
           269   2,69000e-02  -1,56389e+00   2,76195e+02   2,68600e+02
           270   2,70000e-02  -1,56368e+00   2,75595e+02   2,68000e+02
           271   2,71000e-02  -1,56329e+00   2,74996e+02   2,67400e+02
           272   2,72000e-02  -1,56249e+00   2,74396e+02   2,66800e+02
           273   2,73000e-02  -1,56140e+00   2,73797e+02   2,66200e+02
           274   2,74000e-02  -1,56020e+00   2,73199e+02   2,65600e+02
           275   2,75000e-02  -1,55895e+00   2,72601e+02   2,65000e+02
           276   2,76000e-02  -1,55745e+00   2,72001e+02   2,64400e+02
           277   2,77000e-02  -1,55599e+00   2,71400e+02   2,63800e+02
           278   2,78000e-02  -1,55473e+00   2,70804e+02   2,63200e+02
           279   2,79000e-02  -1,55360e+00   2,70204e+02   2,62600e+02
           280   2,80000e-02  -1,55278e+00   2,69608e+02   2,62000e+02
           281   2,81000e-02  -1,55185e+00   2,69006e+02   2,61400e+02
           282   2,82000e-02  -1,55072e+00   2,68409e+02   2,60800e+02
           283   2,83000e-02  -1,54949e+00   2,67810e+02   2,60200e+02
           284   2,84000e-02  -1,54790e+00   2,67209e+02   2,59600e+02
           285   2,85000e-02  -1,54598e+00   2,66611e+02   2,59000e+02
           286   2,86000e-02  -1,54387e+00   2,66012e+02   2,58400e+02
           287   2,87000e-02  -1,54152e+00   2,65414e+02   2,57800e+02
           288   2,88000e-02  -1,53878e+00   2,64818e+02   2,57200e+02
           289   2,89000e-02  -1,53594e+00   2,64216e+02   2,56600e+02
           290   2,90000e-02  -1,53308e+00   2,63617e+02   2,56000e+02
           291   2,91000e-02  -1,53019e+00   2,63016e+02   2,55400e+02
           292   2,92000e-02  -1,52749e+00   2,62421e+02   2,54800e+02
           293   2,93000e-02  -1,52499e+00   2,61821e+02   2,54200e+02
           294   2,94000e-02  -1,52243e+00   2,61223e+02   2,53600e+02
           295   2,95000e-02  -1,51995e+00   2,60624e+02   2,53000e+02
           296   2,96000e-02  -1,51721e+00   2,60023e+02   2,52400e+02
           297   2,97000e-02  -1,51447e+00   2,59424e+02   2,51800e+02
           298   2,98000e-02  -1,51172e+00   2,58828e+02   2,51200e+02
           299   2,99000e-02  -1,50912e+00   2,58227e+02   2,50600e+02
           300   3,00000e-02  -1,50673e+00   2,57628e+02   2,50000e+02
           301   3,01000e-02  -1,50444e+00   2,57027e+02   2,49400e+02
           302   3,02000e-02  -1,50207e+00   2,56432e+02   2,48800e+02
           303   3,03000e-02  -1,49963e+00   2,55830e+02   2,48200e+02
           304   3,04000e-02  -1,49728e+00   2,55232e+02   2,47600e+02
           305   3,05000e-02  -1,49490e+00   2,54633e+02   2,47000e+02
           306   3,06000e-02  -1,49240e+00   2,54035e+02   2,46400e+02
           307   3,07000e-02  -1,48959e+00   2,53437e+02   2,45800e+02
           308   3,08000e-02  -1,48673e+00   2,52838e+02   2,45200e+02
           309   3,09000e-02  -1,48366e+00   2,52236e+02   2,44600e+02
           310   3,10000e-02  -1,48027e+00   2,51641e+02   2,44000e+02
           311   3,11000e-02  -1,47698e+00   2,51041e+02   2,43400e+02
           312   3,12000e-02  -1,47369e+00   2,50442e+02   2,42800e+02
           313   3,13000e-02  -1,47038e+00   2,49846e+02   2,42200e+02
           314   3,14000e-02  -1,46688e+00   2,49245e+02   2,41600e+02
           315   3,15000e-02  -1,46374e+00   2,48645e+02   2,41000e+02
           316   3,16000e-02  -1,46039e+00   2,48044e+02   2,40400e+02
           317   3,17000e-02  -1,45720e+00   2,47449e+02   2,39800e+02
           318   3,18000e-02  -1,45435e+00   2,46851e+02   2,39200e+02
           319   3,19000e-02  -1,45195e+00   2,46251e+02   2,38600e+02
           320   3,20000e-02  -1,44968e+00   2,45651e+02   2,38000e+02
           321   3,21000e-02  -1,44760e+00   2,45052e+02   2,37400e+02
           322   3,22000e-02  -1,44562e+00   2,44455e+02   2,36800e+02
           323   3,23000e-02  -1,44369e+00   2,43857e+02   2,36200e+02
           324   3,24000e-02  -1,44177e+00   2,43257e+02   2,35600e+02
           325   3,25000e-02  -1,43950e+00   2,42658e+02   2,35000e+02
           326   3,26000e-02  -1,43741e+00   2,42060e+02   2,34400e+02
           327   3,27000e-02  -1,43515e+00   2,41463e+02   2,33800e+02
           328   3,28000e-02  -1,43283e+00   2,40864e+02   2,33200e+02
           329   3,29000e-02  -1,43022e+00   2,40263e+02   2,32600e+02
           330   3,30000e-02  -1,42739e+00   2,39665e+02   2,32000e+02
           331   3,31000e-02  -1,42465e+00   2,39066e+02   2,31400e+02
           332   3,32000e-02  -1,42220e+00   2,38467e+02   2,30800e+02
           333   3,33000e-02  -1,41994e+00   2,37869e+02   2,30200e+02
           334   3,34000e-02  -1,41760e+00   2,37271e+02   2,29600e+02
           335   3,35000e-02  -1,41523e+00   2,36672e+02   2,29000e+02
           336   3,36000e-02  -1,41280e+00   2,36075e+02   2,28400e+02
           337   3,37000e-02  -1,41043e+00   2,35477e+02   2,27800e+02
           338   3,38000e-02  -1,40825e+00   2,34878e+02   2,27200e+02
           339   3,39000e-02  -1,40654e+00   2,34277e+02   2,26600e+02
           340   3,40000e-02  -1,40491e+00   2,33677e+02   2,26000e+02
           341   3,41000e-02  -1,40342e+00   2,33082e+02   2,25400e+02
           342   3,42000e-02  -1,40202e+00   2,32480e+02   2,24800e+02
           343   3,43000e-02  -1,40080e+00   2,31880e+02   2,24200e+02
           344   3,44000e-02  -1,39953e+00   2,31285e+02   2,23600e+02
           345   3,45000e-02  -1,39788e+00   2,30683e+02   2,23000e+02
           346   3,46000e-02  -1,39586e+00   2,30087e+02   2,22400e+02
           347   3,47000e-02  -1,39348e+00   2,29489e+02   2,21800e+02
           348   3,48000e-02  -1,39061e+00   2,28889e+02   2,21200e+02
           349   3,49000e-02  -1,38782e+00   2,28293e+02   2,20600e+02
           350   3,50000e-02  -1,38507e+00   2,27690e+02   2,20000e+02
           351   3,51000e-02  -1,38244e+00   2,27094e+02   2,19400e+02
           352   3,52000e-02  -1,37993e+00   2,26495e+02   2,18800e+02
           353   3,53000e-02  -1,37763e+00   2,25899e+02   2,18200e+02
           354   3,54000e-02  -1,37535e+00   2,25296e+02   2,17600e+02
           355   3,55000e-02  -1,37329e+00   2,24697e+02   2,17000e+02
           356   3,56000e-02  -1,37122e+00   2,24101e+02   2,16400e+02
           357   3,57000e-02  -1,36904e+00   2,23503e+02   2,15800e+02
           358   3,58000e-02  -1,36678e+00   2,22905e+02   2,15200e+02
           359   3,59000e-02  -1,36456e+00   2,22305e+02   2,14600e+02
           360   3,60000e-02  -1,36246e+00   2,21708e+02   2,14000e+02
           361   3,61000e-02  -1,36060e+00   2,21109e+02   2,13400e+02
           362   3,62000e-02  -1,35888e+00   2,20508e+02   2,12800e+02
           363   3,63000e-02  -1,35695e+00   2,19913e+02   2,12200e+02
           364   3,64000e-02  -1,35505e+00   2,19314e+02   2,11600e+02
           365   3,65000e-02  -1,35323e+00   2,18716e+02   2,11000e+02
           366   3,66000e-02  -1,35157e+00   2,18116e+02   2,10400e+02
           367   3,67000e-02  -1,34972e+00   2,17520e+02   2,09800e+02
           368   3,68000e-02  -1,34776e+00   2,16918e+02   2,09200e+02
           369   3,69000e-02  -1,34594e+00   2,16320e+02   2,08600e+02
           370   3,70000e-02  -1,34445e+00   2,15724e+02   2,08000e+02
           371   3,71000e-02  -1,34320e+00   2,15122e+02   2,07400e+02
           372   3,72000e-02  -1,34189e+00   2,14526e+02   2,06800e+02
           373   3,73000e-02  -1,34084e+00   2,13925e+02   2,06200e+02
           374   3,74000e-02  -1,33964e+00   2,13327e+02   2,05600e+02
           375   3,75000e-02  -1,33862e+00   2,12726e+02   2,05000e+02
           376   3,76000e-02  -1,33751e+00   2,12129e+02   2,04400e+02
           377   3,77000e-02  -1,33634e+00   2,11531e+02   2,03800e+02
           378   3,78000e-02  -1,33514e+00   2,10932e+02   2,03200e+02
           379   3,79000e-02  -1,33408e+00   2,10331e+02   2,02600e+02
           380   3,80000e-02  -1,33307e+00   2,09738e+02   2,02000e+02
           381   3,81000e-02  -1,33183e+00   2,09139e+02   2,01400e+02
           382   3,82000e-02  -1,33017e+00   2,08544e+02   2,00800e+02
           383   3,83000e-02  -1,32852e+00   2,07941e+02   2,00200e+02
           384   3,84000e-02  -1,32675e+00   2,07347e+02   1,99600e+02
           385   3,85000e-02  -1,32482e+00   2,06743e+02   1,99000e+02
           386   3,86000e-02  -1,32292e+00   2,06148e+02   1,98400e+02
           387   3,87000e-02  -1,32122e+00   2,05552e+02   1,97800e+02
           388   3,88000e-02  -1,31975e+00   2,04950e+02   1,97200e+02
           389   3,89000e-02  -1,31863e+00   2,04355e+02   1,96600e+02
           390   3,90000e-02  -1,31754e+00   2,03755e+02   1,96000e+02
           391   3,91000e-02  -1,31645e+00   2,03157e+02   1,95400e+02
           392   3,92000e-02  -1,31533e+00   2,02559e+02   1,94800e+02
           393   3,93000e-02  -1,31419e+00   2,01960e+02   1,94200e+02
           394   3,94000e-02  -1,31286e+00   2,01360e+02   1,93600e+02
           395   3,95000e-02  -1,31144e+00   2,00764e+02   1,93000e+02
           396   3,96000e-02  -1,30999e+00   2,00166e+02   1,92400e+02
           397   3,97000e-02  -1,30845e+00   1,99570e+02   1,91800e+02
           398   3,98000e-02  -1,30694e+00   1,98972e+02   1,91200e+02
           399   3,99000e-02  -1,30540e+00   1,98372e+02   1,90600e+02
           400   4,00000e-02  -1,30430e+00   1,97774e+02   1,90000e+02
           401   4,01000e-02  -1,30316e+00   1,97175e+02   1,89400e+02
           402   4,02000e-02  -1,30195e+00   1,96578e+02   1,88800e+02
           403   4,03000e-02  -1,30083e+00   1,95980e+02   1,88200e+02
           404   4,04000e-02  -1,29995e+00   1,95382e+02   1,87600e+02
           405   4,05000e-02  -1,29921e+00   1,94781e+02   1,87000e+02
           406   4,06000e-02  -1,29826e+00   1,94183e+02   1,86400e+02
           407   4,07000e-02  -1,29717e+00   1,93584e+02   1,85800e+02
           408   4,08000e-02  -1,29598e+00   1,92989e+02   1,85200e+02
           409   4,09000e-02  -1,29462e+00   1,92389e+02   1,84600e+02
           410   4,10000e-02  -1,29302e+00   1,91791e+02   1,84000e+02
           411   4,11000e-02  -1,29160e+00   1,91191e+02   1,83400e+02
           412   4,12000e-02  -1,28992e+00   1,90595e+02   1,82800e+02
           413   4,13000e-02  -1,28849e+00   1,89997e+02   1,82200e+02
           414   4,14000e-02  -1,28695e+00   1,89401e+02   1,81600e+02
           415   4,15000e-02  -1,28557e+00   1,88804e+02   1,81000e+02
           416   4,16000e-02  -1,28417e+00   1,88203e+02   1,80400e+02
           417   4,17000e-02  -1,28265e+00   1,87602e+02   1,79800e+02
           418   4,18000e-02  -1,28141e+00   1,87005e+02   1,79200e+02
           419   4,19000e-02  -1,28032e+00   1,86408e+02   1,78600e+02
           420   4,20000e-02  -1,27936e+00   1,85809e+02   1,78000e+02
           421   4,21000e-02  -1,27841e+00   1,85213e+02   1,77400e+02
           422   4,22000e-02  -1,27751e+00   1,84612e+02   1,76800e+02
           423   4,23000e-02  -1,27669e+00   1,84016e+02   1,76200e+02
           424   4,24000e-02  -1,27558e+00   1,83420e+02   1,75600e+02
           425   4,25000e-02  -1,27439e+00   1,82821e+02   1,75000e+02
           426   4,26000e-02  -1,27318e+00   1,82224e+02   1,74400e+02
           427   4,27000e-02  -1,27185e+00   1,81624e+02   1,73800e+02
           428   4,28000e-02  -1,27088e+00   1,81027e+02   1,73200e+02
           429   4,29000e-02  -1,26997e+00   1,80427e+02   1,72600e+02
           430   4,30000e-02  -1,26920e+00   1,79830e+02   1,72000e+02
           431   4,31000e-02  -1,26830e+00   1,79233e+02   1,71400e+02
           432   4,32000e-02  -1,26762e+00   1,78634e+02   1,70800e+02
           433   4,33000e-02  -1,26690e+00   1,78038e+02   1,70200e+02
           434   4,34000e-02  -1,26621e+00   1,77440e+02   1,69600e+02
           435   4,35000e-02  -1,26519e+00   1,76843e+02   1,69000e+02
           436   4,36000e-02  -1,26387e+00   1,76241e+02   1,68400e+02
           437   4,37000e-02  -1,26239e+00   1,75642e+02   1,67800e+02
           438   4,38000e-02  -1,26082e+00   1,75045e+02   1,67200e+02
           439   4,39000e-02  -1,25938e+00   1,74447e+02   1,66600e+02
           440   4,40000e-02  -1,25789e+00   1,73850e+02   1,66000e+02
           441   4,41000e-02  -1,25683e+00   1,73252e+02   1,65400e+02
           442   4,42000e-02  -1,25558e+00   1,72654e+02   1,64800e+02
           443   4,43000e-02  -1,25440e+00   1,72058e+02   1,64200e+02
           444   4,44000e-02  -1,25349e+00   1,71458e+02   1,63600e+02
           445   4,45000e-02  -1,25275e+00   1,70860e+02   1,63000e+02
           446   4,46000e-02  -1,25187e+00   1,70265e+02   1,62400e+02
           447   4,47000e-02  -1,25067e+00   1,69669e+02   1,61800e+02
           448   4,48000e-02  -1,24976e+00   1,69070e+02   1,61200e+02
           449   4,49000e-02  -1,24879e+00   1,68471e+02   1,60600e+02
           450   4,50000e-02  -1,24770e+00   1,67873e+02   1,60000e+02
           451   4,51000e-02  -1,24654e+00   1,67279e+02   1,59400e+02
           452   4,52000e-02  -1,24546e+00   1,66680e+02   1,58800e+02
           453   4,53000e-02  -1,24443e+00   1,66082e+02   1,58200e+02
           454   4,54000e-02  -1,24355e+00   1,65484e+02   1,57600e+02
           455   4,55000e-02  -1,24263e+00   1,64882e+02   1,57000e+02
           456   4,56000e-02  -1,24176e+00   1,64286e+02   1,56400e+02
           457   4,57000e-02  -1,24089e+00   1,63689e+02   1,55800e+02
           458   4,58000e-02  -1,24003e+00   1,63091e+02   1,55200e+02
           459   4,59000e-02  -1,23878e+00   1,62492e+02   1,54600e+02
           460   4,60000e-02  -1,23737e+00   1,61896e+02   1,54000e+02
           461   4,61000e-02  -1,23588e+00   1,61300e+02   1,53400e+02
           462   4,62000e-02  -1,23457e+00   1,60703e+02   1,52800e+02
           463   4,63000e-02  -1,23349e+00   1,60105e+02   1,52200e+02
           464   4,64000e-02  -1,23263e+00   1,59504e+02   1,51600e+02
           465   4,65000e-02  -1,23185e+00   1,58912e+02   1,51000e+02
           466   4,66000e-02  -1,23119e+00   1,58313e+02   1,50400e+02
           467   4,67000e-02  -1,23041e+00   1,57715e+02   1,49800e+02
           468   4,68000e-02  -1,22968e+00   1,57120e+02   1,49200e+02
           469   4,69000e-02  -1,22878e+00   1,56522e+02   1,48600e+02
           470   4,70000e-02  -1,22806e+00   1,55925e+02   1,48000e+02
           471   4,71000e-02  -1,22714e+00   1,55322e+02   1,47400e+02
           472   4,72000e-02  -1,22613e+00   1,54724e+02   1,46800e+02
           473   4,73000e-02  -1,22511e+00   1,54128e+02   1,46200e+02
           474   4,74000e-02  -1,22413e+00   1,53534e+02   1,45600e+02
           475   4,75000e-02  -1,22292e+00   1,52932e+02   1,45000e+02
           476   4,76000e-02  -1,22178e+00   1,52337e+02   1,44400e+02
           477   4,77000e-02  -1,22057e+00   1,51742e+02   1,43800e+02
           478   4,78000e-02  -1,21945e+00   1,51144e+02   1,43200e+02
           479   4,79000e-02  -1,21821e+00   1,50545e+02   1,42600e+02
           480   4,80000e-02  -1,21704e+00   1,49946e+02   1,42000e+02
           481   4,81000e-02  -1,21583e+00   1,49352e+02   1,41400e+02
           482   4,82000e-02  -1,21481e+00   1,48753e+02   1,40800e+02
           483   4,83000e-02  -1,21400e+00   1,48153e+02   1,40200e+02
           484   4,84000e-02  -1,21306e+00   1,47559e+02   1,39600e+02
           485   4,85000e-02  -1,21220e+00   1,46963e+02   1,39000e+02
           486   4,86000e-02  -1,21137e+00   1,46365e+02   1,38400e+02
           487   4,87000e-02  -1,21034e+00   1,45770e+02   1,37800e+02
           488   4,88000e-02  -1,20954e+00   1,45168e+02   1,37200e+02
           489   4,89000e-02  -1,20883e+00   1,44574e+02   1,36600e+02
           490   4,90000e-02  -1,20817e+00   1,43976e+02   1,36000e+02
           491   4,91000e-02  -1,20765e+00   1,43377e+02   1,35400e+02
           492   4,92000e-02  -1,20705e+00   1,42780e+02   1,34800e+02
           493   4,93000e-02  -1,20631e+00   1,42183e+02   1,34200e+02
           494   4,94000e-02  -1,20547e+00   1,41586e+02   1,33600e+02
           495   4,95000e-02  -1,20455e+00   1,40991e+02   1,33000e+02
           496   4,96000e-02  -1,20359e+00   1,40393e+02   1,32400e+02
           497   4,97000e-02  -1,20239e+00   1,39795e+02   1,31800e+02
           498   4,98000e-02  -1,20119e+00   1,39196e+02   1,31200e+02
           499   4,99000e-02  -1,20002e+00   1,38600e+02   1,30600e+02
           500   5,00000e-02  -1,19893e+00   1,38002e+02   1,30000e+02
           501   5,01000e-02  -1,19774e+00   1,37404e+02   1,29400e+02
           502   5,02000e-02  -1,19635e+00   1,36807e+02   1,28800e+02
           503   5,03000e-02  -1,19522e+00   1,36210e+02   1,28200e+02
           504   5,04000e-02  -1,19430e+00   1,35616e+02   1,27600e+02
           505   5,05000e-02  -1,19344e+00   1,35016e+02   1,27000e+02
           506   5,06000e-02  -1,19267e+00   1,34420e+02   1,26400e+02
           507   5,07000e-02  -1,19204e+00   1,33825e+02   1,25800e+02
           508   5,08000e-02  -1,19134e+00   1,33225e+02   1,25200e+02
           509   5,09000e-02  -1,19074e+00   1,32629e+02   1,24600e+02
           510   5,10000e-02  -1,18994e+00   1,32032e+02   1,24000e+02
           511   5,11000e-02  -1,18913e+00   1,31435e+02   1,23400e+02
           512   5,12000e-02  -1,18819e+00   1,30839e+02   1,22800e+02
           513   5,13000e-02  -1,18703e+00   1,30244e+02   1,22200e+02
           514   5,14000e-02  -1,18564e+00   1,29646e+02   1,21600e+02
           515   5,15000e-02  -1,18453e+00   1,29050e+02   1,21000e+02
           516   5,16000e-02  -1,18352e+00   1,28456e+02   1,20400e+02
           517   5,17000e-02  -1,18257e+00   1,27854e+02   1,19800e+02
           518   5,18000e-02  -1,18173e+00   1,27258e+02   1,19200e+02
           519   5,19000e-02  -1,18126e+00   1,26664e+02   1,18600e+02
           520   5,20000e-02  -1,18073e+00   1,26065e+02   1,18000e+02
           521   5,21000e-02  -1,17993e+00   1,25469e+02   1,17400e+02
           522   5,22000e-02  -1,17915e+00   1,24878e+02   1,16800e+02
           523   5,23000e-02  -1,17808e+00   1,24274e+02   1,16200e+02
           524   5,24000e-02  -1,17703e+00   1,23681e+02   1,15600e+02
           525   5,25000e-02  -1,17596e+00   1,23086e+02   1,15000e+02
           526   5,26000e-02  -1,17450e+00   1,22490e+02   1,14400e+02
           527   5,27000e-02  -1,17287e+00   1,21892e+02   1,13800e+02
           528   5,28000e-02  -1,17131e+00   1,21299e+02   1,13200e+02
           529   5,29000e-02  -1,16987e+00   1,20700e+02   1,12600e+02
           530   5,30000e-02  -1,16837e+00   1,20106e+02   1,12000e+02
           531   5,31000e-02  -1,16708e+00   1,19507e+02   1,11400e+02
           532   5,32000e-02  -1,16599e+00   1,18916e+02   1,10800e+02
           533   5,33000e-02  -1,16494e+00   1,18315e+02   1,10200e+02
           534   5,34000e-02  -1,16384e+00   1,17719e+02   1,09600e+02
           535   5,35000e-02  -1,16265e+00   1,17125e+02   1,09000e+02
           536   5,36000e-02  -1,16156e+00   1,16530e+02   1,08400e+02
           537   5,37000e-02  -1,16054e+00   1,15934e+02   1,07800e+02
           538   5,38000e-02  -1,15951e+00   1,15338e+02   1,07200e+02
           539   5,39000e-02  -1,15854e+00   1,14738e+02   1,06600e+02
           540   5,40000e-02  -1,15762e+00   1,14146e+02   1,06000e+02
           541   5,41000e-02  -1,15683e+00   1,13550e+02   1,05400e+02
           542   5,42000e-02  -1,15616e+00   1,12959e+02   1,04800e+02
           543   5,43000e-02  -1,15552e+00   1,12361e+02   1,04200e+02
           544   5,44000e-02  -1,15481e+00   1,11763e+02   1,03600e+02
           545   5,45000e-02  -1,15391e+00   1,11170e+02   1,03000e+02
           546   5,46000e-02  -1,15301e+00   1,10573e+02   1,02400e+02
           547   5,47000e-02  -1,15210e+00   1,09979e+02   1,01800e+02
           548   5,48000e-02  -1,15123e+00   1,09383e+02   1,01200e+02
           549   5,49000e-02  -1,15063e+00   1,08788e+02   1,00600e+02
           550   5,50000e-02  -1,14991e+00   1,08189e+02   1,00000e+02
           551   5,51000e-02  -1,14893e+00   1,07599e+02   9,94000e+01
           552   5,52000e-02  -1,14775e+00   1,07001e+02   9,88000e+01
           553   5,53000e-02  -1,14671e+00   1,06410e+02   9,82000e+01
           554   5,54000e-02  -1,14556e+00   1,05816e+02   9,76000e+01
           555   5,55000e-02  -1,14429e+00   1,05219e+02   9,70000e+01
           556   5,56000e-02  -1,14293e+00   1,04627e+02   9,64000e+01
           557   5,57000e-02  -1,14161e+00   1,04031e+02   9,58000e+01
           558   5,58000e-02  -1,14014e+00   1,03438e+02   9,52000e+01
           559   5,59000e-02  -1,13884e+00   1,02844e+02   9,46000e+01
           560   5,60000e-02  -1,13732e+00   1,02249e+02   9,40000e+01
           561   5,61000e-02  -1,13566e+00   1,01655e+02   9,34000e+01
           562   5,62000e-02  -1,13401e+00   1,01060e+02   9,28000e+01
           563   5,63000e-02  -1,13251e+00   1,00468e+02   9,22000e+01
           564   5,64000e-02  -1,13103e+00   9,98755e+01   9,16000e+01
           565   5,65000e-02  -1,12988e+00   9,92781e+01   9,10000e+01
           566   5,66000e-02  -1,12899e+00   9,86844e+01   9,04000e+01
           567   5,67000e-02  -1,12819e+00   9,80874e+01   8,98000e+01
           568   5,68000e-02  -1,12752e+00   9,74983e+01   8,92000e+01
           569   5,69000e-02  -1,12689e+00   9,69016e+01   8,86000e+01
           570   5,70000e-02  -1,12641e+00   9,63059e+01   8,80000e+01
           571   5,71000e-02  -1,12601e+00   9,57139e+01   8,74000e+01
           572   5,72000e-02  -1,12559e+00   9,51228e+01   8,68000e+01
           573   5,73000e-02  -1,12495e+00   9,45341e+01   8,62000e+01
           574   5,74000e-02  -1,12428e+00   9,39391e+01   8,56000e+01
           575   5,75000e-02  -1,12349e+00   9,33494e+01   8,50000e+01
           576   5,76000e-02  -1,12282e+00   9,27619e+01   8,44000e+01
           577   5,77000e-02  -1,12183e+00   9,21782e+01   8,38000e+01
           578   5,78000e-02  -1,12071e+00   9,15898e+01   8,32000e+01
           579   5,79000e-02  -1,11927e+00   9,10108e+01   8,26000e+01
           580   5,80000e-02  -1,11768e+00   9,04242e+01   8,20000e+01
           581   5,81000e-02  -1,11602e+00   8,98484e+01   8,14000e+01
           582   5,82000e-02  -1,11418e+00   8,92680e+01   8,08000e+01
           583   5,83000e-02  -1,11216e+00   8,86884e+01   8,02000e+01
           584   5,84000e-02  -1,10985e+00   8,81140e+01   7,96000e+01
           585   5,85000e-02  -1,10770e+00   8,75420e+01   7,90000e+01
           586   5,86000e-02  -1,10531e+00   8,69710e+01   7,84000e+01
           587   5,87000e-02  -1,10293e+00   8,63966e+01   7,78000e+01
           588   5,88000e-02  -1,10044e+00   8,58317e+01   7,72000e+01
           589   5,89000e-02  -1,09791e+00   8,52693e+01   7,66000e+01
           590   5,90000e-02  -1,09523e+00   8,46991e+01   7,60000e+01
           591   5,91000e-02  -1,09244e+00   8,41400e+01   7,54000e+01
           592   5,92000e-02  -1,08957e+00   8,35775e+01   7,48000e+01
           593   5,93000e-02  -1,08651e+00   8,30203e+01   7,42000e+01
           594   5,94000e-02  -1,08337e+00   8,24641e+01   7,36000e+01
           595   5,95000e-02  -1,08000e+00   8,19059e+01   7,30000e+01
           596   5,96000e-02  -1,07658e+00   8,13501e+01   7,24000e+01
           597   5,97000e-02  -1,07303e+00   8,08025e+01   7,18000e+01
           598   5,98000e-02  -1,06958e+00   8,02502e+01   7,12000e+01
           599   5,99000e-02  -1,06595e+00   7,97017e+01   7,06000e+01
           600   6,00000e-02  -1,06228e+00   7,91585e+01   7,00000e+01
           601   6,01000e-02  -1,05850e+00   7,86119e+01   6,94000e+01
           602   6,02000e-02  -1,05485e+00   7,80693e+01   6,88000e+01
           603   6,03000e-02  -1,05136e+00   7,75290e+01   6,82000e+01
           604   6,04000e-02  -1,04790e+00   7,69884e+01   6,76000e+01
           605   6,05000e-02  -1,04428e+00   7,64516e+01   6,70000e+01
           606   6,06000e-02  -1,04067e+00   7,59158e+01   6,64000e+01
           607   6,07000e-02  -1,03685e+00   7,53839e+01   6,58000e+01
           608   6,08000e-02  -1,03291e+00   7,48501e+01   6,52000e+01
           609   6,09000e-02  -1,02891e+00   7,43203e+01   6,46000e+01
           610   6,10000e-02  -1,02482e+00   7,37914e+01   6,40000e+01
           611   6,11000e-02  -1,02073e+00   7,32621e+01   6,34000e+01
           612   6,12000e-02  -1,01650e+00   7,27382e+01   6,28000e+01
           613   6,13000e-02  -1,01242e+00   7,22154e+01   6,22000e+01
           614   6,14000e-02  -1,00838e+00   7,16950e+01   6,16000e+01
           615   6,15000e-02  -1,00437e+00   7,11727e+01   6,10000e+01
           616   6,16000e-02  -1,00029e+00   7,06543e+01   6,04000e+01
           617   6,17000e-02  -9,96230e-01   7,01355e+01   5,98000e+01
           618   6,18000e-02  -9,92054e-01   6,96237e+01   5,92000e+01
           619   6,19000e-02  -9,87926e-01   6,91070e+01   5,86000e+01
           620   6,20000e-02  -9,83769e-01   6,85957e+01   5,80000e+01
           621   6,21000e-02  -9,79715e-01   6,80869e+01   5,74000e+01
           622   6,22000e-02  -9,75801e-01   6,75763e+01   5,68000e+01
           623   6,23000e-02  -9,71650e-01   6,70741e+01   5,62000e+01
           624   6,24000e-02  -9,67385e-01   6,65655e+01   5,56000e+01
           625   6,25000e-02  -9,63130e-01   6,60595e+01   5,50000e+01
           626   6,26000e-02  -9,59025e-01   6,55604e+01   5,44000e+01
           627   6,27000e-02  -9,54759e-01   6,50580e+01   5,38000e+01
           628   6,28000e-02  -9,50559e-01   6,45566e+01   5,32000e+01
           629   6,29000e-02  -9,46406e-01   6,40577e+01   5,26000e+01
           630   6,30000e-02  -9,42308e-01   6,35629e+01   5,20000e+01
           631   6,31000e-02  -9,38293e-01   6,30662e+01   5,14000e+01
           632   6,32000e-02  -9,34313e-01   6,25751e+01   5,08000e+01
           633   6,33000e-02  -9,30361e-01   6,20850e+01   5,02000e+01
           634   6,34000e-02  -9,26361e-01   6,15929e+01   4,96000e+01
           635   6,35000e-02  -9,22408e-01   6,11080e+01   4,90000e+01
           636   6,36000e-02  -9,18443e-01   6,06211e+01   4,84000e+01
           637   6,37000e-02  -9,14543e-01   6,01339e+01   4,78000e+01
           638   6,38000e-02  -9,10577e-01   5,96507e+01   4,72000e+01
           639   6,39000e-02  -9,06602e-01   5,91671e+01   4,66000e+01
           640   6,40000e-02  -9,02781e-01   5,86891e+01   4,60000e+01
           641   6,41000e-02  -8,99040e-01   5,82077e+01   4,54000e+01
           642   6,42000e-02  -8,95261e-01   5,77304e+01   4,48000e+01
           643   6,43000e-02  -8,91590e-01   5,72557e+01   4,42000e+01
           644   6,44000e-02  -8,87809e-01   5,67791e+01   4,36000e+01
           645   6,45000e-02  -8,83983e-01   5,63036e+01   4,30000e+01
           646   6,46000e-02  -8,80038e-01   5,58322e+01   4,24000e+01
           647   6,47000e-02  -8,76094e-01   5,53619e+01   4,18000e+01
           648   6,48000e-02  -8,72284e-01   5,48912e+01   4,12000e+01
           649   6,49000e-02  -8,68587e-01   5,44247e+01   4,06000e+01
           650   6,50000e-02  -8,64937e-01   5,39608e+01   4,00000e+01
           651   6,51000e-02  -8,61185e-01   5,34935e+01   3,94000e+01
           652   6,52000e-02  -8,57566e-01   5,30334e+01   3,88000e+01
           653   6,53000e-02  -8,53972e-01   5,25668e+01   3,82000e+01
           654   6,54000e-02  -8,50570e-01   5,21105e+01   3,76000e+01
           655   6,55000e-02  -8,47211e-01   5,16492e+01   3,70000e+01
           656   6,56000e-02  -8,43850e-01   5,11906e+01   3,64000e+01
           657   6,57000e-02  -8,40362e-01   5,07376e+01   3,58000e+01
           658   6,58000e-02  -8,36902e-01   5,02813e+01   3,52000e+01
           659   6,59000e-02  -8,33315e-01   4,98230e+01   3,46000e+01
           660   6,60000e-02  -8,29686e-01   4,93766e+01   3,40000e+01
           661   6,61000e-02  -8,25977e-01   4,89222e+01   3,34000e+01
           662   6,62000e-02  -8,22311e-01   4,84719e+01   3,28000e+01
           663   6,63000e-02  -8,18739e-01   4,80290e+01   3,22000e+01
           664   6,64000e-02  -8,15296e-01   4,75765e+01   3,16000e+01
           665   6,65000e-02  -8,11885e-01   4,71343e+01   3,10000e+01
           666   6,66000e-02  -8,08482e-01   4,66872e+01   3,04000e+01
           667   6,67000e-02  -8,05198e-01   4,62488e+01   2,98000e+01
           668   6,68000e-02  -8,01919e-01   4,58086e+01   2,92000e+01
           669   6,69000e-02  -7,98571e-01   4,53681e+01   2,86000e+01
           670   6,70000e-02  -7,95298e-01   4,49272e+01   2,80000e+01
           671   6,71000e-02  -7,92074e-01   4,44889e+01   2,74000e+01
           672   6,72000e-02  -7,88993e-01   4,40550e+01   2,68000e+01
           673   6,73000e-02  -7,85857e-01   4,36207e+01   2,62000e+01
           674   6,74000e-02  -7,82678e-01   4,31860e+01   2,56000e+01
           675   6,75000e-02  -7,79361e-01   4,27525e+01   2,50000e+01
           676   6,76000e-02  -7,76101e-01   4,23233e+01   2,44000e+01
           677   6,77000e-02  -7,72714e-01   4,18983e+01   2,38000e+01
           678   6,78000e-02  -7,69352e-01   4,14684e+01   2,32000e+01
           679   6,79000e-02  -7,65930e-01   4,10397e+01   2,26000e+01
           680   6,80000e-02  -7,62548e-01   4,06153e+01   2,20000e+01
           681   6,81000e-02  -7,59384e-01   4,01889e+01   2,14000e+01
           682   6,82000e-02  -7,56257e-01   3,97669e+01   2,08000e+01
           683   6,83000e-02  -7,53304e-01   3,93445e+01   2,02000e+01
           684   6,84000e-02  -7,50305e-01   3,89265e+01   1,96000e+01
           685   6,85000e-02  -7,47172e-01   3,85065e+01   1,90000e+01
           686   6,86000e-02  -7,44195e-01   3,80878e+01   1,84000e+01
           687   6,87000e-02  -7,41142e-01   3,76718e+01   1,78000e+01
           688   6,88000e-02  -7,37928e-01   3,72571e+01   1,72000e+01
           689   6,89000e-02  -7,34774e-01   3,68451e+01   1,66000e+01
           690   6,90000e-02  -7,31616e-01   3,64313e+01   1,60000e+01
           691   6,91000e-02  -7,28563e-01   3,60155e+01   1,54000e+01
           692   6,92000e-02  -7,25656e-01   3,56088e+01   1,48000e+01
           693   6,93000e-02  -7,22647e-01   3,51987e+01   1,42000e+01
           694   6,94000e-02  -7,19661e-01   3,47897e+01   1,36000e+01
           695   6,95000e-02  -7,16699e-01   3,43820e+01   1,30000e+01
           696   6,96000e-02  -7,13563e-01   3,39787e+01   1,24000e+01
           697   6,97000e-02  -7,10555e-01   3,35704e+01   1,18000e+01
           698   6,98000e-02  -7,07537e-01   3,31695e+01   1,12000e+01
           699   6,99000e-02  -7,04496e-01   3,27700e+01   1,06000e+01
           700   7,00000e-02  -7,01484e-01   3,23669e+01   1,00000e+01
           701   7,01000e-02  -6,98542e-01   3,19683e+01   9,40004e+00
           702   7,02000e-02  -6,95773e-01   3,15661e+01   8,80003e+00
           703   7,03000e-02  -6,93105e-01   3,11700e+01   8,20002e+00
           704   7,04000e-02  -6,90483e-01   3,07799e+01   7,60001e+00
           705   7,05000e-02  -6,87831e-01   3,03831e+01   7,00000e+00
           706   7,06000e-02  -6,85195e-01   2,99939e+01   6,40003e+00
           707   7,07000e-02  -6,82564e-01   2,95997e+01   5,80002e+00
           708   7,08000e-02  -6,80017e-01   2,92035e+01   5,20001e+00
           709   7,09000e-02  -6,77363e-01   2,88150e+01   4,60000e+00
           710   7,10000e-02  -6,74825e-01   2,84277e+01   4,00004e+00
           711   7,11000e-02  -6,72329e-01   2,80433e+01   3,40003e+00
           712   7,12000e-02  -6,69855e-01   2,76523e+01   2,80002e+00
           713   7,13000e-02  -6,67269e-01   2,72705e+01   2,20001e+00
           714   7,14000e-02  -6,64593e-01   2,68883e+01   1,60000e+00
           715   7,15000e-02  -6,61752e-01   2,64963e+01   1,00003e+00
           716   7,16000e-02  -6,58924e-01   2,61168e+01   4,00022e-01
           717   7,17000e-02  -6,56181e-01   2,57385e+01  -1,99988e-01
           718   7,18000e-02  -6,53451e-01   2,53568e+01  -7,99998e-01
           719   7,19000e-02  -6,50773e-01   2,49811e+01  -1,39996e+00
           720   7,20000e-02  -6,48084e-01   2,46020e+01  -1,99997e+00
           721   7,21000e-02  -6,45462e-01   2,42289e+01  -2,59998e+00
           722   7,22000e-02  -6,42969e-01   2,38572e+01  -3,19999e+00
           723   7,23000e-02  -6,40525e-01   2,34771e+01  -3,79996e+00
           724   7,24000e-02  -6,38024e-01   2,31080e+01  -4,39997e+00
           725   7,25000e-02  -6,35561e-01   2,27354e+01  -4,99998e+00
           726   7,26000e-02  -6,33070e-01   2,23624e+01  -5,59999e+00
           727   7,27000e-02  -6,30631e-01   2,19924e+01  -6,20000e+00
           728   7,28000e-02  -6,28226e-01   2,16254e+01  -6,79997e+00
           729   7,29000e-02  -6,25811e-01   2,12612e+01  -7,39998e+00
           730   7,30000e-02  -6,23414e-01   2,08920e+01  -7,99999e+00
           731   7,31000e-02  -6,21127e-01   2,05256e+01  -8,60000e+00
           732   7,32000e-02  -6,18907e-01   2,01606e+01  -9,19996e+00
           733   7,33000e-02  -6,16628e-01   1,98018e+01  -9,79997e+00
           734   7,34000e-02  -6,14371e-01   1,94330e+01  -1,04000e+01
           735   7,35000e-02  -6,12011e-01   1,90801e+01  -1,10000e+01
           736   7,36000e-02  -6,09732e-01   1,87188e+01  -1,16000e+01
           737   7,37000e-02  -6,07472e-01   1,83589e+01  -1,22000e+01
           738   7,38000e-02  -6,05095e-01   1,80019e+01  -1,28000e+01
           739   7,39000e-02  -6,02620e-01   1,76430e+01  -1,34000e+01
           740   7,40000e-02  -5,99988e-01   1,72871e+01  -1,40000e+01
           741   7,41000e-02  -5,97407e-01   1,69325e+01  -1,46000e+01
           742   7,42000e-02  -5,94828e-01   1,65793e+01  -1,52000e+01
           743   7,43000e-02  -5,92293e-01   1,62307e+01  -1,58000e+01
           744   7,44000e-02  -5,89895e-01   1,58786e+01  -1,64000e+01
           745   7,45000e-02  -5,87568e-01   1,55294e+01  -1,70000e+01
           746   7,46000e-02  -5,85244e-01   1,51800e+01  -1,76000e+01
           747   7,47000e-02  -5,83073e-01   1,48320e+01  -1,82000e+01
           748   7,48000e-02  -5,80890e-01   1,44869e+01  -1,88000e+01
           749   7,49000e-02  -5,78551e-01   1,41416e+01  -1,94000e+01
           750   7,50000e-02  -5,76232e-01   1,37977e+01  -2,00000e+01
           751   7,51000e-02  -5,73786e-01   1,34485e+01  -2,06000e+01
           752   7,52000e-02  -5,71360e-01   1,31041e+01  -2,12000e+01
           753   7,53000e-02  -5,69026e-01   1,27642e+01  -2,18000e+01
           754   7,54000e-02  -5,66637e-01   1,24225e+01  -2,24000e+01
           755   7,55000e-02  -5,64444e-01   1,20822e+01  -2,30000e+01
           756   7,56000e-02  -5,62251e-01   1,17465e+01  -2,36000e+01
           757   7,57000e-02  -5,60050e-01   1,14090e+01  -2,42000e+01
           758   7,58000e-02  -5,57794e-01   1,10711e+01  -2,48000e+01
           759   7,59000e-02  -5,55717e-01   1,07331e+01  -2,54000e+01
           760   7,60000e-02  -5,53542e-01   1,03947e+01  -2,60000e+01
           761   7,61000e-02  -5,51513e-01   1,00644e+01  -2,66000e+01
           762   7,62000e-02  -5,49530e-01   9,73378e+00  -2,72000e+01
           763   7,63000e-02  -5,47608e-01   9,40294e+00  -2,78000e+01
           764   7,64000e-02  -5,45832e-01   9,07184e+00  -2,84000e+01
           765   7,65000e-02  -5,43943e-01   8,74215e+00  -2,90000e+01
           766   7,66000e-02  -5,41980e-01   8,41388e+00  -2,96000e+01
           767   7,67000e-02  -5,40120e-01   8,08701e+00  -3,02000e+01
           768   7,68000e-02  -5,38228e-01   7,75823e+00  -3,08000e+01
           769   7,69000e-02  -5,36229e-01   7,43419e+00  -3,14000e+01
           770   7,70000e-02  -5,34211e-01   7,10824e+00  -3,20000e+01
           771   7,71000e-02  -5,32003e-01   6,78204e+00  -3,26000e+01
           772   7,72000e-02  -5,29721e-01   6,46060e+00  -3,32000e+01
           773   7,73000e-02  -5,27521e-01   6,13558e+00  -3,38000e+01
           774   7,74000e-02  -5,25325e-01   5,81698e+00  -3,44000e+01
           775   7,75000e-02  -5,23154e-01   5,49481e+00  -3,50000e+01
           776   7,76000e-02  -5,21017e-01   5,17406e+00  -3,56000e+01
           777   7,77000e-02  -5,18880e-01   4,85809e+00  -3,62000e+01
           778   7,78000e-02  -5,16848e-01   4,54022e+00  -3,68000e+01
           779   7,79000e-02  -5,14844e-01   4,22210e+00  -3,74000e+01
           780   7,80000e-02  -5,12860e-01   3,91045e+00  -3,80000e+01
           781   7,81000e-02  -5,10947e-01   3,59353e+00  -3,86000e+01
           782   7,82000e-02  -5,08954e-01   3,27974e+00  -3,92000e+01
           783   7,83000e-02  -5,06981e-01   2,96571e+00  -3,98000e+01
           784   7,84000e-02  -5,05038e-01   2,65817e+00  -4,04000e+01
           785   7,85000e-02  -5,02988e-01   2,34535e+00  -4,10000e+01
           786   7,86000e-02  -5,01095e-01   2,03568e+00  -4,16000e+01
           787   7,87000e-02  -4,99171e-01   1,72577e+00  -4,22000e+01
           788   7,88000e-02  -4,97246e-01   1,41732e+00  -4,28000e+01
           789   7,89000e-02  -4,95376e-01   1,11201e+00  -4,34000e+01
           790   7,90000e-02  -4,93589e-01   8,03099e-01  -4,40000e+01
           791   7,91000e-02  -4,91792e-01   4,99028e-01  -4,46000e+01
           792   7,92000e-02  -4,89916e-01   1,96424e-01  -4,52000e+01
           793   7,93000e-02  -4,87981e-01  -1,09786e-01  -4,58000e+01
           794   7,94000e-02  -4,86087e-01  -4,12836e-01  -4,64000e+01
           795   7,95000e-02  -4,84129e-01  -7,11024e-01  -4,70000e+01
           796   7,96000e-02  -4,82118e-01  -1,01621e+00  -4,76000e+01
           797   7,97000e-02  -4,80146e-01  -1,31314e+00  -4,82000e+01
           798   7,98000e-02  -4,78084e-01  -1,61368e+00  -4,88000e+01
           799   7,99000e-02  -4,76038e-01  -1,90765e+00  -4,94000e+01
           800   8,00000e-02  -4,73928e-01  -2,20693e+00  -5,00000e+01
           801   8,01000e-02  -4,72023e-01  -2,50813e+00  -5,06000e+01
           802   8,02000e-02  -4,70332e-01  -2,80103e+00  -5,12000e+01
           803   8,03000e-02  -4,68653e-01  -3,09415e+00  -5,18000e+01
           804   8,04000e-02  -4,67071e-01  -3,38577e+00  -5,24000e+01
           805   8,05000e-02  -4,65417e-01  -3,67931e+00  -5,30000e+01
           806   8,06000e-02  -4,63742e-01  -3,97136e+00  -5,36000e+01
           807   8,07000e-02  -4,62037e-01  -4,26191e+00  -5,42000e+01
           808   8,08000e-02  -4,60345e-01  -4,55609e+00  -5,48000e+01
           809   8,09000e-02  -4,58657e-01  -4,84363e+00  -5,54000e+01
           810   8,10000e-02  -4,56981e-01  -5,12967e+00  -5,60000e+01
           811   8,11000e-02  -4,55250e-01  -5,41763e+00  -5,66000e+01
           812   8,12000e-02  -4,53471e-01  -5,70408e+00  -5,72000e+01
           813   8,13000e-02  -4,51788e-01  -5,98902e+00  -5,78000e+01
           814   8,14000e-02  -4,50106e-01  -6,27417e+00  -5,84000e+01
           815   8,15000e-02  -4,48333e-01  -6,56467e+00  -5,90000e+01
           816   8,16000e-02  -4,46608e-01  -6,84679e+00  -5,96000e+01
           817   8,17000e-02  -4,44793e-01  -7,12910e+00  -6,02000e+01
           818   8,18000e-02  -4,43039e-01  -7,40817e+00  -6,08000e+01
           819   8,19000e-02  -4,41278e-01  -7,68916e+00  -6,14000e+01
           820   8,20000e-02  -4,39654e-01  -7,97208e+00  -6,20000e+01
           821   8,21000e-02  -4,37980e-01  -8,24656e+00  -6,26000e+01
           822   8,22000e-02  -4,36437e-01  -8,52989e+00  -6,32000e+01
           823   8,23000e-02  -4,34857e-01  -8,80304e+00  -6,38000e+01
           824   8,24000e-02  -4,33245e-01  -9,07983e+00  -6,44000e+01
           825   8,25000e-02  -4,31632e-01  -9,35683e+00  -6,50000e+01
           826   8,26000e-02  -4,30009e-01  -9,63229e+00  -6,56000e+01
           827   8,27000e-02  -4,28432e-01  -9,90447e+00  -6,62000e+01
           828   8,28000e-02  -4,26829e-01  -1,01820e+01  -6,68000e+01
           829   8,29000e-02  -4,25208e-01  -1,04546e+01  -6,74000e+01
           830   8,30000e-02  -4,23515e-01  -1,07222e+01  -6,80000e+01
           831   8,31000e-02  -4,21915e-01  -1,09934e+01  -6,86000e+01
           832   8,32000e-02  -4,20220e-01  -1,12648e+01  -6,92000e+01
           833   8,33000e-02  -4,18491e-01  -1,15294e+01  -6,98000e+01
           834   8,34000e-02  -4,16658e-01  -1,18029e+01  -7,04000e+01
           835   8,35000e-02  -4,14832e-01  -1,20679e+01  -7,10000e+01
           836   8,36000e-02  -4,13118e-01  -1,23348e+01  -7,16000e+01
           837   8,37000e-02  -4,11519e-01  -1,26020e+01  -7,22000e+01
           838   8,38000e-02  -4,09914e-01  -1,28657e+01  -7,28000e+01
           839   8,39000e-02  -4,08315e-01  -1,31297e+01  -7,34000e+01
           840   8,40000e-02  -4,06690e-01  -1,33974e+01  -7,40000e+01
           841   8,41000e-02  -4,05127e-01  -1,36565e+01  -7,46000e+01
           842   8,42000e-02  -4,03517e-01  -1,39193e+01  -7,52000e+01
           843   8,43000e-02  -4,02022e-01  -1,41805e+01  -7,58000e+01
           844   8,44000e-02  -4,00539e-01  -1,44436e+01  -7,64000e+01
           845   8,45000e-02  -3,99050e-01  -1,46999e+01  -7,70000e+01
           846   8,46000e-02  -3,97617e-01  -1,49634e+01  -7,76000e+01
           847   8,47000e-02  -3,96099e-01  -1,52218e+01  -7,82000e+01
           848   8,48000e-02  -3,94645e-01  -1,54804e+01  -7,88000e+01
           849   8,49000e-02  -3,93196e-01  -1,57374e+01  -7,94000e+01
&ISTI23 90814 Jos_usf2_coolings_2000_4000_6000_8000_10000
