         Index             t     Heat Flow            Ts            Tr
           [#]           [s]          [mW]          [°C]          [°C]
             0   0,00000e+00   1,35523e-01   4,29804e+02   4,30000e+02
             1   1,00000e-04   1,35325e-01   4,29797e+02   4,29004e+02
             2   2,00000e-04   1,38161e-01   4,29769e+02   4,28008e+02
             3   3,00000e-04   1,45972e-01   4,29713e+02   4,27012e+02
             4   4,00000e-04   1,56969e-01   4,29615e+02   4,26016e+02
             5   5,00000e-04   1,66608e-01   4,29446e+02   4,25020e+02
             6   6,00000e-04   1,70375e-01   4,29181e+02   4,24024e+02
             7   7,00000e-04   1,66412e-01   4,28818e+02   4,23027e+02
             8   8,00000e-04   1,56603e-01   4,28367e+02   4,22031e+02
             9   9,00000e-04   1,44584e-01   4,27851e+02   4,21035e+02
            10   1,00000e-03   1,33447e-01   4,27298e+02   4,20039e+02
            11   1,10000e-03   1,24435e-01   4,26723e+02   4,19043e+02
            12   1,20000e-03   1,16851e-01   4,26133e+02   4,18047e+02
            13   1,30000e-03   1,08716e-01   4,25518e+02   4,17051e+02
            14   1,40000e-03   9,83486e-02   4,24863e+02   4,16055e+02
            15   1,50000e-03   8,71351e-02   4,24162e+02   4,15059e+02
            16   1,60000e-03   7,63822e-02   4,23415e+02   4,14063e+02
            17   1,70000e-03   6,56550e-02   4,22644e+02   4,13067e+02
            18   1,80000e-03   5,46127e-02   4,21851e+02   4,12071e+02
            19   1,90000e-03   4,27784e-02   4,21048e+02   4,11075e+02
            20   2,00000e-03   2,95463e-02   4,20241e+02   4,10078e+02
            21   2,10000e-03   1,40707e-02   4,19420e+02   4,09082e+02
            22   2,20000e-03  -4,80862e-03   4,18587e+02   4,08086e+02
            23   2,30000e-03  -2,85005e-02   4,17732e+02   4,07090e+02
            24   2,40000e-03  -5,81599e-02   4,16856e+02   4,06094e+02
            25   2,50000e-03  -9,45503e-02   4,15969e+02   4,05098e+02
            26   2,60000e-03  -1,38053e-01   4,15072e+02   4,04102e+02
            27   2,70000e-03  -1,88494e-01   4,14168e+02   4,03106e+02
            28   2,80000e-03  -2,45794e-01   4,13263e+02   4,02110e+02
            29   2,90000e-03  -3,09690e-01   4,12350e+02   4,01114e+02
            30   3,00000e-03  -3,79828e-01   4,11433e+02   4,00118e+02
            31   3,10000e-03  -4,55595e-01   4,10507e+02   3,99122e+02
            32   3,20000e-03  -5,35974e-01   4,09575e+02   3,98126e+02
            33   3,30000e-03  -6,19441e-01   4,08632e+02   3,97129e+02
            34   3,40000e-03  -7,03721e-01   4,07683e+02   3,96133e+02
            35   3,50000e-03  -7,86670e-01   4,06737e+02   3,95137e+02
            36   3,60000e-03  -8,66277e-01   4,05783e+02   3,94141e+02
            37   3,70000e-03  -9,41173e-01   4,04829e+02   3,93145e+02
            38   3,80000e-03  -1,01074e+00   4,03873e+02   3,92149e+02
            39   3,90000e-03  -1,07462e+00   4,02913e+02   3,91153e+02
            40   4,00000e-03  -1,13269e+00   4,01948e+02   3,90157e+02
            41   4,10000e-03  -1,18504e+00   4,00984e+02   3,89161e+02
            42   4,20000e-03  -1,23211e+00   4,00013e+02   3,88165e+02
            43   4,30000e-03  -1,27447e+00   3,99038e+02   3,87169e+02
            44   4,40000e-03  -1,31325e+00   3,98070e+02   3,86173e+02
            45   4,50000e-03  -1,34913e+00   3,97092e+02   3,85177e+02
            46   4,60000e-03  -1,38332e+00   3,96119e+02   3,84180e+02
            47   4,70000e-03  -1,41619e+00   3,95142e+02   3,83184e+02
            48   4,80000e-03  -1,44926e+00   3,94161e+02   3,82188e+02
            49   4,90000e-03  -1,48303e+00   3,93181e+02   3,81192e+02
            50   5,00000e-03  -1,51799e+00   3,92202e+02   3,80196e+02
            51   5,10000e-03  -1,55431e+00   3,91217e+02   3,79200e+02
            52   5,20000e-03  -1,59139e+00   3,90236e+02   3,78204e+02
            53   5,30000e-03  -1,62934e+00   3,89248e+02   3,77208e+02
            54   5,40000e-03  -1,66761e+00   3,88268e+02   3,76212e+02
            55   5,50000e-03  -1,70606e+00   3,87283e+02   3,75216e+02
            56   5,60000e-03  -1,74445e+00   3,86299e+02   3,74220e+02
            57   5,70000e-03  -1,78220e+00   3,85307e+02   3,73224e+02
            58   5,80000e-03  -1,81903e+00   3,84318e+02   3,72227e+02
            59   5,90000e-03  -1,85443e+00   3,83333e+02   3,71231e+02
            60   6,00000e-03  -1,88780e+00   3,82344e+02   3,70235e+02
            61   6,10000e-03  -1,91860e+00   3,81352e+02   3,69239e+02
            62   6,20000e-03  -1,94702e+00   3,80365e+02   3,68243e+02
            63   6,30000e-03  -1,97241e+00   3,79372e+02   3,67247e+02
            64   6,40000e-03  -1,99513e+00   3,78385e+02   3,66251e+02
            65   6,50000e-03  -2,01539e+00   3,77397e+02   3,65255e+02
            66   6,60000e-03  -2,03374e+00   3,76403e+02   3,64259e+02
            67   6,70000e-03  -2,05008e+00   3,75411e+02   3,63263e+02
            68   6,80000e-03  -2,06533e+00   3,74424e+02   3,62267e+02
            69   6,90000e-03  -2,07950e+00   3,73431e+02   3,61271e+02
            70   7,00000e-03  -2,09262e+00   3,72438e+02   3,60275e+02
            71   7,10000e-03  -2,10510e+00   3,71445e+02   3,59278e+02
            72   7,20000e-03  -2,11719e+00   3,70451e+02   3,58282e+02
            73   7,30000e-03  -2,12907e+00   3,69462e+02   3,57286e+02
            74   7,40000e-03  -2,14098e+00   3,68467e+02   3,56290e+02
            75   7,50000e-03  -2,15296e+00   3,67474e+02   3,55294e+02
            76   7,60000e-03  -2,16564e+00   3,66480e+02   3,54298e+02
            77   7,70000e-03  -2,17873e+00   3,65489e+02   3,53302e+02
            78   7,80000e-03  -2,19209e+00   3,64493e+02   3,52306e+02
            79   7,90000e-03  -2,20511e+00   3,63501e+02   3,51310e+02
            80   8,00000e-03  -2,21761e+00   3,62505e+02   3,50314e+02
            81   8,10000e-03  -2,22971e+00   3,61513e+02   3,49318e+02
            82   8,20000e-03  -2,24146e+00   3,60519e+02   3,48322e+02
            83   8,30000e-03  -2,25273e+00   3,59525e+02   3,47326e+02
            84   8,40000e-03  -2,26344e+00   3,58533e+02   3,46329e+02
            85   8,50000e-03  -2,27342e+00   3,57535e+02   3,45333e+02
            86   8,60000e-03  -2,28256e+00   3,56541e+02   3,44337e+02
            87   8,70000e-03  -2,29072e+00   3,55549e+02   3,43341e+02
            88   8,80000e-03  -2,29789e+00   3,54553e+02   3,42345e+02
            89   8,90000e-03  -2,30434e+00   3,53557e+02   3,41349e+02
            90   9,00000e-03  -2,31012e+00   3,52563e+02   3,40353e+02
            91   9,10000e-03  -2,31547e+00   3,51570e+02   3,39357e+02
            92   9,20000e-03  -2,32037e+00   3,50574e+02   3,38361e+02
            93   9,30000e-03  -2,32475e+00   3,49577e+02   3,37365e+02
            94   9,40000e-03  -2,32846e+00   3,48584e+02   3,36369e+02
            95   9,50000e-03  -2,33209e+00   3,47586e+02   3,35373e+02
            96   9,60000e-03  -2,33571e+00   3,46593e+02   3,34377e+02
            97   9,70000e-03  -2,33880e+00   3,45601e+02   3,33380e+02
            98   9,80000e-03  -2,34180e+00   3,44608e+02   3,32384e+02
            99   9,90000e-03  -2,34513e+00   3,43607e+02   3,31388e+02
           100   1,00000e-02  -2,34882e+00   3,42614e+02   3,30392e+02
           101   1,01000e-02  -2,35287e+00   3,41620e+02   3,29396e+02
           102   1,02000e-02  -2,35687e+00   3,40621e+02   3,28400e+02
           103   1,03000e-02  -2,36073e+00   3,39625e+02   3,27404e+02
           104   1,04000e-02  -2,36434e+00   3,38630e+02   3,26408e+02
           105   1,05000e-02  -2,36818e+00   3,37632e+02   3,25412e+02
           106   1,06000e-02  -2,37123e+00   3,36640e+02   3,24416e+02
           107   1,07000e-02  -2,37407e+00   3,35646e+02   3,23420e+02
           108   1,08000e-02  -2,37658e+00   3,34650e+02   3,22424e+02
           109   1,09000e-02  -2,37905e+00   3,33655e+02   3,21428e+02
           110   1,10000e-02  -2,38151e+00   3,32659e+02   3,20431e+02
           111   1,11000e-02  -2,38363e+00   3,31664e+02   3,19435e+02
           112   1,12000e-02  -2,38525e+00   3,30667e+02   3,18439e+02
           113   1,13000e-02  -2,38702e+00   3,29671e+02   3,17443e+02
           114   1,14000e-02  -2,38842e+00   3,28674e+02   3,16447e+02
           115   1,15000e-02  -2,38993e+00   3,27678e+02   3,15451e+02
           116   1,16000e-02  -2,39136e+00   3,26685e+02   3,14455e+02
           117   1,17000e-02  -2,39291e+00   3,25691e+02   3,13459e+02
           118   1,18000e-02  -2,39454e+00   3,24695e+02   3,12463e+02
           119   1,19000e-02  -2,39620e+00   3,23697e+02   3,11467e+02
           120   1,20000e-02  -2,39777e+00   3,22704e+02   3,10471e+02
           121   1,21000e-02  -2,39928e+00   3,21707e+02   3,09475e+02
           122   1,22000e-02  -2,40065e+00   3,20710e+02   3,08479e+02
           123   1,23000e-02  -2,40183e+00   3,19720e+02   3,07482e+02
           124   1,24000e-02  -2,40314e+00   3,18720e+02   3,06486e+02
           125   1,25000e-02  -2,40448e+00   3,17724e+02   3,05490e+02
           126   1,26000e-02  -2,40567e+00   3,16727e+02   3,04494e+02
           127   1,27000e-02  -2,40673e+00   3,15733e+02   3,03498e+02
           128   1,28000e-02  -2,40793e+00   3,14735e+02   3,02502e+02
           129   1,29000e-02  -2,40917e+00   3,13743e+02   3,01506e+02
           130   1,30000e-02  -2,41075e+00   3,12746e+02   3,00510e+02
           131   1,31000e-02  -2,41249e+00   3,11749e+02   2,99514e+02
           132   1,32000e-02  -2,41409e+00   3,10754e+02   2,98518e+02
           133   1,33000e-02  -2,41556e+00   3,09758e+02   2,97522e+02
           134   1,34000e-02  -2,41731e+00   3,08762e+02   2,96526e+02
           135   1,35000e-02  -2,41925e+00   3,07767e+02   2,95530e+02
           136   1,36000e-02  -2,42143e+00   3,06772e+02   2,94533e+02
           137   1,37000e-02  -2,42362e+00   3,05775e+02   2,93537e+02
           138   1,38000e-02  -2,42548e+00   3,04778e+02   2,92541e+02
           139   1,39000e-02  -2,42701e+00   3,03784e+02   2,91545e+02
           140   1,40000e-02  -2,42814e+00   3,02788e+02   2,90549e+02
           141   1,41000e-02  -2,42880e+00   3,01795e+02   2,89553e+02
           142   1,42000e-02  -2,42880e+00   3,00798e+02   2,88557e+02
           143   1,43000e-02  -2,42854e+00   2,99802e+02   2,87561e+02
           144   1,44000e-02  -2,42830e+00   2,98807e+02   2,86565e+02
           145   1,45000e-02  -2,42768e+00   2,97812e+02   2,85569e+02
           146   1,46000e-02  -2,42740e+00   2,96816e+02   2,84573e+02
           147   1,47000e-02  -2,42728e+00   2,95819e+02   2,83577e+02
           148   1,48000e-02  -2,42760e+00   2,94827e+02   2,82580e+02
           149   1,49000e-02  -2,42862e+00   2,93829e+02   2,81584e+02
           150   1,50000e-02  -2,43050e+00   2,92832e+02   2,80588e+02
           151   1,51000e-02  -2,43294e+00   2,91838e+02   2,79592e+02
           152   1,52000e-02  -2,43646e+00   2,90844e+02   2,78596e+02
           153   1,53000e-02  -2,44051e+00   2,89849e+02   2,77600e+02
           154   1,54000e-02  -2,44574e+00   2,88852e+02   2,76604e+02
           155   1,55000e-02  -2,45196e+00   2,87862e+02   2,75608e+02
           156   1,56000e-02  -2,45912e+00   2,86863e+02   2,74612e+02
           157   1,57000e-02  -2,46696e+00   2,85868e+02   2,73616e+02
           158   1,58000e-02  -2,47574e+00   2,84875e+02   2,72620e+02
           159   1,59000e-02  -2,48526e+00   2,83879e+02   2,71624e+02
           160   1,60000e-02  -2,49509e+00   2,82887e+02   2,70628e+02
           161   1,61000e-02  -2,50537e+00   2,81889e+02   2,69632e+02
           162   1,62000e-02  -2,51539e+00   2,80896e+02   2,68635e+02
           163   1,63000e-02  -2,52524e+00   2,79901e+02   2,67639e+02
           164   1,64000e-02  -2,53489e+00   2,78907e+02   2,66643e+02
           165   1,65000e-02  -2,54405e+00   2,77913e+02   2,65647e+02
           166   1,66000e-02  -2,55285e+00   2,76920e+02   2,64651e+02
           167   1,67000e-02  -2,56143e+00   2,75923e+02   2,63655e+02
           168   1,68000e-02  -2,56943e+00   2,74926e+02   2,62659e+02
           169   1,69000e-02  -2,57673e+00   2,73936e+02   2,61663e+02
           170   1,70000e-02  -2,58287e+00   2,72937e+02   2,60667e+02
           171   1,71000e-02  -2,58797e+00   2,71944e+02   2,59671e+02
           172   1,72000e-02  -2,59152e+00   2,70950e+02   2,58675e+02
           173   1,73000e-02  -2,59373e+00   2,69956e+02   2,57679e+02
           174   1,74000e-02  -2,59543e+00   2,68961e+02   2,56682e+02
           175   1,75000e-02  -2,59628e+00   2,67966e+02   2,55686e+02
           176   1,76000e-02  -2,59670e+00   2,66971e+02   2,54690e+02
           177   1,77000e-02  -2,59686e+00   2,65975e+02   2,53694e+02
           178   1,78000e-02  -2,59640e+00   2,64983e+02   2,52698e+02
           179   1,79000e-02  -2,59599e+00   2,63988e+02   2,51702e+02
           180   1,80000e-02  -2,59533e+00   2,62993e+02   2,50706e+02
           181   1,81000e-02  -2,59485e+00   2,61997e+02   2,49710e+02
           182   1,82000e-02  -2,59399e+00   2,61003e+02   2,48714e+02
           183   1,83000e-02  -2,59335e+00   2,60010e+02   2,47718e+02
           184   1,84000e-02  -2,59294e+00   2,59012e+02   2,46722e+02
           185   1,85000e-02  -2,59239e+00   2,58020e+02   2,45726e+02
           186   1,86000e-02  -2,59173e+00   2,57026e+02   2,44730e+02
           187   1,87000e-02  -2,59051e+00   2,56030e+02   2,43733e+02
           188   1,88000e-02  -2,58928e+00   2,55034e+02   2,42737e+02
           189   1,89000e-02  -2,58785e+00   2,54040e+02   2,41741e+02
           190   1,90000e-02  -2,58589e+00   2,53045e+02   2,40745e+02
           191   1,91000e-02  -2,58338e+00   2,52052e+02   2,39749e+02
           192   1,92000e-02  -2,58027e+00   2,51056e+02   2,38753e+02
           193   1,93000e-02  -2,57665e+00   2,50061e+02   2,37757e+02
           194   1,94000e-02  -2,57240e+00   2,49067e+02   2,36761e+02
           195   1,95000e-02  -2,56794e+00   2,48073e+02   2,35765e+02
           196   1,96000e-02  -2,56281e+00   2,47075e+02   2,34769e+02
           197   1,97000e-02  -2,55744e+00   2,46082e+02   2,33773e+02
           198   1,98000e-02  -2,55188e+00   2,45091e+02   2,32777e+02
           199   1,99000e-02  -2,54609e+00   2,44094e+02   2,31781e+02
           200   2,00000e-02  -2,54035e+00   2,43103e+02   2,30784e+02
           201   2,01000e-02  -2,53477e+00   2,42108e+02   2,29788e+02
           202   2,02000e-02  -2,52895e+00   2,41113e+02   2,28792e+02
           203   2,03000e-02  -2,52314e+00   2,40118e+02   2,27796e+02
           204   2,04000e-02  -2,51746e+00   2,39124e+02   2,26800e+02
           205   2,05000e-02  -2,51231e+00   2,38130e+02   2,25804e+02
           206   2,06000e-02  -2,50737e+00   2,37134e+02   2,24808e+02
           207   2,07000e-02  -2,50248e+00   2,36142e+02   2,23812e+02
           208   2,08000e-02  -2,49756e+00   2,35148e+02   2,22816e+02
           209   2,09000e-02  -2,49250e+00   2,34155e+02   2,21820e+02
           210   2,10000e-02  -2,48724e+00   2,33159e+02   2,20824e+02
           211   2,11000e-02  -2,48163e+00   2,32167e+02   2,19828e+02
           212   2,12000e-02  -2,47586e+00   2,31176e+02   2,18832e+02
           213   2,13000e-02  -2,46980e+00   2,30181e+02   2,17835e+02
           214   2,14000e-02  -2,46321e+00   2,29186e+02   2,16839e+02
           215   2,15000e-02  -2,45670e+00   2,28197e+02   2,15843e+02
           216   2,16000e-02  -2,45039e+00   2,27203e+02   2,14847e+02
           217   2,17000e-02  -2,44377e+00   2,26212e+02   2,13851e+02
           218   2,18000e-02  -2,43771e+00   2,25221e+02   2,12855e+02
           219   2,19000e-02  -2,43217e+00   2,24226e+02   2,11859e+02
           220   2,20000e-02  -2,42663e+00   2,23234e+02   2,10863e+02
           221   2,21000e-02  -2,42134e+00   2,22241e+02   2,09867e+02
           222   2,22000e-02  -2,41596e+00   2,21249e+02   2,08871e+02
           223   2,23000e-02  -2,41056e+00   2,20258e+02   2,07875e+02
           224   2,24000e-02  -2,40602e+00   2,19263e+02   2,06879e+02
           225   2,25000e-02  -2,40200e+00   2,18276e+02   2,05883e+02
           226   2,26000e-02  -2,39799e+00   2,17284e+02   2,04886e+02
           227   2,27000e-02  -2,39408e+00   2,16293e+02   2,03890e+02
           228   2,28000e-02  -2,39001e+00   2,15306e+02   2,02894e+02
           229   2,29000e-02  -2,38547e+00   2,14321e+02   2,01898e+02
           230   2,30000e-02  -2,38039e+00   2,13337e+02   2,00902e+02
           231   2,31000e-02  -2,37493e+00   2,12355e+02   1,99906e+02
           232   2,32000e-02  -2,36869e+00   2,11378e+02   1,98910e+02
           233   2,33000e-02  -2,36192e+00   2,10401e+02   1,97914e+02
           234   2,34000e-02  -2,35496e+00   2,09427e+02   1,96918e+02
           235   2,35000e-02  -2,34731e+00   2,08461e+02   1,95922e+02
           236   2,36000e-02  -2,33925e+00   2,07490e+02   1,94926e+02
           237   2,37000e-02  -2,33136e+00   2,06527e+02   1,93930e+02
           238   2,38000e-02  -2,32357e+00   2,05567e+02   1,92934e+02
           239   2,39000e-02  -2,31568e+00   2,04607e+02   1,91937e+02
           240   2,40000e-02  -2,30799e+00   2,03657e+02   1,90941e+02
           241   2,41000e-02  -2,30001e+00   2,02703e+02   1,89945e+02
           242   2,42000e-02  -2,29197e+00   2,01754e+02   1,88949e+02
           243   2,43000e-02  -2,28390e+00   2,00806e+02   1,87953e+02
           244   2,44000e-02  -2,27565e+00   1,99869e+02   1,86957e+02
           245   2,45000e-02  -2,26737e+00   1,98928e+02   1,85961e+02
           246   2,46000e-02  -2,25922e+00   1,97994e+02   1,84965e+02
           247   2,47000e-02  -2,25093e+00   1,97063e+02   1,83969e+02
           248   2,48000e-02  -2,24280e+00   1,96134e+02   1,82973e+02
           249   2,49000e-02  -2,23454e+00   1,95211e+02   1,81977e+02
           250   2,50000e-02  -2,22634e+00   1,94289e+02   1,80981e+02
           251   2,51000e-02  -2,21828e+00   1,93373e+02   1,79984e+02
           252   2,52000e-02  -2,21027e+00   1,92459e+02   1,78988e+02
           253   2,53000e-02  -2,20224e+00   1,91546e+02   1,77992e+02
           254   2,54000e-02  -2,19358e+00   1,90639e+02   1,76996e+02
           255   2,55000e-02  -2,18428e+00   1,89732e+02   1,76000e+02
           256   2,56000e-02  -2,17474e+00   1,88831e+02   1,75004e+02
           257   2,57000e-02  -2,16473e+00   1,87937e+02   1,74008e+02
           258   2,58000e-02  -2,15426e+00   1,87039e+02   1,73012e+02
           259   2,59000e-02  -2,14347e+00   1,86147e+02   1,72016e+02
           260   2,60000e-02  -2,13268e+00   1,85260e+02   1,71020e+02
           261   2,61000e-02  -2,12195e+00   1,84373e+02   1,70024e+02
           262   2,62000e-02  -2,11145e+00   1,83493e+02   1,69028e+02
           263   2,63000e-02  -2,10074e+00   1,82612e+02   1,68032e+02
           264   2,64000e-02  -2,08983e+00   1,81732e+02   1,67035e+02
           265   2,65000e-02  -2,07897e+00   1,80864e+02   1,66039e+02
           266   2,66000e-02  -2,06832e+00   1,79990e+02   1,65043e+02
           267   2,67000e-02  -2,05795e+00   1,79126e+02   1,64047e+02
           268   2,68000e-02  -2,04793e+00   1,78265e+02   1,63051e+02
           269   2,69000e-02  -2,03832e+00   1,77400e+02   1,62055e+02
           270   2,70000e-02  -2,02894e+00   1,76545e+02   1,61059e+02
           271   2,71000e-02  -2,01965e+00   1,75688e+02   1,60063e+02
           272   2,72000e-02  -2,01055e+00   1,74838e+02   1,59067e+02
           273   2,73000e-02  -2,00150e+00   1,73990e+02   1,58071e+02
           274   2,74000e-02  -1,99220e+00   1,73144e+02   1,57075e+02
           275   2,75000e-02  -1,98257e+00   1,72304e+02   1,56079e+02
           276   2,76000e-02  -1,97317e+00   1,71464e+02   1,55083e+02
           277   2,77000e-02  -1,96348e+00   1,70624e+02   1,54086e+02
           278   2,78000e-02  -1,95365e+00   1,69792e+02   1,53090e+02
           279   2,79000e-02  -1,94394e+00   1,68962e+02   1,52094e+02
           280   2,80000e-02  -1,93397e+00   1,68133e+02   1,51098e+02
           281   2,81000e-02  -1,92420e+00   1,67309e+02   1,50102e+02
           282   2,82000e-02  -1,91443e+00   1,66489e+02   1,49106e+02
           283   2,83000e-02  -1,90490e+00   1,65666e+02   1,48110e+02
           284   2,84000e-02  -1,89524e+00   1,64853e+02   1,47114e+02
           285   2,85000e-02  -1,88546e+00   1,64037e+02   1,46118e+02
           286   2,86000e-02  -1,87577e+00   1,63227e+02   1,45122e+02
           287   2,87000e-02  -1,86625e+00   1,62420e+02   1,44126e+02
           288   2,88000e-02  -1,85701e+00   1,61611e+02   1,43130e+02
           289   2,89000e-02  -1,84782e+00   1,60811e+02   1,42134e+02
           290   2,90000e-02  -1,83858e+00   1,60011e+02   1,41137e+02
           291   2,91000e-02  -1,82898e+00   1,59213e+02   1,40141e+02
           292   2,92000e-02  -1,81932e+00   1,58418e+02   1,39145e+02
           293   2,93000e-02  -1,80952e+00   1,57627e+02   1,38149e+02
           294   2,94000e-02  -1,79961e+00   1,56836e+02   1,37153e+02
           295   2,95000e-02  -1,78945e+00   1,56051e+02   1,36157e+02
           296   2,96000e-02  -1,77932e+00   1,55268e+02   1,35161e+02
           297   2,97000e-02  -1,76949e+00   1,54484e+02   1,34165e+02
           298   2,98000e-02  -1,75992e+00   1,53706e+02   1,33169e+02
           299   2,99000e-02  -1,75097e+00   1,52931e+02   1,32173e+02
           300   3,00000e-02  -1,74217e+00   1,52157e+02   1,31177e+02
           301   3,01000e-02  -1,73368e+00   1,51393e+02   1,30181e+02
           302   3,02000e-02  -1,72536e+00   1,50618e+02   1,29185e+02
           303   3,03000e-02  -1,71756e+00   1,49853e+02   1,28188e+02
           304   3,04000e-02  -1,70968e+00   1,49090e+02   1,27192e+02
           305   3,05000e-02  -1,70179e+00   1,48330e+02   1,26196e+02
           306   3,06000e-02  -1,69377e+00   1,47573e+02   1,25200e+02
           307   3,07000e-02  -1,68582e+00   1,46820e+02   1,24204e+02
           308   3,08000e-02  -1,67779e+00   1,46066e+02   1,23208e+02
           309   3,09000e-02  -1,66971e+00   1,45315e+02   1,22212e+02
           310   3,10000e-02  -1,66169e+00   1,44564e+02   1,21216e+02
           311   3,11000e-02  -1,65363e+00   1,43824e+02   1,20220e+02
           312   3,12000e-02  -1,64579e+00   1,43080e+02   1,19224e+02
           313   3,13000e-02  -1,63793e+00   1,42338e+02   1,18228e+02
           314   3,14000e-02  -1,63001e+00   1,41601e+02   1,17232e+02
           315   3,15000e-02  -1,62210e+00   1,40862e+02   1,16235e+02
           316   3,16000e-02  -1,61426e+00   1,40133e+02   1,15239e+02
           317   3,17000e-02  -1,60653e+00   1,39402e+02   1,14243e+02
           318   3,18000e-02  -1,59870e+00   1,38671e+02   1,13247e+02
           319   3,19000e-02  -1,59082e+00   1,37946e+02   1,12251e+02
           320   3,20000e-02  -1,58312e+00   1,37225e+02   1,11255e+02
           321   3,21000e-02  -1,57550e+00   1,36504e+02   1,10259e+02
           322   3,22000e-02  -1,56810e+00   1,35784e+02   1,09263e+02
           323   3,23000e-02  -1,56086e+00   1,35070e+02   1,08267e+02
           324   3,24000e-02  -1,55356e+00   1,34355e+02   1,07271e+02
           325   3,25000e-02  -1,54617e+00   1,33643e+02   1,06275e+02
           326   3,26000e-02  -1,53887e+00   1,32932e+02   1,05279e+02
           327   3,27000e-02  -1,53169e+00   1,32224e+02   1,04283e+02
           328   3,28000e-02  -1,52449e+00   1,31520e+02   1,03286e+02
           329   3,29000e-02  -1,51728e+00   1,30817e+02   1,02290e+02
           330   3,30000e-02  -1,51007e+00   1,30119e+02   1,01294e+02
           331   3,31000e-02  -1,50278e+00   1,29421e+02   1,00298e+02
           332   3,32000e-02  -1,49574e+00   1,28726e+02   9,93022e+01
           333   3,33000e-02  -1,48869e+00   1,28029e+02   9,83061e+01
           334   3,34000e-02  -1,48163e+00   1,27343e+02   9,73100e+01
           335   3,35000e-02  -1,47471e+00   1,26650e+02   9,63139e+01
           336   3,36000e-02  -1,46775e+00   1,25968e+02   9,53179e+01
           337   3,37000e-02  -1,46114e+00   1,25285e+02   9,43218e+01
           338   3,38000e-02  -1,45459e+00   1,24598e+02   9,33257e+01
           339   3,39000e-02  -1,44798e+00   1,23918e+02   9,23296e+01
           340   3,40000e-02  -1,44143e+00   1,23244e+02   9,13336e+01
           341   3,41000e-02  -1,43485e+00   1,22565e+02   9,03375e+01
           342   3,42000e-02  -1,42815e+00   1,21889e+02   8,93414e+01
           343   3,43000e-02  -1,42165e+00   1,21220e+02   8,83453e+01
           344   3,44000e-02  -1,41523e+00   1,20553e+02   8,73493e+01
           345   3,45000e-02  -1,40891e+00   1,19886e+02   8,63532e+01
           346   3,46000e-02  -1,40259e+00   1,19220e+02   8,53571e+01
           347   3,47000e-02  -1,39621e+00   1,18558e+02   8,43610e+01
           348   3,48000e-02  -1,38967e+00   1,17899e+02   8,33649e+01
           349   3,49000e-02  -1,38307e+00   1,17237e+02   8,23689e+01
           350   3,50000e-02  -1,37661e+00   1,16582e+02   8,13728e+01
           351   3,51000e-02  -1,37012e+00   1,15931e+02   8,03767e+01
           352   3,52000e-02  -1,36379e+00   1,15277e+02   7,93806e+01
           353   3,53000e-02  -1,35766e+00   1,14630e+02   7,83846e+01
           354   3,54000e-02  -1,35153e+00   1,13980e+02   7,73885e+01
           355   3,55000e-02  -1,34537e+00   1,13335e+02   7,63924e+01
           356   3,56000e-02  -1,33930e+00   1,12689e+02   7,53963e+01
           357   3,57000e-02  -1,33349e+00   1,12049e+02   7,44002e+01
           358   3,58000e-02  -1,32771e+00   1,11409e+02   7,34042e+01
           359   3,59000e-02  -1,32193e+00   1,10771e+02   7,24081e+01
           360   3,60000e-02  -1,31609e+00   1,10133e+02   7,14120e+01
           361   3,61000e-02  -1,31017e+00   1,09501e+02   7,04159e+01
           362   3,62000e-02  -1,30430e+00   1,08870e+02   6,94199e+01
           363   3,63000e-02  -1,29834e+00   1,08235e+02   6,84238e+01
           364   3,64000e-02  -1,29234e+00   1,07611e+02   6,74277e+01
           365   3,65000e-02  -1,28619e+00   1,06985e+02   6,64316e+01
           366   3,66000e-02  -1,28002e+00   1,06363e+02   6,54356e+01
           367   3,67000e-02  -1,27398e+00   1,05739e+02   6,44395e+01
           368   3,68000e-02  -1,26801e+00   1,05118e+02   6,34434e+01
           369   3,69000e-02  -1,26224e+00   1,04503e+02   6,24473e+01
           370   3,70000e-02  -1,25656e+00   1,03884e+02   6,14512e+01
           371   3,71000e-02  -1,25103e+00   1,03271e+02   6,04552e+01
           372   3,72000e-02  -1,24550e+00   1,02656e+02   5,94591e+01
           373   3,73000e-02  -1,24022e+00   1,02049e+02   5,84630e+01
           374   3,74000e-02  -1,23507e+00   1,01443e+02   5,74669e+01
           375   3,75000e-02  -1,22996e+00   1,00836e+02   5,64708e+01
           376   3,76000e-02  -1,22484e+00   1,00228e+02   5,54748e+01
           377   3,77000e-02  -1,21971e+00   9,96282e+01   5,44787e+01
           378   3,78000e-02  -1,21471e+00   9,90263e+01   5,34826e+01
           379   3,79000e-02  -1,20950e+00   9,84282e+01   5,24865e+01
           380   3,80000e-02  -1,20431e+00   9,78323e+01   5,14905e+01
           381   3,81000e-02  -1,19898e+00   9,72374e+01   5,04944e+01
           382   3,82000e-02  -1,19371e+00   9,66448e+01   4,94983e+01
           383   3,83000e-02  -1,18836e+00   9,60531e+01   4,85022e+01
           384   3,84000e-02  -1,18311e+00   9,54651e+01   4,75061e+01
           385   3,85000e-02  -1,17790e+00   9,48766e+01   4,65101e+01
           386   3,86000e-02  -1,17257e+00   9,42905e+01   4,55140e+01
           387   3,87000e-02  -1,16740e+00   9,37053e+01   4,45179e+01
           388   3,88000e-02  -1,16218e+00   9,31238e+01   4,35218e+01
           389   3,89000e-02  -1,15707e+00   9,25418e+01   4,25257e+01
           390   3,90000e-02  -1,15192e+00   9,19651e+01   4,15297e+01
           391   3,91000e-02  -1,14702e+00   9,13864e+01   4,05336e+01
           392   3,92000e-02  -1,14224e+00   9,08129e+01   3,95375e+01
           393   3,93000e-02  -1,13756e+00   9,02432e+01   3,85414e+01
           394   3,94000e-02  -1,13273e+00   8,96659e+01   3,75453e+01
           395   3,95000e-02  -1,12787e+00   8,90967e+01   3,65493e+01
           396   3,96000e-02  -1,12294e+00   8,85327e+01   3,55532e+01
           397   3,97000e-02  -1,11799e+00   8,79639e+01   3,45571e+01
           398   3,98000e-02  -1,11296e+00   8,73961e+01   3,35610e+01
           399   3,99000e-02  -1,10784e+00   8,68364e+01   3,25650e+01
           400   4,00000e-02  -1,10281e+00   8,62733e+01   3,15689e+01
           401   4,01000e-02  -1,09772e+00   8,57170e+01   3,05728e+01
           402   4,02000e-02  -1,09286e+00   8,51573e+01   2,95767e+01
           403   4,03000e-02  -1,08817e+00   8,46043e+01   2,85806e+01
           404   4,04000e-02  -1,08356e+00   8,40480e+01   2,75846e+01
           405   4,05000e-02  -1,07907e+00   8,34955e+01   2,65885e+01
           406   4,06000e-02  -1,07452e+00   8,29454e+01   2,55924e+01
           407   4,07000e-02  -1,07001e+00   8,23948e+01   2,45963e+01
           408   4,08000e-02  -1,06559e+00   8,18453e+01   2,36003e+01
           409   4,09000e-02  -1,06118e+00   8,12996e+01   2,26042e+01
           410   4,10000e-02  -1,05678e+00   8,07534e+01   2,16081e+01
           411   4,11000e-02  -1,05238e+00   8,02155e+01   2,06120e+01
           412   4,12000e-02  -1,04809e+00   7,96684e+01   1,96159e+01
           413   4,13000e-02  -1,04384e+00   7,91338e+01   1,86199e+01
           414   4,14000e-02  -1,03964e+00   7,85974e+01   1,76238e+01
           415   4,15000e-02  -1,03542e+00   7,80635e+01   1,66277e+01
           416   4,16000e-02  -1,03112e+00   7,75290e+01   1,56316e+01
           417   4,17000e-02  -1,02697e+00   7,69971e+01   1,46356e+01
           418   4,18000e-02  -1,02281e+00   7,64618e+01   1,36395e+01
           419   4,19000e-02  -1,01865e+00   7,59333e+01   1,26434e+01
           420   4,20000e-02  -1,01447e+00   7,54058e+01   1,16473e+01
           421   4,21000e-02  -1,01051e+00   7,48764e+01   1,06513e+01
           422   4,22000e-02  -1,00672e+00   7,43568e+01   9,65518e+00
           423   4,23000e-02  -1,00276e+00   7,38324e+01   8,65909e+00
           424   4,24000e-02  -9,98945e-01   7,33133e+01   7,66303e+00
           425   4,25000e-02  -9,95220e-01   7,27924e+01   6,66693e+00
           426   4,26000e-02  -9,91332e-01   7,22740e+01   5,67088e+00
           427   4,27000e-02  -9,87241e-01   7,17580e+01   4,67478e+00
           428   4,28000e-02  -9,83264e-01   7,12431e+01   3,67872e+00
           429   4,29000e-02  -9,79276e-01   7,07292e+01   2,68263e+00
           430   4,30000e-02  -9,75135e-01   7,02164e+01   1,68657e+00
           431   4,31000e-02  -9,70947e-01   6,97046e+01   6,90477e-01
           432   4,32000e-02  -9,66787e-01   6,91938e+01  -3,05581e-01
           433   4,33000e-02  -9,62598e-01   6,86915e+01  -1,30168e+00
           434   4,34000e-02  -9,58399e-01   6,81843e+01  -2,29773e+00
           435   4,35000e-02  -9,54154e-01   6,76782e+01  -3,29383e+00
           436   4,36000e-02  -9,50048e-01   6,71790e+01  -4,28992e+00
           437   4,37000e-02  -9,46007e-01   6,66749e+01  -5,28598e+00
           438   4,38000e-02  -9,41973e-01   6,61794e+01  -6,28207e+00
           439   4,39000e-02  -9,37893e-01   6,56804e+01  -7,27813e+00
           440   4,40000e-02  -9,33665e-01   6,51795e+01  -8,27423e+00
           441   4,41000e-02  -9,29574e-01   6,46872e+01  -9,27028e+00
           442   4,42000e-02  -9,25725e-01   6,41929e+01  -1,02664e+01
           443   4,43000e-02  -9,21809e-01   6,36982e+01  -1,12624e+01
           444   4,44000e-02  -9,17936e-01   6,32075e+01  -1,22585e+01
           445   4,45000e-02  -9,14164e-01   6,27239e+01  -1,32546e+01
           446   4,46000e-02  -9,10463e-01   6,22295e+01  -1,42507e+01
           447   4,47000e-02  -9,06770e-01   6,17436e+01  -1,52468e+01
           448   4,48000e-02  -9,03148e-01   6,12587e+01  -1,62428e+01
           449   4,49000e-02  -8,99624e-01   6,07735e+01  -1,72389e+01
           450   4,50000e-02  -8,96079e-01   6,02968e+01  -1,82350e+01
           451   4,51000e-02  -8,92424e-01   5,98153e+01  -1,92311e+01
           452   4,52000e-02  -8,88785e-01   5,93363e+01  -2,02271e+01
           453   4,53000e-02  -8,85110e-01   5,88584e+01  -2,12232e+01
           454   4,54000e-02  -8,81404e-01   5,83817e+01  -2,22193e+01
           455   4,55000e-02  -8,77637e-01   5,79045e+01  -2,32154e+01
           456   4,56000e-02  -8,74019e-01   5,74345e+01  -2,42114e+01
           457   4,57000e-02  -8,70481e-01   5,69565e+01  -2,52075e+01
           458   4,58000e-02  -8,67038e-01   5,64902e+01  -2,62036e+01
           459   4,59000e-02  -8,63619e-01   5,60205e+01  -2,71997e+01
           460   4,60000e-02  -8,60217e-01   5,55473e+01  -2,81958e+01
           461   4,61000e-02  -8,56821e-01   5,50889e+01  -2,91918e+01
           462   4,62000e-02  -8,53370e-01   5,46195e+01  -3,01879e+01
           463   4,63000e-02  -8,49820e-01   5,41603e+01  -3,11840e+01
           464   4,64000e-02  -8,46384e-01   5,36962e+01  -3,21801e+01
           465   4,65000e-02  -8,43068e-01   5,32363e+01  -3,31761e+01
           466   4,66000e-02  -8,39740e-01   5,27759e+01  -3,41722e+01
           467   4,67000e-02  -8,36455e-01   5,23152e+01  -3,51683e+01
           468   4,68000e-02  -8,33159e-01   5,18602e+01  -3,61644e+01
           469   4,69000e-02  -8,29964e-01   5,14047e+01  -3,71605e+01
           470   4,70000e-02  -8,26776e-01   5,09535e+01  -3,81565e+01
           471   4,71000e-02  -8,23595e-01   5,04973e+01  -3,91526e+01
           472   4,72000e-02  -8,20505e-01   5,00484e+01  -4,01487e+01
           473   4,73000e-02  -8,17387e-01   4,96006e+01  -4,11448e+01
           474   4,74000e-02  -8,14136e-01   4,91479e+01  -4,21409e+01
           475   4,75000e-02  -8,10874e-01   4,87009e+01  -4,31369e+01
           476   4,76000e-02  -8,07586e-01   4,82566e+01  -4,41330e+01
           477   4,77000e-02  -8,04269e-01   4,78104e+01  -4,51291e+01
           478   4,78000e-02  -8,00906e-01   4,73669e+01  -4,61252e+01
           479   4,79000e-02  -7,97570e-01   4,69276e+01  -4,71213e+01
           480   4,80000e-02  -7,94256e-01   4,64849e+01  -4,81173e+01
           481   4,81000e-02  -7,91070e-01   4,60449e+01  -4,91134e+01
           482   4,82000e-02  -7,87888e-01   4,56061e+01  -5,01095e+01
           483   4,83000e-02  -7,84798e-01   4,51669e+01  -5,11056e+01
           484   4,84000e-02  -7,81782e-01   4,47335e+01  -5,21017e+01
           485   4,85000e-02  -7,78737e-01   4,42997e+01  -5,30977e+01
           486   4,86000e-02  -7,75765e-01   4,38656e+01  -5,40938e+01
           487   4,87000e-02  -7,72740e-01   4,34357e+01  -5,50899e+01
           488   4,88000e-02  -7,69671e-01   4,30040e+01  -5,60860e+01
           489   4,89000e-02  -7,66517e-01   4,25750e+01  -5,70820e+01
           490   4,90000e-02  -7,63368e-01   4,21487e+01  -5,80781e+01
           491   4,91000e-02  -7,60177e-01   4,17236e+01  -5,90742e+01
           492   4,92000e-02  -7,56992e-01   4,12982e+01  -6,00703e+01
           493   4,93000e-02  -7,53812e-01   4,08755e+01  -6,10664e+01
           494   4,94000e-02  -7,50656e-01   4,04494e+01  -6,20624e+01
           495   4,95000e-02  -7,47524e-01   4,00261e+01  -6,30585e+01
           496   4,96000e-02  -7,44579e-01   3,96070e+01  -6,40546e+01
           497   4,97000e-02  -7,41722e-01   3,91876e+01  -6,50507e+01
           498   4,98000e-02  -7,38821e-01   3,87663e+01  -6,60467e+01
           499   4,99000e-02  -7,35975e-01   3,83525e+01  -6,70428e+01
           500   5,00000e-02  -7,33084e-01   3,79398e+01  -6,80389e+01
           501   5,01000e-02  -7,30234e-01   3,75269e+01  -6,90350e+01
           502   5,02000e-02  -7,27550e-01   3,71089e+01  -7,00311e+01
           503   5,03000e-02  -7,25004e-01   3,67015e+01  -7,10271e+01
           504   5,04000e-02  -7,22443e-01   3,62891e+01  -7,20232e+01
           505   5,05000e-02  -7,19937e-01   3,58811e+01  -7,30193e+01
           506   5,06000e-02  -7,17370e-01   3,54727e+01  -7,40154e+01
           507   5,07000e-02  -7,14889e-01   3,50671e+01  -7,50114e+01
           508   5,08000e-02  -7,12444e-01   3,46565e+01  -7,60075e+01
           509   5,09000e-02  -7,09842e-01   3,42534e+01  -7,70036e+01
&ISTI23 90814 Jos_usf2_coolings_2000_4000_6000_8000_10000
