         Index             t     Heat Flow            Ts            Tr
           [#]           [s]          [mW]          [°C]          [°C]
             0   0,00000e+00  -3,37856e-02   4,29759e+02   4,30000e+02
             1   1,00000e-04  -3,60980e-02   4,29751e+02   4,29004e+02
             2   2,00000e-04  -3,68167e-02   4,29724e+02   4,28008e+02
             3   3,00000e-04  -3,48623e-02   4,29664e+02   4,27012e+02
             4   4,00000e-04  -3,11753e-02   4,29557e+02   4,26016e+02
             5   5,00000e-04  -2,73072e-02   4,29368e+02   4,25020e+02
             6   6,00000e-04  -2,36492e-02   4,29072e+02   4,24024e+02
             7   7,00000e-04  -1,98575e-02   4,28683e+02   4,23027e+02
             8   8,00000e-04  -1,51480e-02   4,28214e+02   4,22031e+02
             9   9,00000e-04  -8,53481e-03   4,27711e+02   4,21035e+02
            10   1,00000e-03   6,99287e-04   4,27185e+02   4,20039e+02
            11   1,10000e-03   1,28289e-02   4,26638e+02   4,19043e+02
            12   1,20000e-03   2,71788e-02   4,26055e+02   4,18047e+02
            13   1,30000e-03   4,27084e-02   4,25424e+02   4,17051e+02
            14   1,40000e-03   5,85855e-02   4,24742e+02   4,16055e+02
            15   1,50000e-03   7,46240e-02   4,24017e+02   4,15059e+02
            16   1,60000e-03   9,10684e-02   4,23269e+02   4,14063e+02
            17   1,70000e-03   1,07860e-01   4,22512e+02   4,13067e+02
            18   1,80000e-03   1,24054e-01   4,21740e+02   4,12071e+02
            19   1,90000e-03   1,37886e-01   4,20962e+02   4,11075e+02
            20   2,00000e-03   1,47660e-01   4,20156e+02   4,10078e+02
            21   2,10000e-03   1,52449e-01   4,19324e+02   4,09082e+02
            22   2,20000e-03   1,52402e-01   4,18473e+02   4,08086e+02
            23   2,30000e-03   1,48049e-01   4,17606e+02   4,07090e+02
            24   2,40000e-03   1,40168e-01   4,16731e+02   4,06094e+02
            25   2,50000e-03   1,29103e-01   4,15850e+02   4,05098e+02
            26   2,60000e-03   1,15297e-01   4,14965e+02   4,04102e+02
            27   2,70000e-03   1,00885e-01   4,14070e+02   4,03106e+02
            28   2,80000e-03   8,70297e-02   4,13162e+02   4,02110e+02
            29   2,90000e-03   7,30406e-02   4,12242e+02   4,01114e+02
            30   3,00000e-03   5,82288e-02   4,11315e+02   4,00118e+02
            31   3,10000e-03   4,17514e-02   4,10383e+02   3,99122e+02
            32   3,20000e-03   2,27002e-02   4,09452e+02   3,98126e+02
            33   3,30000e-03  -3,23495e-05   4,08513e+02   3,97129e+02
            34   3,40000e-03  -2,73861e-02   4,07573e+02   3,96133e+02
            35   3,50000e-03  -6,03461e-02   4,06625e+02   3,95137e+02
            36   3,60000e-03  -9,95694e-02   4,05672e+02   3,94141e+02
            37   3,70000e-03  -1,45412e-01   4,04716e+02   3,93145e+02
            38   3,80000e-03  -1,97669e-01   4,03756e+02   3,92149e+02
            39   3,90000e-03  -2,55865e-01   4,02793e+02   3,91153e+02
            40   4,00000e-03  -3,19132e-01   4,01831e+02   3,90157e+02
            41   4,10000e-03  -3,86346e-01   4,00869e+02   3,89161e+02
            42   4,20000e-03  -4,56300e-01   3,99895e+02   3,88165e+02
            43   4,30000e-03  -5,27451e-01   3,98926e+02   3,87169e+02
            44   4,40000e-03  -5,98145e-01   3,97955e+02   3,86173e+02
            45   4,50000e-03  -6,66816e-01   3,96978e+02   3,85177e+02
            46   4,60000e-03  -7,32088e-01   3,96001e+02   3,84180e+02
            47   4,70000e-03  -7,92825e-01   3,95027e+02   3,83184e+02
            48   4,80000e-03  -8,48239e-01   3,94048e+02   3,82188e+02
            49   4,90000e-03  -8,98425e-01   3,93068e+02   3,81192e+02
            50   5,00000e-03  -9,43388e-01   3,92086e+02   3,80196e+02
            51   5,10000e-03  -9,83626e-01   3,91104e+02   3,79200e+02
            52   5,20000e-03  -1,01980e+00   3,90120e+02   3,78204e+02
            53   5,30000e-03  -1,05261e+00   3,89137e+02   3,77208e+02
            54   5,40000e-03  -1,08295e+00   3,88154e+02   3,76212e+02
            55   5,50000e-03  -1,11156e+00   3,87167e+02   3,75216e+02
            56   5,60000e-03  -1,13946e+00   3,86181e+02   3,74220e+02
            57   5,70000e-03  -1,16715e+00   3,85192e+02   3,73224e+02
            58   5,80000e-03  -1,19558e+00   3,84208e+02   3,72227e+02
            59   5,90000e-03  -1,22480e+00   3,83219e+02   3,71231e+02
            60   6,00000e-03  -1,25540e+00   3,82232e+02   3,70235e+02
            61   6,10000e-03  -1,28736e+00   3,81241e+02   3,69239e+02
            62   6,20000e-03  -1,32026e+00   3,80250e+02   3,68243e+02
            63   6,30000e-03  -1,35425e+00   3,79264e+02   3,67247e+02
            64   6,40000e-03  -1,38898e+00   3,78274e+02   3,66251e+02
            65   6,50000e-03  -1,42399e+00   3,77282e+02   3,65255e+02
            66   6,60000e-03  -1,45877e+00   3,76293e+02   3,64259e+02
            67   6,70000e-03  -1,49271e+00   3,75301e+02   3,63263e+02
            68   6,80000e-03  -1,52537e+00   3,74312e+02   3,62267e+02
            69   6,90000e-03  -1,55669e+00   3,73319e+02   3,61271e+02
            70   7,00000e-03  -1,58610e+00   3,72327e+02   3,60275e+02
            71   7,10000e-03  -1,61349e+00   3,71336e+02   3,59278e+02
            72   7,20000e-03  -1,63850e+00   3,70345e+02   3,58282e+02
            73   7,30000e-03  -1,66124e+00   3,69351e+02   3,57286e+02
            74   7,40000e-03  -1,68164e+00   3,68357e+02   3,56290e+02
            75   7,50000e-03  -1,70026e+00   3,67364e+02   3,55294e+02
            76   7,60000e-03  -1,71749e+00   3,66374e+02   3,54298e+02
            77   7,70000e-03  -1,73350e+00   3,65381e+02   3,53302e+02
            78   7,80000e-03  -1,74845e+00   3,64388e+02   3,52306e+02
            79   7,90000e-03  -1,76262e+00   3,63390e+02   3,51310e+02
            80   8,00000e-03  -1,77637e+00   3,62398e+02   3,50314e+02
            81   8,10000e-03  -1,78984e+00   3,61406e+02   3,49318e+02
            82   8,20000e-03  -1,80352e+00   3,60414e+02   3,48322e+02
            83   8,30000e-03  -1,81767e+00   3,59418e+02   3,47326e+02
            84   8,40000e-03  -1,83158e+00   3,58422e+02   3,46329e+02
            85   8,50000e-03  -1,84549e+00   3,57429e+02   3,45333e+02
            86   8,60000e-03  -1,85966e+00   3,56433e+02   3,44337e+02
            87   8,70000e-03  -1,87379e+00   3,55440e+02   3,43341e+02
            88   8,80000e-03  -1,88805e+00   3,54445e+02   3,42345e+02
            89   8,90000e-03  -1,90219e+00   3,53452e+02   3,41349e+02
            90   9,00000e-03  -1,91626e+00   3,52456e+02   3,40353e+02
            91   9,10000e-03  -1,92958e+00   3,51461e+02   3,39357e+02
            92   9,20000e-03  -1,94255e+00   3,50467e+02   3,38361e+02
            93   9,30000e-03  -1,95473e+00   3,49470e+02   3,37365e+02
            94   9,40000e-03  -1,96615e+00   3,48478e+02   3,36369e+02
            95   9,50000e-03  -1,97715e+00   3,47485e+02   3,35373e+02
            96   9,60000e-03  -1,98781e+00   3,46489e+02   3,34377e+02
            97   9,70000e-03  -1,99785e+00   3,45494e+02   3,33380e+02
            98   9,80000e-03  -2,00721e+00   3,44497e+02   3,32384e+02
            99   9,90000e-03  -2,01581e+00   3,43499e+02   3,31388e+02
           100   1,00000e-02  -2,02376e+00   3,42507e+02   3,30392e+02
           101   1,01000e-02  -2,03168e+00   3,41510e+02   3,29396e+02
           102   1,02000e-02  -2,03912e+00   3,40515e+02   3,28400e+02
           103   1,03000e-02  -2,04632e+00   3,39521e+02   3,27404e+02
           104   1,04000e-02  -2,05302e+00   3,38522e+02   3,26408e+02
           105   1,05000e-02  -2,05953e+00   3,37530e+02   3,25412e+02
           106   1,06000e-02  -2,06570e+00   3,36534e+02   3,24416e+02
           107   1,07000e-02  -2,07191e+00   3,35538e+02   3,23420e+02
           108   1,08000e-02  -2,07836e+00   3,34543e+02   3,22424e+02
           109   1,09000e-02  -2,08515e+00   3,33547e+02   3,21428e+02
           110   1,10000e-02  -2,09220e+00   3,32551e+02   3,20431e+02
           111   1,11000e-02  -2,09947e+00   3,31556e+02   3,19435e+02
           112   1,12000e-02  -2,10672e+00   3,30558e+02   3,18439e+02
           113   1,13000e-02  -2,11463e+00   3,29563e+02   3,17443e+02
           114   1,14000e-02  -2,12278e+00   3,28569e+02   3,16447e+02
           115   1,15000e-02  -2,13092e+00   3,27573e+02   3,15451e+02
           116   1,16000e-02  -2,13899e+00   3,26580e+02   3,14455e+02
           117   1,17000e-02  -2,14710e+00   3,25581e+02   3,13459e+02
           118   1,18000e-02  -2,15522e+00   3,24587e+02   3,12463e+02
           119   1,19000e-02  -2,16337e+00   3,23593e+02   3,11467e+02
           120   1,20000e-02  -2,17160e+00   3,22598e+02   3,10471e+02
           121   1,21000e-02  -2,17984e+00   3,21598e+02   3,09475e+02
           122   1,22000e-02  -2,18861e+00   3,20603e+02   3,08479e+02
           123   1,23000e-02  -2,19789e+00   3,19610e+02   3,07482e+02
           124   1,24000e-02  -2,20777e+00   3,18617e+02   3,06486e+02
           125   1,25000e-02  -2,21853e+00   3,17621e+02   3,05490e+02
           126   1,26000e-02  -2,23048e+00   3,16624e+02   3,04494e+02
           127   1,27000e-02  -2,24398e+00   3,15629e+02   3,03498e+02
           128   1,28000e-02  -2,25885e+00   3,14636e+02   3,02502e+02
           129   1,29000e-02  -2,27476e+00   3,13638e+02   3,01506e+02
           130   1,30000e-02  -2,29135e+00   3,12643e+02   3,00510e+02
           131   1,31000e-02  -2,30826e+00   3,11650e+02   2,99514e+02
           132   1,32000e-02  -2,32470e+00   3,10650e+02   2,98518e+02
           133   1,33000e-02  -2,34078e+00   3,09659e+02   2,97522e+02
           134   1,34000e-02  -2,35590e+00   3,08666e+02   2,96526e+02
           135   1,35000e-02  -2,37063e+00   3,07670e+02   2,95530e+02
           136   1,36000e-02  -2,38481e+00   3,06671e+02   2,94533e+02
           137   1,37000e-02  -2,39802e+00   3,05678e+02   2,93537e+02
           138   1,38000e-02  -2,40974e+00   3,04682e+02   2,92541e+02
           139   1,39000e-02  -2,42018e+00   3,03688e+02   2,91545e+02
           140   1,40000e-02  -2,42909e+00   3,02690e+02   2,90549e+02
           141   1,41000e-02  -2,43643e+00   3,01693e+02   2,89553e+02
           142   1,42000e-02  -2,44229e+00   3,00701e+02   2,88557e+02
           143   1,43000e-02  -2,44711e+00   2,99702e+02   2,87561e+02
           144   1,44000e-02  -2,45132e+00   2,98709e+02   2,86565e+02
           145   1,45000e-02  -2,45486e+00   2,97714e+02   2,85569e+02
           146   1,46000e-02  -2,45789e+00   2,96717e+02   2,84573e+02
           147   1,47000e-02  -2,46059e+00   2,95722e+02   2,83577e+02
           148   1,48000e-02  -2,46361e+00   2,94723e+02   2,82580e+02
           149   1,49000e-02  -2,46687e+00   2,93729e+02   2,81584e+02
           150   1,50000e-02  -2,47031e+00   2,92733e+02   2,80588e+02
           151   1,51000e-02  -2,47394e+00   2,91737e+02   2,79592e+02
           152   1,52000e-02  -2,47731e+00   2,90739e+02   2,78596e+02
           153   1,53000e-02  -2,48040e+00   2,89743e+02   2,77600e+02
           154   1,54000e-02  -2,48300e+00   2,88749e+02   2,76604e+02
           155   1,55000e-02  -2,48517e+00   2,87753e+02   2,75608e+02
           156   1,56000e-02  -2,48669e+00   2,86754e+02   2,74612e+02
           157   1,57000e-02  -2,48807e+00   2,85759e+02   2,73616e+02
           158   1,58000e-02  -2,48857e+00   2,84768e+02   2,72620e+02
           159   1,59000e-02  -2,48830e+00   2,83769e+02   2,71624e+02
           160   1,60000e-02  -2,48753e+00   2,82773e+02   2,70628e+02
           161   1,61000e-02  -2,48645e+00   2,81779e+02   2,69632e+02
           162   1,62000e-02  -2,48462e+00   2,80780e+02   2,68635e+02
           163   1,63000e-02  -2,48204e+00   2,79785e+02   2,67639e+02
           164   1,64000e-02  -2,47862e+00   2,78789e+02   2,66643e+02
           165   1,65000e-02  -2,47424e+00   2,77793e+02   2,65647e+02
           166   1,66000e-02  -2,46928e+00   2,76796e+02   2,64651e+02
           167   1,67000e-02  -2,46403e+00   2,75802e+02   2,63655e+02
           168   1,68000e-02  -2,45813e+00   2,74808e+02   2,62659e+02
           169   1,69000e-02  -2,45214e+00   2,73808e+02   2,61663e+02
           170   1,70000e-02  -2,44616e+00   2,72811e+02   2,60667e+02
           171   1,71000e-02  -2,44011e+00   2,71817e+02   2,59671e+02
           172   1,72000e-02  -2,43410e+00   2,70820e+02   2,58675e+02
           173   1,73000e-02  -2,42806e+00   2,69826e+02   2,57679e+02
           174   1,74000e-02  -2,42236e+00   2,68830e+02   2,56682e+02
           175   1,75000e-02  -2,41680e+00   2,67832e+02   2,55686e+02
           176   1,76000e-02  -2,41141e+00   2,66835e+02   2,54690e+02
           177   1,77000e-02  -2,40562e+00   2,65840e+02   2,53694e+02
           178   1,78000e-02  -2,40002e+00   2,64845e+02   2,52698e+02
           179   1,79000e-02  -2,39437e+00   2,63848e+02   2,51702e+02
           180   1,80000e-02  -2,38824e+00   2,62852e+02   2,50706e+02
           181   1,81000e-02  -2,38207e+00   2,61855e+02   2,49710e+02
           182   1,82000e-02  -2,37590e+00   2,60862e+02   2,48714e+02
           183   1,83000e-02  -2,36964e+00   2,59866e+02   2,47718e+02
           184   1,84000e-02  -2,36329e+00   2,58870e+02   2,46722e+02
           185   1,85000e-02  -2,35653e+00   2,57875e+02   2,45726e+02
           186   1,86000e-02  -2,34941e+00   2,56880e+02   2,44730e+02
           187   1,87000e-02  -2,34201e+00   2,55882e+02   2,43733e+02
           188   1,88000e-02  -2,33451e+00   2,54889e+02   2,42737e+02
           189   1,89000e-02  -2,32697e+00   2,53891e+02   2,41741e+02
           190   1,90000e-02  -2,31958e+00   2,52892e+02   2,40745e+02
           191   1,91000e-02  -2,31229e+00   2,51899e+02   2,39749e+02
           192   1,92000e-02  -2,30521e+00   2,50907e+02   2,38753e+02
           193   1,93000e-02  -2,29824e+00   2,49911e+02   2,37757e+02
           194   1,94000e-02  -2,29135e+00   2,48913e+02   2,36761e+02
           195   1,95000e-02  -2,28514e+00   2,47921e+02   2,35765e+02
           196   1,96000e-02  -2,27907e+00   2,46922e+02   2,34769e+02
           197   1,97000e-02  -2,27313e+00   2,45927e+02   2,33773e+02
           198   1,98000e-02  -2,26696e+00   2,44933e+02   2,32777e+02
           199   1,99000e-02  -2,26068e+00   2,43936e+02   2,31781e+02
           200   2,00000e-02  -2,25396e+00   2,42940e+02   2,30784e+02
           201   2,01000e-02  -2,24705e+00   2,41943e+02   2,29788e+02
           202   2,02000e-02  -2,24000e+00   2,40953e+02   2,28792e+02
           203   2,03000e-02  -2,23314e+00   2,39954e+02   2,27796e+02
           204   2,04000e-02  -2,22633e+00   2,38961e+02   2,26800e+02
           205   2,05000e-02  -2,21959e+00   2,37965e+02   2,25804e+02
           206   2,06000e-02  -2,21258e+00   2,36969e+02   2,24808e+02
           207   2,07000e-02  -2,20569e+00   2,35976e+02   2,23812e+02
           208   2,08000e-02  -2,19886e+00   2,34983e+02   2,22816e+02
           209   2,09000e-02  -2,19230e+00   2,33990e+02   2,21820e+02
           210   2,10000e-02  -2,18630e+00   2,32992e+02   2,20824e+02
           211   2,11000e-02  -2,18043e+00   2,31999e+02   2,19828e+02
           212   2,12000e-02  -2,17461e+00   2,31004e+02   2,18832e+02
           213   2,13000e-02  -2,16907e+00   2,30010e+02   2,17835e+02
           214   2,14000e-02  -2,16359e+00   2,29016e+02   2,16839e+02
           215   2,15000e-02  -2,15838e+00   2,28023e+02   2,15843e+02
           216   2,16000e-02  -2,15383e+00   2,27029e+02   2,14847e+02
           217   2,17000e-02  -2,14961e+00   2,26035e+02   2,13851e+02
           218   2,18000e-02  -2,14561e+00   2,25042e+02   2,12855e+02
           219   2,19000e-02  -2,14143e+00   2,24047e+02   2,11859e+02
           220   2,20000e-02  -2,13691e+00   2,23057e+02   2,10863e+02
           221   2,21000e-02  -2,13185e+00   2,22061e+02   2,09867e+02
           222   2,22000e-02  -2,12657e+00   2,21066e+02   2,08871e+02
           223   2,23000e-02  -2,12116e+00   2,20073e+02   2,07875e+02
           224   2,24000e-02  -2,11589e+00   2,19082e+02   2,06879e+02
           225   2,25000e-02  -2,11047e+00   2,18085e+02   2,05883e+02
           226   2,26000e-02  -2,10528e+00   2,17093e+02   2,04886e+02
           227   2,27000e-02  -2,09987e+00   2,16103e+02   2,03890e+02
           228   2,28000e-02  -2,09466e+00   2,15112e+02   2,02894e+02
           229   2,29000e-02  -2,08977e+00   2,14117e+02   2,01898e+02
           230   2,30000e-02  -2,08530e+00   2,13122e+02   2,00902e+02
           231   2,31000e-02  -2,08098e+00   2,12131e+02   1,99906e+02
           232   2,32000e-02  -2,07658e+00   2,11135e+02   1,98910e+02
           233   2,33000e-02  -2,07260e+00   2,10147e+02   1,97914e+02
           234   2,34000e-02  -2,06881e+00   2,09154e+02   1,96918e+02
           235   2,35000e-02  -2,06524e+00   2,08167e+02   1,95922e+02
           236   2,36000e-02  -2,06163e+00   2,07171e+02   1,94926e+02
           237   2,37000e-02  -2,05810e+00   2,06182e+02   1,93930e+02
           238   2,38000e-02  -2,05458e+00   2,05197e+02   1,92934e+02
           239   2,39000e-02  -2,05142e+00   2,04214e+02   1,91937e+02
           240   2,40000e-02  -2,04834e+00   2,03230e+02   1,90941e+02
           241   2,41000e-02  -2,04554e+00   2,02248e+02   1,89945e+02
           242   2,42000e-02  -2,04274e+00   2,01268e+02   1,88949e+02
           243   2,43000e-02  -2,04027e+00   2,00294e+02   1,87953e+02
           244   2,44000e-02  -2,03814e+00   1,99326e+02   1,86957e+02
           245   2,45000e-02  -2,03606e+00   1,98357e+02   1,85961e+02
           246   2,46000e-02  -2,03386e+00   1,97389e+02   1,84965e+02
           247   2,47000e-02  -2,03167e+00   1,96426e+02   1,83969e+02
           248   2,48000e-02  -2,02961e+00   1,95465e+02   1,82973e+02
           249   2,49000e-02  -2,02730e+00   1,94512e+02   1,81977e+02
           250   2,50000e-02  -2,02487e+00   1,93559e+02   1,80981e+02
           251   2,51000e-02  -2,02209e+00   1,92612e+02   1,79984e+02
           252   2,52000e-02  -2,01918e+00   1,91671e+02   1,78988e+02
           253   2,53000e-02  -2,01569e+00   1,90731e+02   1,77992e+02
           254   2,54000e-02  -2,01175e+00   1,89793e+02   1,76996e+02
           255   2,55000e-02  -2,00751e+00   1,88861e+02   1,76000e+02
           256   2,56000e-02  -2,00269e+00   1,87929e+02   1,75004e+02
           257   2,57000e-02  -1,99731e+00   1,87005e+02   1,74008e+02
           258   2,58000e-02  -1,99155e+00   1,86083e+02   1,73012e+02
           259   2,59000e-02  -1,98558e+00   1,85165e+02   1,72016e+02
           260   2,60000e-02  -1,97956e+00   1,84248e+02   1,71020e+02
           261   2,61000e-02  -1,97335e+00   1,83336e+02   1,70024e+02
           262   2,62000e-02  -1,96712e+00   1,82429e+02   1,69028e+02
           263   2,63000e-02  -1,96106e+00   1,81526e+02   1,68032e+02
           264   2,64000e-02  -1,95499e+00   1,80625e+02   1,67035e+02
           265   2,65000e-02  -1,94877e+00   1,79727e+02   1,66039e+02
           266   2,66000e-02  -1,94265e+00   1,78833e+02   1,65043e+02
           267   2,67000e-02  -1,93652e+00   1,77948e+02   1,64047e+02
           268   2,68000e-02  -1,93000e+00   1,77059e+02   1,63051e+02
           269   2,69000e-02  -1,92305e+00   1,76174e+02   1,62055e+02
           270   2,70000e-02  -1,91594e+00   1,75295e+02   1,61059e+02
           271   2,71000e-02  -1,90890e+00   1,74416e+02   1,60063e+02
           272   2,72000e-02  -1,90167e+00   1,73543e+02   1,59067e+02
           273   2,73000e-02  -1,89455e+00   1,72676e+02   1,58071e+02
           274   2,74000e-02  -1,88737e+00   1,71810e+02   1,57075e+02
           275   2,75000e-02  -1,87976e+00   1,70946e+02   1,56079e+02
           276   2,76000e-02  -1,87197e+00   1,70087e+02   1,55083e+02
           277   2,77000e-02  -1,86408e+00   1,69230e+02   1,54086e+02
           278   2,78000e-02  -1,85611e+00   1,68378e+02   1,53090e+02
           279   2,79000e-02  -1,84771e+00   1,67527e+02   1,52094e+02
           280   2,80000e-02  -1,83936e+00   1,66686e+02   1,51098e+02
           281   2,81000e-02  -1,83092e+00   1,65835e+02   1,50102e+02
           282   2,82000e-02  -1,82257e+00   1,64993e+02   1,49106e+02
           283   2,83000e-02  -1,81447e+00   1,64159e+02   1,48110e+02
           284   2,84000e-02  -1,80646e+00   1,63324e+02   1,47114e+02
           285   2,85000e-02  -1,79849e+00   1,62495e+02   1,46118e+02
           286   2,86000e-02  -1,79051e+00   1,61665e+02   1,45122e+02
           287   2,87000e-02  -1,78241e+00   1,60842e+02   1,44126e+02
           288   2,88000e-02  -1,77422e+00   1,60020e+02   1,43130e+02
           289   2,89000e-02  -1,76612e+00   1,59199e+02   1,42134e+02
           290   2,90000e-02  -1,75799e+00   1,58386e+02   1,41137e+02
           291   2,91000e-02  -1,74976e+00   1,57574e+02   1,40141e+02
           292   2,92000e-02  -1,74160e+00   1,56758e+02   1,39145e+02
           293   2,93000e-02  -1,73356e+00   1,55955e+02   1,38149e+02
           294   2,94000e-02  -1,72550e+00   1,55148e+02   1,37153e+02
           295   2,95000e-02  -1,71742e+00   1,54349e+02   1,36157e+02
           296   2,96000e-02  -1,70919e+00   1,53548e+02   1,35161e+02
           297   2,97000e-02  -1,70079e+00   1,52754e+02   1,34165e+02
           298   2,98000e-02  -1,69192e+00   1,51961e+02   1,33169e+02
           299   2,99000e-02  -1,68314e+00   1,51171e+02   1,32173e+02
           300   3,00000e-02  -1,67448e+00   1,50386e+02   1,31177e+02
           301   3,01000e-02  -1,66583e+00   1,49601e+02   1,30181e+02
           302   3,02000e-02  -1,65751e+00   1,48819e+02   1,29185e+02
           303   3,03000e-02  -1,64944e+00   1,48039e+02   1,28188e+02
           304   3,04000e-02  -1,64141e+00   1,47263e+02   1,27192e+02
           305   3,05000e-02  -1,63377e+00   1,46491e+02   1,26196e+02
           306   3,06000e-02  -1,62596e+00   1,45720e+02   1,25200e+02
           307   3,07000e-02  -1,61834e+00   1,44953e+02   1,24204e+02
           308   3,08000e-02  -1,61068e+00   1,44186e+02   1,23208e+02
           309   3,09000e-02  -1,60282e+00   1,43427e+02   1,22212e+02
           310   3,10000e-02  -1,59488e+00   1,42666e+02   1,21216e+02
           311   3,11000e-02  -1,58689e+00   1,41905e+02   1,20220e+02
           312   3,12000e-02  -1,57886e+00   1,41155e+02   1,19224e+02
           313   3,13000e-02  -1,57078e+00   1,40404e+02   1,18228e+02
           314   3,14000e-02  -1,56248e+00   1,39652e+02   1,17232e+02
           315   3,15000e-02  -1,55408e+00   1,38907e+02   1,16235e+02
           316   3,16000e-02  -1,54544e+00   1,38162e+02   1,15239e+02
           317   3,17000e-02  -1,53682e+00   1,37421e+02   1,14243e+02
           318   3,18000e-02  -1,52829e+00   1,36680e+02   1,13247e+02
           319   3,19000e-02  -1,52008e+00   1,35949e+02   1,12251e+02
           320   3,20000e-02  -1,51203e+00   1,35211e+02   1,11255e+02
           321   3,21000e-02  -1,50426e+00   1,34484e+02   1,10259e+02
           322   3,22000e-02  -1,49665e+00   1,33756e+02   1,09263e+02
           323   3,23000e-02  -1,48916e+00   1,33028e+02   1,08267e+02
           324   3,24000e-02  -1,48168e+00   1,32302e+02   1,07271e+02
           325   3,25000e-02  -1,47445e+00   1,31583e+02   1,06275e+02
           326   3,26000e-02  -1,46734e+00   1,30862e+02   1,05279e+02
           327   3,27000e-02  -1,46009e+00   1,30149e+02   1,04283e+02
           328   3,28000e-02  -1,45293e+00   1,29434e+02   1,03286e+02
           329   3,29000e-02  -1,44572e+00   1,28722e+02   1,02290e+02
           330   3,30000e-02  -1,43846e+00   1,28012e+02   1,01294e+02
           331   3,31000e-02  -1,43103e+00   1,27304e+02   1,00298e+02
           332   3,32000e-02  -1,42355e+00   1,26599e+02   9,93022e+01
           333   3,33000e-02  -1,41605e+00   1,25902e+02   9,83061e+01
           334   3,34000e-02  -1,40856e+00   1,25195e+02   9,73100e+01
           335   3,35000e-02  -1,40103e+00   1,24501e+02   9,63139e+01
           336   3,36000e-02  -1,39346e+00   1,23807e+02   9,53179e+01
           337   3,37000e-02  -1,38585e+00   1,23118e+02   9,43218e+01
           338   3,38000e-02  -1,37837e+00   1,22423e+02   9,33257e+01
           339   3,39000e-02  -1,37086e+00   1,21737e+02   9,23296e+01
           340   3,40000e-02  -1,36351e+00   1,21053e+02   9,13336e+01
           341   3,41000e-02  -1,35617e+00   1,20368e+02   9,03375e+01
           342   3,42000e-02  -1,34898e+00   1,19687e+02   8,93414e+01
           343   3,43000e-02  -1,34194e+00   1,19009e+02   8,83453e+01
           344   3,44000e-02  -1,33504e+00   1,18331e+02   8,73493e+01
           345   3,45000e-02  -1,32849e+00   1,17660e+02   8,63532e+01
           346   3,46000e-02  -1,32200e+00   1,16988e+02   8,53571e+01
           347   3,47000e-02  -1,31573e+00   1,16315e+02   8,43610e+01
           348   3,48000e-02  -1,30966e+00   1,15652e+02   8,33649e+01
           349   3,49000e-02  -1,30363e+00   1,14984e+02   8,23689e+01
           350   3,50000e-02  -1,29765e+00   1,14323e+02   8,13728e+01
           351   3,51000e-02  -1,29154e+00   1,13658e+02   8,03767e+01
           352   3,52000e-02  -1,28549e+00   1,13003e+02   7,93806e+01
           353   3,53000e-02  -1,27923e+00   1,12346e+02   7,83846e+01
           354   3,54000e-02  -1,27280e+00   1,11691e+02   7,73885e+01
           355   3,55000e-02  -1,26625e+00   1,11043e+02   7,63924e+01
           356   3,56000e-02  -1,25975e+00   1,10387e+02   7,53963e+01
           357   3,57000e-02  -1,25325e+00   1,09742e+02   7,44002e+01
           358   3,58000e-02  -1,24685e+00   1,09096e+02   7,34042e+01
           359   3,59000e-02  -1,24029e+00   1,08452e+02   7,24081e+01
           360   3,60000e-02  -1,23356e+00   1,07808e+02   7,14120e+01
           361   3,61000e-02  -1,22685e+00   1,07175e+02   7,04159e+01
           362   3,62000e-02  -1,22006e+00   1,06538e+02   6,94199e+01
           363   3,63000e-02  -1,21349e+00   1,05902e+02   6,84238e+01
           364   3,64000e-02  -1,20720e+00   1,05268e+02   6,74277e+01
           365   3,65000e-02  -1,20092e+00   1,04638e+02   6,64316e+01
           366   3,66000e-02  -1,19492e+00   1,04009e+02   6,54356e+01
           367   3,67000e-02  -1,18914e+00   1,03377e+02   6,44395e+01
           368   3,68000e-02  -1,18348e+00   1,02758e+02   6,34434e+01
           369   3,69000e-02  -1,17798e+00   1,02137e+02   6,24473e+01
           370   3,70000e-02  -1,17271e+00   1,01510e+02   6,14512e+01
           371   3,71000e-02  -1,16752e+00   1,00900e+02   6,04552e+01
           372   3,72000e-02  -1,16232e+00   1,00280e+02   5,94591e+01
           373   3,73000e-02  -1,15713e+00   9,96670e+01   5,84630e+01
           374   3,74000e-02  -1,15175e+00   9,90531e+01   5,74669e+01
           375   3,75000e-02  -1,14634e+00   9,84444e+01   5,64708e+01
           376   3,76000e-02  -1,14086e+00   9,78336e+01   5,54748e+01
           377   3,77000e-02  -1,13539e+00   9,72266e+01   5,44787e+01
           378   3,78000e-02  -1,12965e+00   9,66262e+01   5,34826e+01
           379   3,79000e-02  -1,12399e+00   9,60181e+01   5,24865e+01
           380   3,80000e-02  -1,11826e+00   9,54180e+01   5,14905e+01
           381   3,81000e-02  -1,11260e+00   9,48217e+01   5,04944e+01
           382   3,82000e-02  -1,10697e+00   9,42220e+01   4,94983e+01
           383   3,83000e-02  -1,10142e+00   9,36318e+01   4,85022e+01
           384   3,84000e-02  -1,09585e+00   9,30353e+01   4,75061e+01
           385   3,85000e-02  -1,09028e+00   9,24426e+01   4,65101e+01
           386   3,86000e-02  -1,08466e+00   9,18536e+01   4,55140e+01
           387   3,87000e-02  -1,07912e+00   9,12670e+01   4,45179e+01
           388   3,88000e-02  -1,07379e+00   9,06814e+01   4,35218e+01
           389   3,89000e-02  -1,06859e+00   9,01009e+01   4,25257e+01
           390   3,90000e-02  -1,06343e+00   8,95171e+01   4,15297e+01
           391   3,91000e-02  -1,05835e+00   8,89428e+01   4,05336e+01
           392   3,92000e-02  -1,05344e+00   8,83594e+01   3,95375e+01
           393   3,93000e-02  -1,04873e+00   8,77884e+01   3,85414e+01
           394   3,94000e-02  -1,04400e+00   8,72126e+01   3,75453e+01
           395   3,95000e-02  -1,03939e+00   8,66377e+01   3,65493e+01
           396   3,96000e-02  -1,03474e+00   8,60652e+01   3,55532e+01
           397   3,97000e-02  -1,02996e+00   8,54995e+01   3,45571e+01
           398   3,98000e-02  -1,02517e+00   8,49332e+01   3,35610e+01
           399   3,99000e-02  -1,02027e+00   8,43665e+01   3,25650e+01
           400   4,00000e-02  -1,01538e+00   8,38021e+01   3,15689e+01
           401   4,01000e-02  -1,01036e+00   8,32430e+01   3,05728e+01
           402   4,02000e-02  -1,00542e+00   8,26850e+01   2,95767e+01
           403   4,03000e-02  -1,00058e+00   8,21235e+01   2,85806e+01
           404   4,04000e-02  -9,95741e-01   8,15702e+01   2,75846e+01
           405   4,05000e-02  -9,91053e-01   8,10179e+01   2,65885e+01
           406   4,06000e-02  -9,86517e-01   8,04637e+01   2,55924e+01
           407   4,07000e-02  -9,82010e-01   7,99134e+01   2,45963e+01
           408   4,08000e-02  -9,77579e-01   7,93640e+01   2,36003e+01
           409   4,09000e-02  -9,73178e-01   7,88171e+01   2,26042e+01
           410   4,10000e-02  -9,68655e-01   7,82755e+01   2,16081e+01
           411   4,11000e-02  -9,64039e-01   7,77291e+01   2,06120e+01
           412   4,12000e-02  -9,59556e-01   7,71910e+01   1,96159e+01
           413   4,13000e-02  -9,55074e-01   7,66480e+01   1,86199e+01
           414   4,14000e-02  -9,50630e-01   7,61118e+01   1,76238e+01
           415   4,15000e-02  -9,46197e-01   7,55723e+01   1,66277e+01
           416   4,16000e-02  -9,41662e-01   7,50382e+01   1,56316e+01
           417   4,17000e-02  -9,37342e-01   7,45021e+01   1,46356e+01
           418   4,18000e-02  -9,33050e-01   7,39715e+01   1,36395e+01
           419   4,19000e-02  -9,28805e-01   7,34418e+01   1,26434e+01
           420   4,20000e-02  -9,24523e-01   7,29117e+01   1,16473e+01
           421   4,21000e-02  -9,20270e-01   7,23870e+01   1,06513e+01
           422   4,22000e-02  -9,15999e-01   7,18604e+01   9,65518e+00
           423   4,23000e-02  -9,11629e-01   7,13393e+01   8,65909e+00
           424   4,24000e-02  -9,07286e-01   7,08206e+01   7,66303e+00
           425   4,25000e-02  -9,02918e-01   7,02986e+01   6,66693e+00
           426   4,26000e-02  -8,98579e-01   6,97805e+01   5,67088e+00
           427   4,27000e-02  -8,94231e-01   6,92620e+01   4,67478e+00
           428   4,28000e-02  -8,89876e-01   6,87474e+01   3,67872e+00
           429   4,29000e-02  -8,85533e-01   6,82369e+01   2,68263e+00
           430   4,30000e-02  -8,81252e-01   6,77260e+01   1,68657e+00
           431   4,31000e-02  -8,77090e-01   6,72086e+01   6,90477e-01
           432   4,32000e-02  -8,72919e-01   6,67057e+01  -3,05581e-01
           433   4,33000e-02  -8,68795e-01   6,61979e+01  -1,30168e+00
           434   4,34000e-02  -8,64769e-01   6,56926e+01  -2,29773e+00
           435   4,35000e-02  -8,60840e-01   6,51913e+01  -3,29383e+00
           436   4,36000e-02  -8,56991e-01   6,46867e+01  -4,28992e+00
           437   4,37000e-02  -8,53168e-01   6,41861e+01  -5,28598e+00
           438   4,38000e-02  -8,49372e-01   6,36865e+01  -6,28207e+00
           439   4,39000e-02  -8,45459e-01   6,31880e+01  -7,27813e+00
           440   4,40000e-02  -8,41602e-01   6,26921e+01  -8,27423e+00
           441   4,41000e-02  -8,37612e-01   6,21972e+01  -9,27028e+00
           442   4,42000e-02  -8,33737e-01   6,17049e+01  -1,02664e+01
           443   4,43000e-02  -8,29818e-01   6,12137e+01  -1,12624e+01
           444   4,44000e-02  -8,25935e-01   6,07221e+01  -1,22585e+01
           445   4,45000e-02  -8,21887e-01   6,02330e+01  -1,32546e+01
           446   4,46000e-02  -8,18126e-01   5,97557e+01  -1,42507e+01
           447   4,47000e-02  -8,14372e-01   5,92673e+01  -1,52468e+01
           448   4,48000e-02  -8,10612e-01   5,87785e+01  -1,62428e+01
           449   4,49000e-02  -8,06996e-01   5,82968e+01  -1,72389e+01
           450   4,50000e-02  -8,03508e-01   5,78162e+01  -1,82350e+01
           451   4,51000e-02  -8,00114e-01   5,73382e+01  -1,92311e+01
           452   4,52000e-02  -7,96751e-01   5,68599e+01  -2,02271e+01
           453   4,53000e-02  -7,93516e-01   5,63856e+01  -2,12232e+01
           454   4,54000e-02  -7,90184e-01   5,59064e+01  -2,22193e+01
           455   4,55000e-02  -7,86980e-01   5,54375e+01  -2,32154e+01
           456   4,56000e-02  -7,83712e-01   5,49665e+01  -2,42114e+01
           457   4,57000e-02  -7,80400e-01   5,44952e+01  -2,52075e+01
           458   4,58000e-02  -7,77038e-01   5,40250e+01  -2,62036e+01
           459   4,59000e-02  -7,73540e-01   5,35590e+01  -2,71997e+01
           460   4,60000e-02  -7,69949e-01   5,30941e+01  -2,81958e+01
           461   4,61000e-02  -7,66459e-01   5,26319e+01  -2,91918e+01
           462   4,62000e-02  -7,62926e-01   5,21677e+01  -3,01879e+01
           463   4,63000e-02  -7,59451e-01   5,17047e+01  -3,11840e+01
           464   4,64000e-02  -7,56001e-01   5,12428e+01  -3,21801e+01
           465   4,65000e-02  -7,52508e-01   5,07835e+01  -3,31761e+01
           466   4,66000e-02  -7,49115e-01   5,03269e+01  -3,41722e+01
           467   4,67000e-02  -7,45778e-01   4,98715e+01  -3,51683e+01
           468   4,68000e-02  -7,42531e-01   4,94172e+01  -3,61644e+01
           469   4,69000e-02  -7,39407e-01   4,89641e+01  -3,71605e+01
           470   4,70000e-02  -7,36279e-01   4,85137e+01  -3,81565e+01
           471   4,71000e-02  -7,33094e-01   4,80613e+01  -3,91526e+01
           472   4,72000e-02  -7,29917e-01   4,76163e+01  -4,01487e+01
           473   4,73000e-02  -7,26762e-01   4,71662e+01  -4,11448e+01
           474   4,74000e-02  -7,23572e-01   4,67266e+01  -4,21409e+01
           475   4,75000e-02  -7,20388e-01   4,62773e+01  -4,31369e+01
           476   4,76000e-02  -7,17465e-01   4,58354e+01  -4,41330e+01
           477   4,77000e-02  -7,14384e-01   4,53947e+01  -4,51291e+01
           478   4,78000e-02  -7,11165e-01   4,49504e+01  -4,61252e+01
           479   4,79000e-02  -7,08148e-01   4,45120e+01  -4,71213e+01
           480   4,80000e-02  -7,05023e-01   4,40764e+01  -4,81173e+01
           481   4,81000e-02  -7,01841e-01   4,36372e+01  -4,91134e+01
           482   4,82000e-02  -6,98730e-01   4,32008e+01  -5,01095e+01
           483   4,83000e-02  -6,95594e-01   4,27702e+01  -5,11056e+01
           484   4,84000e-02  -6,92394e-01   4,23331e+01  -5,21017e+01
           485   4,85000e-02  -6,89218e-01   4,19080e+01  -5,30977e+01
           486   4,86000e-02  -6,86087e-01   4,14779e+01  -5,40938e+01
           487   4,87000e-02  -6,83043e-01   4,10475e+01  -5,50899e+01
           488   4,88000e-02  -6,80084e-01   4,06229e+01  -5,60860e+01
           489   4,89000e-02  -6,77180e-01   4,01917e+01  -5,70820e+01
           490   4,90000e-02  -6,74309e-01   3,97743e+01  -5,80781e+01
           491   4,91000e-02  -6,71463e-01   3,93470e+01  -5,90742e+01
           492   4,92000e-02  -6,68701e-01   3,89257e+01  -6,00703e+01
           493   4,93000e-02  -6,65928e-01   3,85056e+01  -6,10664e+01
           494   4,94000e-02  -6,63100e-01   3,80852e+01  -6,20624e+01
           495   4,95000e-02  -6,60292e-01   3,76691e+01  -6,30585e+01
           496   4,96000e-02  -6,57475e-01   3,72542e+01  -6,40546e+01
           497   4,97000e-02  -6,54696e-01   3,68343e+01  -6,50507e+01
           498   4,98000e-02  -6,51874e-01   3,64266e+01  -6,60467e+01
           499   4,99000e-02  -6,49061e-01   3,60107e+01  -6,70428e+01
           500   5,00000e-02  -6,46236e-01   3,56008e+01  -6,80389e+01
           501   5,01000e-02  -6,43372e-01   3,51842e+01  -6,90350e+01
           502   5,02000e-02  -6,40684e-01   3,47767e+01  -7,00311e+01
           503   5,03000e-02  -6,37770e-01   3,43720e+01  -7,10271e+01
           504   5,04000e-02  -6,34956e-01   3,39671e+01  -7,20232e+01
           505   5,05000e-02  -6,32208e-01   3,35617e+01  -7,30193e+01
           506   5,06000e-02  -6,29482e-01   3,31561e+01  -7,40154e+01
           507   5,07000e-02  -6,26927e-01   3,27532e+01  -7,50114e+01
           508   5,08000e-02  -6,24453e-01   3,23565e+01  -7,60075e+01
           509   5,09000e-02  -6,22074e-01   3,19514e+01  -7,70036e+01
&ISTI23 90819 Jos_usf2_coolings_2000_4000_6000_8000_10000
