         Index             t     Heat Flow            Ts            Tr
           [#]           [s]          [mW]          [°C]          [°C]
             0   0,00000e+00  -3,11030e-02   4,29777e+02   4,30000e+02
             1   1,00000e-04  -3,35062e-02   4,29775e+02   4,29600e+02
             2   2,00000e-04  -3,52003e-02   4,29766e+02   4,29200e+02
             3   3,00000e-04  -3,58490e-02   4,29743e+02   4,28800e+02
             4   4,00000e-04  -3,56727e-02   4,29701e+02   4,28400e+02
             5   5,00000e-04  -3,51517e-02   4,29623e+02   4,28000e+02
             6   6,00000e-04  -3,46266e-02   4,29501e+02   4,27600e+02
             7   7,00000e-04  -3,38819e-02   4,29340e+02   4,27200e+02
             8   8,00000e-04  -3,23889e-02   4,29155e+02   4,26800e+02
             9   9,00000e-04  -2,98732e-02   4,28956e+02   4,26400e+02
            10   1,00000e-03  -2,66157e-02   4,28749e+02   4,26000e+02
            11   1,10000e-03  -2,31809e-02   4,28530e+02   4,25600e+02
            12   1,20000e-03  -1,97974e-02   4,28294e+02   4,25200e+02
            13   1,30000e-03  -1,66475e-02   4,28038e+02   4,24800e+02
            14   1,40000e-03  -1,36901e-02   4,27762e+02   4,24400e+02
            15   1,50000e-03  -1,07954e-02   4,27469e+02   4,24000e+02
            16   1,60000e-03  -7,85086e-03   4,27169e+02   4,23600e+02
            17   1,70000e-03  -4,84053e-03   4,26867e+02   4,23200e+02
            18   1,80000e-03  -1,97253e-03   4,26564e+02   4,22800e+02
            19   1,90000e-03   4,69957e-04   4,26250e+02   4,22400e+02
            20   2,00000e-03   2,33006e-03   4,25924e+02   4,22000e+02
            21   2,10000e-03   3,51461e-03   4,25589e+02   4,21600e+02
            22   2,20000e-03   4,11931e-03   4,25244e+02   4,21200e+02
            23   2,30000e-03   4,31991e-03   4,24898e+02   4,20800e+02
            24   2,40000e-03   4,08200e-03   4,24548e+02   4,20400e+02
            25   2,50000e-03   3,46438e-03   4,24198e+02   4,20000e+02
            26   2,60000e-03   2,29514e-03   4,23846e+02   4,19600e+02
            27   2,70000e-03   5,09047e-04   4,23487e+02   4,19200e+02
            28   2,80000e-03  -1,95230e-03   4,23120e+02   4,18800e+02
            29   2,90000e-03  -5,11741e-03   4,22749e+02   4,18400e+02
            30   3,00000e-03  -9,08152e-03   4,22377e+02   4,18000e+02
            31   3,10000e-03  -1,39330e-02   4,22005e+02   4,17600e+02
            32   3,20000e-03  -1,98887e-02   4,21636e+02   4,17200e+02
            33   3,30000e-03  -2,71097e-02   4,21260e+02   4,16800e+02
            34   3,40000e-03  -3,58993e-02   4,20882e+02   4,16400e+02
            35   3,50000e-03  -4,63662e-02   4,20502e+02   4,16000e+02
            36   3,60000e-03  -5,85826e-02   4,20120e+02   4,15600e+02
            37   3,70000e-03  -7,25409e-02   4,19734e+02   4,15200e+02
            38   3,80000e-03  -8,83201e-02   4,19349e+02   4,14800e+02
            39   3,90000e-03  -1,05834e-01   4,18967e+02   4,14400e+02
            40   4,00000e-03  -1,25268e-01   4,18580e+02   4,14000e+02
            41   4,10000e-03  -1,46454e-01   4,18193e+02   4,13600e+02
            42   4,20000e-03  -1,69190e-01   4,17805e+02   4,13200e+02
            43   4,30000e-03  -1,93306e-01   4,17413e+02   4,12800e+02
            44   4,40000e-03  -2,18469e-01   4,17025e+02   4,12400e+02
            45   4,50000e-03  -2,44240e-01   4,16632e+02   4,12000e+02
            46   4,60000e-03  -2,70285e-01   4,16241e+02   4,11600e+02
            47   4,70000e-03  -2,96417e-01   4,15853e+02   4,11200e+02
            48   4,80000e-03  -3,22405e-01   4,15460e+02   4,10800e+02
            49   4,90000e-03  -3,47932e-01   4,15068e+02   4,10400e+02
            50   5,00000e-03  -3,72565e-01   4,14671e+02   4,10000e+02
            51   5,10000e-03  -3,96183e-01   4,14275e+02   4,09600e+02
            52   5,20000e-03  -4,18525e-01   4,13884e+02   4,09200e+02
            53   5,30000e-03  -4,39606e-01   4,13489e+02   4,08800e+02
            54   5,40000e-03  -4,59481e-01   4,13096e+02   4,08400e+02
            55   5,50000e-03  -4,78072e-01   4,12702e+02   4,08000e+02
            56   5,60000e-03  -4,95391e-01   4,12308e+02   4,07600e+02
            57   5,70000e-03  -5,11601e-01   4,11912e+02   4,07200e+02
            58   5,80000e-03  -5,26726e-01   4,11513e+02   4,06800e+02
            59   5,90000e-03  -5,40781e-01   4,11120e+02   4,06400e+02
            60   6,00000e-03  -5,53689e-01   4,10724e+02   4,06000e+02
            61   6,10000e-03  -5,65901e-01   4,10326e+02   4,05600e+02
            62   6,20000e-03  -5,77314e-01   4,09931e+02   4,05200e+02
            63   6,30000e-03  -5,88211e-01   4,09534e+02   4,04800e+02
            64   6,40000e-03  -5,98720e-01   4,09136e+02   4,04400e+02
            65   6,50000e-03  -6,08716e-01   4,08736e+02   4,04000e+02
            66   6,60000e-03  -6,18400e-01   4,08341e+02   4,03600e+02
            67   6,70000e-03  -6,28048e-01   4,07944e+02   4,03200e+02
            68   6,80000e-03  -6,37549e-01   4,07548e+02   4,02800e+02
            69   6,90000e-03  -6,46930e-01   4,07148e+02   4,02400e+02
            70   7,00000e-03  -6,56384e-01   4,06749e+02   4,02000e+02
            71   7,10000e-03  -6,65614e-01   4,06354e+02   4,01600e+02
            72   7,20000e-03  -6,74715e-01   4,05955e+02   4,01200e+02
            73   7,30000e-03  -6,83697e-01   4,05556e+02   4,00800e+02
            74   7,40000e-03  -6,92477e-01   4,05158e+02   4,00400e+02
            75   7,50000e-03  -7,01227e-01   4,04759e+02   4,00000e+02
            76   7,60000e-03  -7,09841e-01   4,04362e+02   3,99600e+02
            77   7,70000e-03  -7,18397e-01   4,03965e+02   3,99200e+02
            78   7,80000e-03  -7,26624e-01   4,03565e+02   3,98800e+02
            79   7,90000e-03  -7,34546e-01   4,03169e+02   3,98400e+02
            80   8,00000e-03  -7,42196e-01   4,02769e+02   3,98000e+02
            81   8,10000e-03  -7,49551e-01   4,02371e+02   3,97600e+02
            82   8,20000e-03  -7,56506e-01   4,01972e+02   3,97200e+02
            83   8,30000e-03  -7,62970e-01   4,01574e+02   3,96800e+02
            84   8,40000e-03  -7,68983e-01   4,01176e+02   3,96400e+02
            85   8,50000e-03  -7,74633e-01   4,00776e+02   3,96000e+02
            86   8,60000e-03  -7,79947e-01   4,00377e+02   3,95600e+02
            87   8,70000e-03  -7,84974e-01   3,99978e+02   3,95200e+02
            88   8,80000e-03  -7,89609e-01   3,99577e+02   3,94800e+02
            89   8,90000e-03  -7,94053e-01   3,99182e+02   3,94400e+02
            90   9,00000e-03  -7,98217e-01   3,98785e+02   3,94000e+02
            91   9,10000e-03  -8,02321e-01   3,98385e+02   3,93600e+02
            92   9,20000e-03  -8,06376e-01   3,97984e+02   3,93200e+02
            93   9,30000e-03  -8,10380e-01   3,97587e+02   3,92800e+02
            94   9,40000e-03  -8,14324e-01   3,97189e+02   3,92400e+02
            95   9,50000e-03  -8,18291e-01   3,96792e+02   3,92000e+02
            96   9,60000e-03  -8,22186e-01   3,96390e+02   3,91600e+02
            97   9,70000e-03  -8,25984e-01   3,95991e+02   3,91200e+02
            98   9,80000e-03  -8,29552e-01   3,95593e+02   3,90800e+02
            99   9,90000e-03  -8,33022e-01   3,95193e+02   3,90400e+02
           100   1,00000e-02  -8,36230e-01   3,94796e+02   3,90000e+02
           101   1,01000e-02  -8,39125e-01   3,94398e+02   3,89600e+02
           102   1,02000e-02  -8,41780e-01   3,93999e+02   3,89200e+02
           103   1,03000e-02  -8,44490e-01   3,93599e+02   3,88800e+02
           104   1,04000e-02  -8,47042e-01   3,93199e+02   3,88400e+02
           105   1,05000e-02  -8,49677e-01   3,92799e+02   3,88000e+02
           106   1,06000e-02  -8,52403e-01   3,92401e+02   3,87600e+02
           107   1,07000e-02  -8,54969e-01   3,92000e+02   3,87200e+02
           108   1,08000e-02  -8,57482e-01   3,91601e+02   3,86800e+02
           109   1,09000e-02  -8,59669e-01   3,91201e+02   3,86400e+02
           110   1,10000e-02  -8,61740e-01   3,90805e+02   3,86000e+02
           111   1,11000e-02  -8,63810e-01   3,90405e+02   3,85600e+02
           112   1,12000e-02  -8,65960e-01   3,90005e+02   3,85200e+02
           113   1,13000e-02  -8,68194e-01   3,89607e+02   3,84800e+02
           114   1,14000e-02  -8,70383e-01   3,89207e+02   3,84400e+02
           115   1,15000e-02  -8,72440e-01   3,88807e+02   3,84000e+02
           116   1,16000e-02  -8,74325e-01   3,88406e+02   3,83600e+02
           117   1,17000e-02  -8,76125e-01   3,88008e+02   3,83200e+02
           118   1,18000e-02  -8,77847e-01   3,87609e+02   3,82800e+02
           119   1,19000e-02  -8,79559e-01   3,87210e+02   3,82400e+02
           120   1,20000e-02  -8,81323e-01   3,86810e+02   3,82000e+02
           121   1,21000e-02  -8,83005e-01   3,86410e+02   3,81600e+02
           122   1,22000e-02  -8,84346e-01   3,86014e+02   3,81200e+02
           123   1,23000e-02  -8,85382e-01   3,85612e+02   3,80800e+02
           124   1,24000e-02  -8,86462e-01   3,85214e+02   3,80400e+02
           125   1,25000e-02  -8,87636e-01   3,84815e+02   3,80000e+02
           126   1,26000e-02  -8,88744e-01   3,84417e+02   3,79600e+02
           127   1,27000e-02  -8,89828e-01   3,84015e+02   3,79200e+02
           128   1,28000e-02  -8,90921e-01   3,83616e+02   3,78800e+02
           129   1,29000e-02  -8,92083e-01   3,83217e+02   3,78400e+02
           130   1,30000e-02  -8,93167e-01   3,82815e+02   3,78000e+02
           131   1,31000e-02  -8,94286e-01   3,82417e+02   3,77600e+02
           132   1,32000e-02  -8,95431e-01   3,82019e+02   3,77200e+02
           133   1,33000e-02  -8,96368e-01   3,81617e+02   3,76800e+02
           134   1,34000e-02  -8,97285e-01   3,81220e+02   3,76400e+02
           135   1,35000e-02  -8,98139e-01   3,80820e+02   3,76000e+02
           136   1,36000e-02  -8,99031e-01   3,80419e+02   3,75600e+02
           137   1,37000e-02  -8,99949e-01   3,80021e+02   3,75200e+02
           138   1,38000e-02  -9,00760e-01   3,79621e+02   3,74800e+02
           139   1,39000e-02  -9,01581e-01   3,79222e+02   3,74400e+02
           140   1,40000e-02  -9,02208e-01   3,78824e+02   3,74000e+02
           141   1,41000e-02  -9,02687e-01   3,78422e+02   3,73600e+02
           142   1,42000e-02  -9,03161e-01   3,78023e+02   3,73200e+02
           143   1,43000e-02  -9,03868e-01   3,77622e+02   3,72800e+02
           144   1,44000e-02  -9,04430e-01   3,77224e+02   3,72400e+02
           145   1,45000e-02  -9,04994e-01   3,76825e+02   3,72000e+02
           146   1,46000e-02  -9,05594e-01   3,76426e+02   3,71600e+02
           147   1,47000e-02  -9,06060e-01   3,76027e+02   3,71200e+02
           148   1,48000e-02  -9,06456e-01   3,75629e+02   3,70800e+02
           149   1,49000e-02  -9,06726e-01   3,75227e+02   3,70400e+02
           150   1,50000e-02  -9,07180e-01   3,74829e+02   3,70000e+02
           151   1,51000e-02  -9,07605e-01   3,74428e+02   3,69600e+02
           152   1,52000e-02  -9,07973e-01   3,74030e+02   3,69200e+02
           153   1,53000e-02  -9,08381e-01   3,73627e+02   3,68800e+02
           154   1,54000e-02  -9,08573e-01   3,73227e+02   3,68400e+02
           155   1,55000e-02  -9,08884e-01   3,72829e+02   3,68000e+02
           156   1,56000e-02  -9,09362e-01   3,72434e+02   3,67600e+02
           157   1,57000e-02  -9,09806e-01   3,72032e+02   3,67200e+02
           158   1,58000e-02  -9,10030e-01   3,71634e+02   3,66800e+02
           159   1,59000e-02  -9,10181e-01   3,71233e+02   3,66400e+02
           160   1,60000e-02  -9,10541e-01   3,70835e+02   3,66000e+02
           161   1,61000e-02  -9,10887e-01   3,70435e+02   3,65600e+02
           162   1,62000e-02  -9,11090e-01   3,70036e+02   3,65200e+02
           163   1,63000e-02  -9,11160e-01   3,69637e+02   3,64800e+02
           164   1,64000e-02  -9,11078e-01   3,69237e+02   3,64400e+02
           165   1,65000e-02  -9,11266e-01   3,68838e+02   3,64000e+02
           166   1,66000e-02  -9,11710e-01   3,68439e+02   3,63600e+02
           167   1,67000e-02  -9,12215e-01   3,68037e+02   3,63200e+02
           168   1,68000e-02  -9,12492e-01   3,67636e+02   3,62800e+02
           169   1,69000e-02  -9,12674e-01   3,67235e+02   3,62400e+02
           170   1,70000e-02  -9,12824e-01   3,66835e+02   3,62000e+02
           171   1,71000e-02  -9,13020e-01   3,66437e+02   3,61600e+02
           172   1,72000e-02  -9,13194e-01   3,66037e+02   3,61200e+02
           173   1,73000e-02  -9,13757e-01   3,65640e+02   3,60800e+02
           174   1,74000e-02  -9,14433e-01   3,65241e+02   3,60400e+02
           175   1,75000e-02  -9,15111e-01   3,64840e+02   3,60000e+02
           176   1,76000e-02  -9,15592e-01   3,64441e+02   3,59600e+02
           177   1,77000e-02  -9,16008e-01   3,64042e+02   3,59200e+02
           178   1,78000e-02  -9,16296e-01   3,63643e+02   3,58800e+02
           179   1,79000e-02  -9,16684e-01   3,63245e+02   3,58400e+02
           180   1,80000e-02  -9,16985e-01   3,62843e+02   3,58000e+02
           181   1,81000e-02  -9,17323e-01   3,62444e+02   3,57600e+02
           182   1,82000e-02  -9,17673e-01   3,62043e+02   3,57200e+02
           183   1,83000e-02  -9,17909e-01   3,61645e+02   3,56800e+02
           184   1,84000e-02  -9,18038e-01   3,61246e+02   3,56400e+02
           185   1,85000e-02  -9,18237e-01   3,60845e+02   3,56000e+02
           186   1,86000e-02  -9,18464e-01   3,60447e+02   3,55600e+02
           187   1,87000e-02  -9,18663e-01   3,60046e+02   3,55200e+02
           188   1,88000e-02  -9,18960e-01   3,59647e+02   3,54800e+02
           189   1,89000e-02  -9,19158e-01   3,59246e+02   3,54400e+02
           190   1,90000e-02  -9,19365e-01   3,58846e+02   3,54000e+02
           191   1,91000e-02  -9,19342e-01   3,58446e+02   3,53600e+02
           192   1,92000e-02  -9,19270e-01   3,58047e+02   3,53200e+02
           193   1,93000e-02  -9,19108e-01   3,57647e+02   3,52800e+02
           194   1,94000e-02  -9,18819e-01   3,57248e+02   3,52400e+02
           195   1,95000e-02  -9,18505e-01   3,56853e+02   3,52000e+02
           196   1,96000e-02  -9,18273e-01   3,56450e+02   3,51600e+02
           197   1,97000e-02  -9,18107e-01   3,56050e+02   3,51200e+02
           198   1,98000e-02  -9,17948e-01   3,55650e+02   3,50800e+02
           199   1,99000e-02  -9,17745e-01   3,55252e+02   3,50400e+02
           200   2,00000e-02  -9,17447e-01   3,54851e+02   3,50000e+02
           201   2,01000e-02  -9,17526e-01   3,54451e+02   3,49600e+02
           202   2,02000e-02  -9,17654e-01   3,54053e+02   3,49200e+02
           203   2,03000e-02  -9,17888e-01   3,53651e+02   3,48800e+02
           204   2,04000e-02  -9,18328e-01   3,53253e+02   3,48400e+02
           205   2,05000e-02  -9,18550e-01   3,52853e+02   3,48000e+02
           206   2,06000e-02  -9,18637e-01   3,52454e+02   3,47600e+02
           207   2,07000e-02  -9,18744e-01   3,52054e+02   3,47200e+02
           208   2,08000e-02  -9,18814e-01   3,51656e+02   3,46800e+02
           209   2,09000e-02  -9,18950e-01   3,51255e+02   3,46400e+02
           210   2,10000e-02  -9,19156e-01   3,50854e+02   3,46000e+02
           211   2,11000e-02  -9,19382e-01   3,50455e+02   3,45600e+02
           212   2,12000e-02  -9,19370e-01   3,50056e+02   3,45200e+02
           213   2,13000e-02  -9,19391e-01   3,49657e+02   3,44800e+02
           214   2,14000e-02  -9,19531e-01   3,49259e+02   3,44400e+02
           215   2,15000e-02  -9,19827e-01   3,48857e+02   3,44000e+02
           216   2,16000e-02  -9,20086e-01   3,48458e+02   3,43600e+02
           217   2,17000e-02  -9,20172e-01   3,48058e+02   3,43200e+02
           218   2,18000e-02  -9,20254e-01   3,47659e+02   3,42800e+02
           219   2,19000e-02  -9,20349e-01   3,47259e+02   3,42400e+02
           220   2,20000e-02  -9,20395e-01   3,46861e+02   3,42000e+02
           221   2,21000e-02  -9,20588e-01   3,46464e+02   3,41600e+02
           222   2,22000e-02  -9,20772e-01   3,46061e+02   3,41200e+02
           223   2,23000e-02  -9,21191e-01   3,45660e+02   3,40800e+02
           224   2,24000e-02  -9,21519e-01   3,45261e+02   3,40400e+02
           225   2,25000e-02  -9,21667e-01   3,44861e+02   3,40000e+02
           226   2,26000e-02  -9,21827e-01   3,44462e+02   3,39600e+02
           227   2,27000e-02  -9,21991e-01   3,44066e+02   3,39200e+02
           228   2,28000e-02  -9,22237e-01   3,43666e+02   3,38800e+02
           229   2,29000e-02  -9,22828e-01   3,43266e+02   3,38400e+02
           230   2,30000e-02  -9,23341e-01   3,42866e+02   3,38000e+02
           231   2,31000e-02  -9,23961e-01   3,42467e+02   3,37600e+02
           232   2,32000e-02  -9,24491e-01   3,42066e+02   3,37200e+02
           233   2,33000e-02  -9,24967e-01   3,41668e+02   3,36800e+02
           234   2,34000e-02  -9,25629e-01   3,41268e+02   3,36400e+02
           235   2,35000e-02  -9,26439e-01   3,40866e+02   3,36000e+02
           236   2,36000e-02  -9,27195e-01   3,40468e+02   3,35600e+02
           237   2,37000e-02  -9,28125e-01   3,40068e+02   3,35200e+02
           238   2,38000e-02  -9,28890e-01   3,39670e+02   3,34800e+02
           239   2,39000e-02  -9,29479e-01   3,39269e+02   3,34400e+02
           240   2,40000e-02  -9,29965e-01   3,38870e+02   3,34000e+02
           241   2,41000e-02  -9,30557e-01   3,38470e+02   3,33600e+02
           242   2,42000e-02  -9,31278e-01   3,38072e+02   3,33200e+02
           243   2,43000e-02  -9,32065e-01   3,37671e+02   3,32800e+02
           244   2,44000e-02  -9,32860e-01   3,37272e+02   3,32400e+02
           245   2,45000e-02  -9,33541e-01   3,36872e+02   3,32000e+02
           246   2,46000e-02  -9,34312e-01   3,36473e+02   3,31600e+02
           247   2,47000e-02  -9,35013e-01   3,36075e+02   3,31200e+02
           248   2,48000e-02  -9,35656e-01   3,35673e+02   3,30800e+02
           249   2,49000e-02  -9,36466e-01   3,35274e+02   3,30400e+02
           250   2,50000e-02  -9,37796e-01   3,34873e+02   3,30000e+02
           251   2,51000e-02  -9,39165e-01   3,34477e+02   3,29600e+02
           252   2,52000e-02  -9,40606e-01   3,34076e+02   3,29200e+02
           253   2,53000e-02  -9,41989e-01   3,33675e+02   3,28800e+02
           254   2,54000e-02  -9,43589e-01   3,33278e+02   3,28400e+02
           255   2,55000e-02  -9,45456e-01   3,32878e+02   3,28000e+02
           256   2,56000e-02  -9,47571e-01   3,32479e+02   3,27600e+02
           257   2,57000e-02  -9,49842e-01   3,32080e+02   3,27200e+02
           258   2,58000e-02  -9,52240e-01   3,31680e+02   3,26800e+02
           259   2,59000e-02  -9,54816e-01   3,31282e+02   3,26400e+02
           260   2,60000e-02  -9,57656e-01   3,30880e+02   3,26000e+02
           261   2,61000e-02  -9,60692e-01   3,30480e+02   3,25600e+02
           262   2,62000e-02  -9,64035e-01   3,30082e+02   3,25200e+02
           263   2,63000e-02  -9,67614e-01   3,29681e+02   3,24800e+02
           264   2,64000e-02  -9,71529e-01   3,29281e+02   3,24400e+02
           265   2,65000e-02  -9,75447e-01   3,28884e+02   3,24000e+02
           266   2,66000e-02  -9,79681e-01   3,28484e+02   3,23600e+02
           267   2,67000e-02  -9,84475e-01   3,28086e+02   3,23200e+02
           268   2,68000e-02  -9,89846e-01   3,27686e+02   3,22800e+02
           269   2,69000e-02  -9,95855e-01   3,27285e+02   3,22400e+02
           270   2,70000e-02  -1,00239e+00   3,26888e+02   3,22000e+02
           271   2,71000e-02  -1,00950e+00   3,26487e+02   3,21600e+02
           272   2,72000e-02  -1,01703e+00   3,26088e+02   3,21200e+02
           273   2,73000e-02  -1,02522e+00   3,25689e+02   3,20800e+02
           274   2,74000e-02  -1,03369e+00   3,25291e+02   3,20400e+02
           275   2,75000e-02  -1,04281e+00   3,24891e+02   3,20000e+02
           276   2,76000e-02  -1,05250e+00   3,24497e+02   3,19600e+02
           277   2,77000e-02  -1,06249e+00   3,24095e+02   3,19200e+02
           278   2,78000e-02  -1,07279e+00   3,23699e+02   3,18800e+02
           279   2,79000e-02  -1,08337e+00   3,23299e+02   3,18400e+02
           280   2,80000e-02  -1,09409e+00   3,22901e+02   3,18000e+02
           281   2,81000e-02  -1,10473e+00   3,22502e+02   3,17600e+02
           282   2,82000e-02  -1,11532e+00   3,22101e+02   3,17200e+02
           283   2,83000e-02  -1,12552e+00   3,21703e+02   3,16800e+02
           284   2,84000e-02  -1,13534e+00   3,21302e+02   3,16400e+02
           285   2,85000e-02  -1,14470e+00   3,20904e+02   3,16000e+02
           286   2,86000e-02  -1,15333e+00   3,20502e+02   3,15600e+02
           287   2,87000e-02  -1,16108e+00   3,20104e+02   3,15200e+02
           288   2,88000e-02  -1,16826e+00   3,19704e+02   3,14800e+02
           289   2,89000e-02  -1,17456e+00   3,19307e+02   3,14400e+02
           290   2,90000e-02  -1,18028e+00   3,18905e+02   3,14000e+02
           291   2,91000e-02  -1,18529e+00   3,18507e+02   3,13600e+02
           292   2,92000e-02  -1,18964e+00   3,18109e+02   3,13200e+02
           293   2,93000e-02  -1,19315e+00   3,17709e+02   3,12800e+02
           294   2,94000e-02  -1,19594e+00   3,17312e+02   3,12400e+02
           295   2,95000e-02  -1,19784e+00   3,16908e+02   3,12000e+02
           296   2,96000e-02  -1,19909e+00   3,16509e+02   3,11600e+02
           297   2,97000e-02  -1,19999e+00   3,16109e+02   3,11200e+02
           298   2,98000e-02  -1,20046e+00   3,15713e+02   3,10800e+02
           299   2,99000e-02  -1,20049e+00   3,15310e+02   3,10400e+02
           300   3,00000e-02  -1,20013e+00   3,14910e+02   3,10000e+02
           301   3,01000e-02  -1,19928e+00   3,14513e+02   3,09600e+02
           302   3,02000e-02  -1,19823e+00   3,14110e+02   3,09200e+02
           303   3,03000e-02  -1,19690e+00   3,13712e+02   3,08800e+02
           304   3,04000e-02  -1,19549e+00   3,13312e+02   3,08400e+02
           305   3,05000e-02  -1,19383e+00   3,12912e+02   3,08000e+02
           306   3,06000e-02  -1,19196e+00   3,12513e+02   3,07600e+02
           307   3,07000e-02  -1,18978e+00   3,12112e+02   3,07200e+02
           308   3,08000e-02  -1,18755e+00   3,11712e+02   3,06800e+02
           309   3,09000e-02  -1,18522e+00   3,11316e+02   3,06400e+02
           310   3,10000e-02  -1,18284e+00   3,10911e+02   3,06000e+02
           311   3,11000e-02  -1,18028e+00   3,10513e+02   3,05600e+02
           312   3,12000e-02  -1,17754e+00   3,10114e+02   3,05200e+02
           313   3,13000e-02  -1,17453e+00   3,09714e+02   3,04800e+02
           314   3,14000e-02  -1,17107e+00   3,09315e+02   3,04400e+02
           315   3,15000e-02  -1,16751e+00   3,08917e+02   3,04000e+02
           316   3,16000e-02  -1,16385e+00   3,08515e+02   3,03600e+02
           317   3,17000e-02  -1,15994e+00   3,08117e+02   3,03200e+02
           318   3,18000e-02  -1,15575e+00   3,07718e+02   3,02800e+02
           319   3,19000e-02  -1,15143e+00   3,07316e+02   3,02400e+02
           320   3,20000e-02  -1,14688e+00   3,06914e+02   3,02000e+02
           321   3,21000e-02  -1,14230e+00   3,06513e+02   3,01600e+02
           322   3,22000e-02  -1,13764e+00   3,06116e+02   3,01200e+02
           323   3,23000e-02  -1,13309e+00   3,05713e+02   3,00800e+02
           324   3,24000e-02  -1,12870e+00   3,05319e+02   3,00400e+02
           325   3,25000e-02  -1,12433e+00   3,04916e+02   3,00000e+02
           326   3,26000e-02  -1,11981e+00   3,04516e+02   2,99600e+02
           327   3,27000e-02  -1,11527e+00   3,04115e+02   2,99200e+02
           328   3,28000e-02  -1,11091e+00   3,03716e+02   2,98800e+02
           329   3,29000e-02  -1,10679e+00   3,03321e+02   2,98400e+02
           330   3,30000e-02  -1,10252e+00   3,02918e+02   2,98000e+02
           331   3,31000e-02  -1,09817e+00   3,02519e+02   2,97600e+02
           332   3,32000e-02  -1,09382e+00   3,02119e+02   2,97200e+02
           333   3,33000e-02  -1,08960e+00   3,01719e+02   2,96800e+02
           334   3,34000e-02  -1,08547e+00   3,01318e+02   2,96400e+02
           335   3,35000e-02  -1,08133e+00   3,00920e+02   2,96000e+02
           336   3,36000e-02  -1,07722e+00   3,00519e+02   2,95600e+02
           337   3,37000e-02  -1,07334e+00   3,00119e+02   2,95200e+02
           338   3,38000e-02  -1,06945e+00   2,99717e+02   2,94800e+02
           339   3,39000e-02  -1,06568e+00   2,99320e+02   2,94400e+02
           340   3,40000e-02  -1,06196e+00   2,98920e+02   2,94000e+02
           341   3,41000e-02  -1,05810e+00   2,98521e+02   2,93600e+02
           342   3,42000e-02  -1,05414e+00   2,98121e+02   2,93200e+02
           343   3,43000e-02  -1,05016e+00   2,97721e+02   2,92800e+02
           344   3,44000e-02  -1,04653e+00   2,97322e+02   2,92400e+02
           345   3,45000e-02  -1,04289e+00   2,96921e+02   2,92000e+02
           346   3,46000e-02  -1,03923e+00   2,96520e+02   2,91600e+02
           347   3,47000e-02  -1,03565e+00   2,96120e+02   2,91200e+02
           348   3,48000e-02  -1,03209e+00   2,95719e+02   2,90800e+02
           349   3,49000e-02  -1,02848e+00   2,95322e+02   2,90400e+02
           350   3,50000e-02  -1,02479e+00   2,94922e+02   2,90000e+02
           351   3,51000e-02  -1,02127e+00   2,94521e+02   2,89600e+02
           352   3,52000e-02  -1,01776e+00   2,94122e+02   2,89200e+02
           353   3,53000e-02  -1,01425e+00   2,93724e+02   2,88800e+02
           354   3,54000e-02  -1,01073e+00   2,93324e+02   2,88400e+02
           355   3,55000e-02  -1,00734e+00   2,92923e+02   2,88000e+02
           356   3,56000e-02  -1,00416e+00   2,92526e+02   2,87600e+02
           357   3,57000e-02  -1,00106e+00   2,92124e+02   2,87200e+02
           358   3,58000e-02  -9,98230e-01   2,91725e+02   2,86800e+02
           359   3,59000e-02  -9,95468e-01   2,91325e+02   2,86400e+02
           360   3,60000e-02  -9,92561e-01   2,90925e+02   2,86000e+02
           361   3,61000e-02  -9,89639e-01   2,90527e+02   2,85600e+02
           362   3,62000e-02  -9,86844e-01   2,90128e+02   2,85200e+02
           363   3,63000e-02  -9,84121e-01   2,89726e+02   2,84800e+02
           364   3,64000e-02  -9,81466e-01   2,89325e+02   2,84400e+02
           365   3,65000e-02  -9,78746e-01   2,88927e+02   2,84000e+02
           366   3,66000e-02  -9,75900e-01   2,88525e+02   2,83600e+02
           367   3,67000e-02  -9,72994e-01   2,88129e+02   2,83200e+02
           368   3,68000e-02  -9,70116e-01   2,87729e+02   2,82800e+02
           369   3,69000e-02  -9,67331e-01   2,87329e+02   2,82400e+02
           370   3,70000e-02  -9,64551e-01   2,86925e+02   2,82000e+02
           371   3,71000e-02  -9,61888e-01   2,86530e+02   2,81600e+02
           372   3,72000e-02  -9,59257e-01   2,86131e+02   2,81200e+02
           373   3,73000e-02  -9,56560e-01   2,85730e+02   2,80800e+02
           374   3,74000e-02  -9,53957e-01   2,85332e+02   2,80400e+02
           375   3,75000e-02  -9,51420e-01   2,84934e+02   2,80000e+02
           376   3,76000e-02  -9,48901e-01   2,84529e+02   2,79600e+02
           377   3,77000e-02  -9,46374e-01   2,84134e+02   2,79200e+02
           378   3,78000e-02  -9,43710e-01   2,83733e+02   2,78800e+02
           379   3,79000e-02  -9,41213e-01   2,83335e+02   2,78400e+02
           380   3,80000e-02  -9,39057e-01   2,82936e+02   2,78000e+02
           381   3,81000e-02  -9,37350e-01   2,82534e+02   2,77600e+02
           382   3,82000e-02  -9,35709e-01   2,82132e+02   2,77200e+02
           383   3,83000e-02  -9,33849e-01   2,81734e+02   2,76800e+02
           384   3,84000e-02  -9,31994e-01   2,81338e+02   2,76400e+02
           385   3,85000e-02  -9,30050e-01   2,80936e+02   2,76000e+02
           386   3,86000e-02  -9,28253e-01   2,80537e+02   2,75600e+02
           387   3,87000e-02  -9,26600e-01   2,80139e+02   2,75200e+02
           388   3,88000e-02  -9,24774e-01   2,79738e+02   2,74800e+02
           389   3,89000e-02  -9,22836e-01   2,79336e+02   2,74400e+02
           390   3,90000e-02  -9,20816e-01   2,78943e+02   2,74000e+02
           391   3,91000e-02  -9,18695e-01   2,78542e+02   2,73600e+02
           392   3,92000e-02  -9,16556e-01   2,78139e+02   2,73200e+02
           393   3,93000e-02  -9,14569e-01   2,77740e+02   2,72800e+02
           394   3,94000e-02  -9,12782e-01   2,77343e+02   2,72400e+02
           395   3,95000e-02  -9,11086e-01   2,76943e+02   2,72000e+02
           396   3,96000e-02  -9,09535e-01   2,76543e+02   2,71600e+02
           397   3,97000e-02  -9,08068e-01   2,76142e+02   2,71200e+02
           398   3,98000e-02  -9,06663e-01   2,75744e+02   2,70800e+02
           399   3,99000e-02  -9,05321e-01   2,75344e+02   2,70400e+02
           400   4,00000e-02  -9,04034e-01   2,74944e+02   2,70000e+02
           401   4,01000e-02  -9,02966e-01   2,74544e+02   2,69600e+02
           402   4,02000e-02  -9,01809e-01   2,74146e+02   2,69200e+02
           403   4,03000e-02  -9,00613e-01   2,73745e+02   2,68800e+02
           404   4,04000e-02  -8,99421e-01   2,73347e+02   2,68400e+02
           405   4,05000e-02  -8,98267e-01   2,72947e+02   2,68000e+02
           406   4,06000e-02  -8,97060e-01   2,72544e+02   2,67600e+02
           407   4,07000e-02  -8,95759e-01   2,72149e+02   2,67200e+02
           408   4,08000e-02  -8,94434e-01   2,71747e+02   2,66800e+02
           409   4,09000e-02  -8,93138e-01   2,71349e+02   2,66400e+02
           410   4,10000e-02  -8,91748e-01   2,70948e+02   2,66000e+02
           411   4,11000e-02  -8,90215e-01   2,70549e+02   2,65600e+02
           412   4,12000e-02  -8,88619e-01   2,70148e+02   2,65200e+02
           413   4,13000e-02  -8,87158e-01   2,69755e+02   2,64800e+02
           414   4,14000e-02  -8,85703e-01   2,69353e+02   2,64400e+02
           415   4,15000e-02  -8,84331e-01   2,68954e+02   2,64000e+02
           416   4,16000e-02  -8,82897e-01   2,68554e+02   2,63600e+02
           417   4,17000e-02  -8,81723e-01   2,68153e+02   2,63200e+02
           418   4,18000e-02  -8,80597e-01   2,67753e+02   2,62800e+02
           419   4,19000e-02  -8,79532e-01   2,67353e+02   2,62400e+02
           420   4,20000e-02  -8,78355e-01   2,66955e+02   2,62000e+02
           421   4,21000e-02  -8,77137e-01   2,66555e+02   2,61600e+02
           422   4,22000e-02  -8,76003e-01   2,66156e+02   2,61200e+02
           423   4,23000e-02  -8,74907e-01   2,65757e+02   2,60800e+02
           424   4,24000e-02  -8,73827e-01   2,65357e+02   2,60400e+02
           425   4,25000e-02  -8,72711e-01   2,64958e+02   2,60000e+02
           426   4,26000e-02  -8,71649e-01   2,64561e+02   2,59600e+02
           427   4,27000e-02  -8,70901e-01   2,64161e+02   2,59200e+02
           428   4,28000e-02  -8,70345e-01   2,63765e+02   2,58800e+02
           429   4,29000e-02  -8,69938e-01   2,63363e+02   2,58400e+02
           430   4,30000e-02  -8,69708e-01   2,62962e+02   2,58000e+02
           431   4,31000e-02  -8,69384e-01   2,62563e+02   2,57600e+02
           432   4,32000e-02  -8,69107e-01   2,62162e+02   2,57200e+02
           433   4,33000e-02  -8,68690e-01   2,61763e+02   2,56800e+02
           434   4,34000e-02  -8,68152e-01   2,61367e+02   2,56400e+02
           435   4,35000e-02  -8,67317e-01   2,60967e+02   2,56000e+02
           436   4,36000e-02  -8,66478e-01   2,60563e+02   2,55600e+02
           437   4,37000e-02  -8,65568e-01   2,60166e+02   2,55200e+02
           438   4,38000e-02  -8,64636e-01   2,59764e+02   2,54800e+02
           439   4,39000e-02  -8,63472e-01   2,59367e+02   2,54400e+02
           440   4,40000e-02  -8,62268e-01   2,58969e+02   2,54000e+02
           441   4,41000e-02  -8,60931e-01   2,58569e+02   2,53600e+02
           442   4,42000e-02  -8,59750e-01   2,58169e+02   2,53200e+02
           443   4,43000e-02  -8,58592e-01   2,57768e+02   2,52800e+02
           444   4,44000e-02  -8,57469e-01   2,57368e+02   2,52400e+02
           445   4,45000e-02  -8,56406e-01   2,56971e+02   2,52000e+02
           446   4,46000e-02  -8,55462e-01   2,56573e+02   2,51600e+02
           447   4,47000e-02  -8,54610e-01   2,56172e+02   2,51200e+02
           448   4,48000e-02  -8,53523e-01   2,55777e+02   2,50800e+02
           449   4,49000e-02  -8,52529e-01   2,55375e+02   2,50400e+02
           450   4,50000e-02  -8,51678e-01   2,54979e+02   2,50000e+02
           451   4,51000e-02  -8,50998e-01   2,54576e+02   2,49600e+02
           452   4,52000e-02  -8,50393e-01   2,54177e+02   2,49200e+02
           453   4,53000e-02  -8,49819e-01   2,53776e+02   2,48800e+02
           454   4,54000e-02  -8,49198e-01   2,53378e+02   2,48400e+02
           455   4,55000e-02  -8,48723e-01   2,52975e+02   2,48000e+02
           456   4,56000e-02  -8,48088e-01   2,52578e+02   2,47600e+02
           457   4,57000e-02  -8,47442e-01   2,52181e+02   2,47200e+02
           458   4,58000e-02  -8,46819e-01   2,51782e+02   2,46800e+02
           459   4,59000e-02  -8,46477e-01   2,51380e+02   2,46400e+02
           460   4,60000e-02  -8,46402e-01   2,50983e+02   2,46000e+02
           461   4,61000e-02  -8,46408e-01   2,50582e+02   2,45600e+02
           462   4,62000e-02  -8,46181e-01   2,50181e+02   2,45200e+02
           463   4,63000e-02  -8,45927e-01   2,49783e+02   2,44800e+02
           464   4,64000e-02  -8,45659e-01   2,49384e+02   2,44400e+02
           465   4,65000e-02  -8,45459e-01   2,48984e+02   2,44000e+02
           466   4,66000e-02  -8,45419e-01   2,48589e+02   2,43600e+02
           467   4,67000e-02  -8,45246e-01   2,48185e+02   2,43200e+02
           468   4,68000e-02  -8,44724e-01   2,47785e+02   2,42800e+02
           469   4,69000e-02  -8,44123e-01   2,47386e+02   2,42400e+02
           470   4,70000e-02  -8,43512e-01   2,46985e+02   2,42000e+02
           471   4,71000e-02  -8,42646e-01   2,46589e+02   2,41600e+02
           472   4,72000e-02  -8,41841e-01   2,46192e+02   2,41200e+02
           473   4,73000e-02  -8,41098e-01   2,45792e+02   2,40800e+02
           474   4,74000e-02  -8,40311e-01   2,45391e+02   2,40400e+02
           475   4,75000e-02  -8,39612e-01   2,44992e+02   2,40000e+02
           476   4,76000e-02  -8,38730e-01   2,44592e+02   2,39600e+02
           477   4,77000e-02  -8,38058e-01   2,44192e+02   2,39200e+02
           478   4,78000e-02  -8,37359e-01   2,43793e+02   2,38800e+02
           479   4,79000e-02  -8,36834e-01   2,43393e+02   2,38400e+02
           480   4,80000e-02  -8,36287e-01   2,42994e+02   2,38000e+02
           481   4,81000e-02  -8,35721e-01   2,42596e+02   2,37600e+02
           482   4,82000e-02  -8,35108e-01   2,42196e+02   2,37200e+02
           483   4,83000e-02  -8,34386e-01   2,41796e+02   2,36800e+02
           484   4,84000e-02  -8,33697e-01   2,41397e+02   2,36400e+02
           485   4,85000e-02  -8,32809e-01   2,40998e+02   2,36000e+02
           486   4,86000e-02  -8,32075e-01   2,40596e+02   2,35600e+02
           487   4,87000e-02  -8,31447e-01   2,40197e+02   2,35200e+02
           488   4,88000e-02  -8,30904e-01   2,39802e+02   2,34800e+02
           489   4,89000e-02  -8,30598e-01   2,39401e+02   2,34400e+02
           490   4,90000e-02  -8,30263e-01   2,39000e+02   2,34000e+02
           491   4,91000e-02  -8,30113e-01   2,38601e+02   2,33600e+02
           492   4,92000e-02  -8,29863e-01   2,38198e+02   2,33200e+02
           493   4,93000e-02  -8,29512e-01   2,37801e+02   2,32800e+02
           494   4,94000e-02  -8,28964e-01   2,37403e+02   2,32400e+02
           495   4,95000e-02  -8,28460e-01   2,37007e+02   2,32000e+02
           496   4,96000e-02  -8,27967e-01   2,36609e+02   2,31600e+02
           497   4,97000e-02  -8,27393e-01   2,36208e+02   2,31200e+02
           498   4,98000e-02  -8,26793e-01   2,35810e+02   2,30800e+02
           499   4,99000e-02  -8,26182e-01   2,35408e+02   2,30400e+02
           500   5,00000e-02  -8,25641e-01   2,35010e+02   2,30000e+02
           501   5,01000e-02  -8,25097e-01   2,34610e+02   2,29600e+02
           502   5,02000e-02  -8,24506e-01   2,34208e+02   2,29200e+02
           503   5,03000e-02  -8,24000e-01   2,33808e+02   2,28800e+02
           504   5,04000e-02  -8,23733e-01   2,33410e+02   2,28400e+02
           505   5,05000e-02  -8,23589e-01   2,33010e+02   2,28000e+02
           506   5,06000e-02  -8,23300e-01   2,32614e+02   2,27600e+02
           507   5,07000e-02  -8,22952e-01   2,32211e+02   2,27200e+02
           508   5,08000e-02  -8,22567e-01   2,31812e+02   2,26800e+02
           509   5,09000e-02  -8,22252e-01   2,31411e+02   2,26400e+02
           510   5,10000e-02  -8,21768e-01   2,31013e+02   2,26000e+02
           511   5,11000e-02  -8,21205e-01   2,30613e+02   2,25600e+02
           512   5,12000e-02  -8,20510e-01   2,30213e+02   2,25200e+02
           513   5,13000e-02  -8,19848e-01   2,29816e+02   2,24800e+02
           514   5,14000e-02  -8,19136e-01   2,29415e+02   2,24400e+02
           515   5,15000e-02  -8,18495e-01   2,29017e+02   2,24000e+02
           516   5,16000e-02  -8,17746e-01   2,28616e+02   2,23600e+02
           517   5,17000e-02  -8,17077e-01   2,28217e+02   2,23200e+02
           518   5,18000e-02  -8,16547e-01   2,27818e+02   2,22800e+02
           519   5,19000e-02  -8,16073e-01   2,27418e+02   2,22400e+02
           520   5,20000e-02  -8,15465e-01   2,27018e+02   2,22000e+02
           521   5,21000e-02  -8,15032e-01   2,26619e+02   2,21600e+02
           522   5,22000e-02  -8,14600e-01   2,26221e+02   2,21200e+02
           523   5,23000e-02  -8,14409e-01   2,25822e+02   2,20800e+02
           524   5,24000e-02  -8,14406e-01   2,25425e+02   2,20400e+02
           525   5,25000e-02  -8,14462e-01   2,25023e+02   2,20000e+02
           526   5,26000e-02  -8,14388e-01   2,24624e+02   2,19600e+02
           527   5,27000e-02  -8,14095e-01   2,24224e+02   2,19200e+02
           528   5,28000e-02  -8,13627e-01   2,23823e+02   2,18800e+02
           529   5,29000e-02  -8,13037e-01   2,23428e+02   2,18400e+02
           530   5,30000e-02  -8,12569e-01   2,23025e+02   2,18000e+02
           531   5,31000e-02  -8,12157e-01   2,22629e+02   2,17600e+02
           532   5,32000e-02  -8,11792e-01   2,22231e+02   2,17200e+02
           533   5,33000e-02  -8,11320e-01   2,21831e+02   2,16800e+02
           534   5,34000e-02  -8,10934e-01   2,21429e+02   2,16400e+02
           535   5,35000e-02  -8,10624e-01   2,21028e+02   2,16000e+02
           536   5,36000e-02  -8,10616e-01   2,20631e+02   2,15600e+02
           537   5,37000e-02  -8,10576e-01   2,20231e+02   2,15200e+02
           538   5,38000e-02  -8,10451e-01   2,19833e+02   2,14800e+02
           539   5,39000e-02  -8,10305e-01   2,19434e+02   2,14400e+02
           540   5,40000e-02  -8,10145e-01   2,19032e+02   2,14000e+02
           541   5,41000e-02  -8,09837e-01   2,18638e+02   2,13600e+02
           542   5,42000e-02  -8,09556e-01   2,18237e+02   2,13200e+02
           543   5,43000e-02  -8,09263e-01   2,17834e+02   2,12800e+02
           544   5,44000e-02  -8,09032e-01   2,17439e+02   2,12400e+02
           545   5,45000e-02  -8,08775e-01   2,17036e+02   2,12000e+02
           546   5,46000e-02  -8,08565e-01   2,16637e+02   2,11600e+02
           547   5,47000e-02  -8,08133e-01   2,16239e+02   2,11200e+02
           548   5,48000e-02  -8,07820e-01   2,15839e+02   2,10800e+02
           549   5,49000e-02  -8,07514e-01   2,15443e+02   2,10400e+02
           550   5,50000e-02  -8,07074e-01   2,15040e+02   2,10000e+02
           551   5,51000e-02  -8,06608e-01   2,14639e+02   2,09600e+02
           552   5,52000e-02  -8,06107e-01   2,14241e+02   2,09200e+02
           553   5,53000e-02  -8,05553e-01   2,13840e+02   2,08800e+02
           554   5,54000e-02  -8,04949e-01   2,13445e+02   2,08400e+02
           555   5,55000e-02  -8,04301e-01   2,13041e+02   2,08000e+02
           556   5,56000e-02  -8,03782e-01   2,12644e+02   2,07600e+02
           557   5,57000e-02  -8,03417e-01   2,12246e+02   2,07200e+02
           558   5,58000e-02  -8,03001e-01   2,11847e+02   2,06800e+02
           559   5,59000e-02  -8,02446e-01   2,11448e+02   2,06400e+02
           560   5,60000e-02  -8,01865e-01   2,11046e+02   2,06000e+02
           561   5,61000e-02  -8,01193e-01   2,10648e+02   2,05600e+02
           562   5,62000e-02  -8,00586e-01   2,10250e+02   2,05200e+02
           563   5,63000e-02  -8,00055e-01   2,09850e+02   2,04800e+02
           564   5,64000e-02  -7,99574e-01   2,09449e+02   2,04400e+02
           565   5,65000e-02  -7,99071e-01   2,09049e+02   2,04000e+02
           566   5,66000e-02  -7,98593e-01   2,08652e+02   2,03600e+02
           567   5,67000e-02  -7,98365e-01   2,08250e+02   2,03200e+02
           568   5,68000e-02  -7,98176e-01   2,07852e+02   2,02800e+02
           569   5,69000e-02  -7,98138e-01   2,07454e+02   2,02400e+02
           570   5,70000e-02  -7,97948e-01   2,07052e+02   2,02000e+02
           571   5,71000e-02  -7,97834e-01   2,06657e+02   2,01600e+02
           572   5,72000e-02  -7,97475e-01   2,06255e+02   2,01200e+02
           573   5,73000e-02  -7,97027e-01   2,05857e+02   2,00800e+02
           574   5,74000e-02  -7,96613e-01   2,05455e+02   2,00400e+02
           575   5,75000e-02  -7,96152e-01   2,05055e+02   2,00000e+02
           576   5,76000e-02  -7,95443e-01   2,04658e+02   1,99600e+02
           577   5,77000e-02  -7,94601e-01   2,04257e+02   1,99200e+02
           578   5,78000e-02  -7,93581e-01   2,03859e+02   1,98800e+02
           579   5,79000e-02  -7,92642e-01   2,03461e+02   1,98400e+02
           580   5,80000e-02  -7,91736e-01   2,03062e+02   1,98000e+02
           581   5,81000e-02  -7,90967e-01   2,02660e+02   1,97600e+02
           582   5,82000e-02  -7,90313e-01   2,02262e+02   1,97200e+02
           583   5,83000e-02  -7,89705e-01   2,01861e+02   1,96800e+02
           584   5,84000e-02  -7,89371e-01   2,01462e+02   1,96400e+02
           585   5,85000e-02  -7,89244e-01   2,01062e+02   1,96000e+02
           586   5,86000e-02  -7,89260e-01   2,00665e+02   1,95600e+02
           587   5,87000e-02  -7,89196e-01   2,00265e+02   1,95200e+02
           588   5,88000e-02  -7,89279e-01   1,99868e+02   1,94800e+02
           589   5,89000e-02  -7,89244e-01   1,99470e+02   1,94400e+02
           590   5,90000e-02  -7,89354e-01   1,99069e+02   1,94000e+02
           591   5,91000e-02  -7,89500e-01   1,98670e+02   1,93600e+02
           592   5,92000e-02  -7,89494e-01   1,98271e+02   1,93200e+02
           593   5,93000e-02  -7,89401e-01   1,97872e+02   1,92800e+02
           594   5,94000e-02  -7,89111e-01   1,97472e+02   1,92400e+02
           595   5,95000e-02  -7,88817e-01   1,97071e+02   1,92000e+02
           596   5,96000e-02  -7,88523e-01   1,96672e+02   1,91600e+02
           597   5,97000e-02  -7,88014e-01   1,96276e+02   1,91200e+02
           598   5,98000e-02  -7,87314e-01   1,95877e+02   1,90800e+02
           599   5,99000e-02  -7,86580e-01   1,95475e+02   1,90400e+02
           600   6,00000e-02  -7,85601e-01   1,95075e+02   1,90000e+02
           601   6,01000e-02  -7,84458e-01   1,94675e+02   1,89600e+02
           602   6,02000e-02  -7,83165e-01   1,94277e+02   1,89200e+02
           603   6,03000e-02  -7,81998e-01   1,93878e+02   1,88800e+02
           604   6,04000e-02  -7,80879e-01   1,93478e+02   1,88400e+02
           605   6,05000e-02  -7,80060e-01   1,93080e+02   1,88000e+02
           606   6,06000e-02  -7,79192e-01   1,92680e+02   1,87600e+02
           607   6,07000e-02  -7,78639e-01   1,92277e+02   1,87200e+02
           608   6,08000e-02  -7,78336e-01   1,91881e+02   1,86800e+02
           609   6,09000e-02  -7,78294e-01   1,91483e+02   1,86400e+02
           610   6,10000e-02  -7,78444e-01   1,91082e+02   1,86000e+02
           611   6,11000e-02  -7,78610e-01   1,90683e+02   1,85600e+02
           612   6,12000e-02  -7,78736e-01   1,90282e+02   1,85200e+02
           613   6,13000e-02  -7,78761e-01   1,89884e+02   1,84800e+02
           614   6,14000e-02  -7,78882e-01   1,89483e+02   1,84400e+02
           615   6,15000e-02  -7,78881e-01   1,89085e+02   1,84000e+02
           616   6,16000e-02  -7,78909e-01   1,88688e+02   1,83600e+02
           617   6,17000e-02  -7,78918e-01   1,88291e+02   1,83200e+02
           618   6,18000e-02  -7,78844e-01   1,87888e+02   1,82800e+02
           619   6,19000e-02  -7,78669e-01   1,87490e+02   1,82400e+02
           620   6,20000e-02  -7,78277e-01   1,87093e+02   1,82000e+02
           621   6,21000e-02  -7,77742e-01   1,86693e+02   1,81600e+02
           622   6,22000e-02  -7,77345e-01   1,86293e+02   1,81200e+02
           623   6,23000e-02  -7,76803e-01   1,85895e+02   1,80800e+02
           624   6,24000e-02  -7,76170e-01   1,85494e+02   1,80400e+02
           625   6,25000e-02  -7,75348e-01   1,85095e+02   1,80000e+02
           626   6,26000e-02  -7,74531e-01   1,84696e+02   1,79600e+02
           627   6,27000e-02  -7,73542e-01   1,84296e+02   1,79200e+02
           628   6,28000e-02  -7,72625e-01   1,83899e+02   1,78800e+02
           629   6,29000e-02  -7,71836e-01   1,83500e+02   1,78400e+02
           630   6,30000e-02  -7,71047e-01   1,83098e+02   1,78000e+02
           631   6,31000e-02  -7,70489e-01   1,82699e+02   1,77600e+02
           632   6,32000e-02  -7,70012e-01   1,82303e+02   1,77200e+02
           633   6,33000e-02  -7,69602e-01   1,81900e+02   1,76800e+02
           634   6,34000e-02  -7,69194e-01   1,81501e+02   1,76400e+02
           635   6,35000e-02  -7,68769e-01   1,81102e+02   1,76000e+02
           636   6,36000e-02  -7,68442e-01   1,80703e+02   1,75600e+02
           637   6,37000e-02  -7,68097e-01   1,80303e+02   1,75200e+02
           638   6,38000e-02  -7,67974e-01   1,79902e+02   1,74800e+02
           639   6,39000e-02  -7,67865e-01   1,79505e+02   1,74400e+02
           640   6,40000e-02  -7,67688e-01   1,79102e+02   1,74000e+02
           641   6,41000e-02  -7,67444e-01   1,78708e+02   1,73600e+02
           642   6,42000e-02  -7,67274e-01   1,78308e+02   1,73200e+02
           643   6,43000e-02  -7,67079e-01   1,77909e+02   1,72800e+02
           644   6,44000e-02  -7,67008e-01   1,77507e+02   1,72400e+02
           645   6,45000e-02  -7,66867e-01   1,77113e+02   1,72000e+02
           646   6,46000e-02  -7,66692e-01   1,76713e+02   1,71600e+02
           647   6,47000e-02  -7,66541e-01   1,76310e+02   1,71200e+02
           648   6,48000e-02  -7,66165e-01   1,75912e+02   1,70800e+02
           649   6,49000e-02  -7,65603e-01   1,75509e+02   1,70400e+02
           650   6,50000e-02  -7,65129e-01   1,75116e+02   1,70000e+02
           651   6,51000e-02  -7,64496e-01   1,74715e+02   1,69600e+02
           652   6,52000e-02  -7,63731e-01   1,74316e+02   1,69200e+02
           653   6,53000e-02  -7,63090e-01   1,73917e+02   1,68800e+02
           654   6,54000e-02  -7,62501e-01   1,73521e+02   1,68400e+02
           655   6,55000e-02  -7,61728e-01   1,73120e+02   1,68000e+02
           656   6,56000e-02  -7,61005e-01   1,72719e+02   1,67600e+02
           657   6,57000e-02  -7,60315e-01   1,72321e+02   1,67200e+02
           658   6,58000e-02  -7,59776e-01   1,71922e+02   1,66800e+02
           659   6,59000e-02  -7,59350e-01   1,71525e+02   1,66400e+02
           660   6,60000e-02  -7,58927e-01   1,71120e+02   1,66000e+02
           661   6,61000e-02  -7,58418e-01   1,70723e+02   1,65600e+02
           662   6,62000e-02  -7,57910e-01   1,70323e+02   1,65200e+02
           663   6,63000e-02  -7,57405e-01   1,69924e+02   1,64800e+02
           664   6,64000e-02  -7,57083e-01   1,69522e+02   1,64400e+02
           665   6,65000e-02  -7,56858e-01   1,69128e+02   1,64000e+02
           666   6,66000e-02  -7,56698e-01   1,68723e+02   1,63600e+02
           667   6,67000e-02  -7,56589e-01   1,68323e+02   1,63200e+02
           668   6,68000e-02  -7,56484e-01   1,67927e+02   1,62800e+02
           669   6,69000e-02  -7,56242e-01   1,67527e+02   1,62400e+02
           670   6,70000e-02  -7,55976e-01   1,67130e+02   1,62000e+02
           671   6,71000e-02  -7,55748e-01   1,66730e+02   1,61600e+02
           672   6,72000e-02  -7,55388e-01   1,66334e+02   1,61200e+02
           673   6,73000e-02  -7,55148e-01   1,65931e+02   1,60800e+02
           674   6,74000e-02  -7,54910e-01   1,65531e+02   1,60400e+02
           675   6,75000e-02  -7,54605e-01   1,65134e+02   1,60000e+02
           676   6,76000e-02  -7,54111e-01   1,64734e+02   1,59600e+02
           677   6,77000e-02  -7,53554e-01   1,64334e+02   1,59200e+02
           678   6,78000e-02  -7,52867e-01   1,63936e+02   1,58800e+02
           679   6,79000e-02  -7,52172e-01   1,63535e+02   1,58400e+02
           680   6,80000e-02  -7,51558e-01   1,63139e+02   1,58000e+02
           681   6,81000e-02  -7,50732e-01   1,62739e+02   1,57600e+02
           682   6,82000e-02  -7,49851e-01   1,62340e+02   1,57200e+02
           683   6,83000e-02  -7,48948e-01   1,61941e+02   1,56800e+02
           684   6,84000e-02  -7,48150e-01   1,61546e+02   1,56400e+02
           685   6,85000e-02  -7,47399e-01   1,61142e+02   1,56000e+02
           686   6,86000e-02  -7,46698e-01   1,60744e+02   1,55600e+02
           687   6,87000e-02  -7,45961e-01   1,60340e+02   1,55200e+02
           688   6,88000e-02  -7,45300e-01   1,59946e+02   1,54800e+02
           689   6,89000e-02  -7,44790e-01   1,59547e+02   1,54400e+02
           690   6,90000e-02  -7,44401e-01   1,59147e+02   1,54000e+02
           691   6,91000e-02  -7,44163e-01   1,58744e+02   1,53600e+02
           692   6,92000e-02  -7,43887e-01   1,58347e+02   1,53200e+02
           693   6,93000e-02  -7,43499e-01   1,57947e+02   1,52800e+02
           694   6,94000e-02  -7,43210e-01   1,57551e+02   1,52400e+02
           695   6,95000e-02  -7,43055e-01   1,57150e+02   1,52000e+02
           696   6,96000e-02  -7,42881e-01   1,56750e+02   1,51600e+02
           697   6,97000e-02  -7,42838e-01   1,56351e+02   1,51200e+02
           698   6,98000e-02  -7,42722e-01   1,55952e+02   1,50800e+02
           699   6,99000e-02  -7,42408e-01   1,55556e+02   1,50400e+02
           700   7,00000e-02  -7,42007e-01   1,55158e+02   1,50000e+02
           701   7,01000e-02  -7,41654e-01   1,54753e+02   1,49600e+02
           702   7,02000e-02  -7,41253e-01   1,54353e+02   1,49200e+02
           703   7,03000e-02  -7,40982e-01   1,53961e+02   1,48800e+02
           704   7,04000e-02  -7,40689e-01   1,53559e+02   1,48400e+02
           705   7,05000e-02  -7,40271e-01   1,53161e+02   1,48000e+02
           706   7,06000e-02  -7,39690e-01   1,52760e+02   1,47600e+02
           707   7,07000e-02  -7,39160e-01   1,52361e+02   1,47200e+02
           708   7,08000e-02  -7,38621e-01   1,51966e+02   1,46800e+02
           709   7,09000e-02  -7,38271e-01   1,51565e+02   1,46400e+02
           710   7,10000e-02  -7,37918e-01   1,51165e+02   1,46000e+02
           711   7,11000e-02  -7,37599e-01   1,50767e+02   1,45600e+02
           712   7,12000e-02  -7,37065e-01   1,50364e+02   1,45200e+02
           713   7,13000e-02  -7,36437e-01   1,49965e+02   1,44800e+02
           714   7,14000e-02  -7,35852e-01   1,49562e+02   1,44400e+02
           715   7,15000e-02  -7,35319e-01   1,49167e+02   1,44000e+02
           716   7,16000e-02  -7,34707e-01   1,48765e+02   1,43600e+02
           717   7,17000e-02  -7,34058e-01   1,48370e+02   1,43200e+02
           718   7,18000e-02  -7,33491e-01   1,47971e+02   1,42800e+02
           719   7,19000e-02  -7,32996e-01   1,47567e+02   1,42400e+02
           720   7,20000e-02  -7,32544e-01   1,47171e+02   1,42000e+02
           721   7,21000e-02  -7,32275e-01   1,46771e+02   1,41600e+02
           722   7,22000e-02  -7,32134e-01   1,46374e+02   1,41200e+02
           723   7,23000e-02  -7,32026e-01   1,45975e+02   1,40800e+02
           724   7,24000e-02  -7,32098e-01   1,45576e+02   1,40400e+02
           725   7,25000e-02  -7,31992e-01   1,45177e+02   1,40000e+02
           726   7,26000e-02  -7,31934e-01   1,44775e+02   1,39600e+02
           727   7,27000e-02  -7,31776e-01   1,44376e+02   1,39200e+02
           728   7,28000e-02  -7,31296e-01   1,43976e+02   1,38800e+02
           729   7,29000e-02  -7,30632e-01   1,43578e+02   1,38400e+02
           730   7,30000e-02  -7,29957e-01   1,43179e+02   1,38000e+02
           731   7,31000e-02  -7,29266e-01   1,42778e+02   1,37600e+02
           732   7,32000e-02  -7,28602e-01   1,42384e+02   1,37200e+02
           733   7,33000e-02  -7,28010e-01   1,41983e+02   1,36800e+02
           734   7,34000e-02  -7,27384e-01   1,41583e+02   1,36400e+02
           735   7,35000e-02  -7,26886e-01   1,41189e+02   1,36000e+02
           736   7,36000e-02  -7,26257e-01   1,40788e+02   1,35600e+02
           737   7,37000e-02  -7,25646e-01   1,40386e+02   1,35200e+02
           738   7,38000e-02  -7,25069e-01   1,39988e+02   1,34800e+02
           739   7,39000e-02  -7,24538e-01   1,39588e+02   1,34400e+02
           740   7,40000e-02  -7,23976e-01   1,39191e+02   1,34000e+02
           741   7,41000e-02  -7,23315e-01   1,38791e+02   1,33600e+02
           742   7,42000e-02  -7,22706e-01   1,38390e+02   1,33200e+02
           743   7,43000e-02  -7,22143e-01   1,37994e+02   1,32800e+02
           744   7,44000e-02  -7,21680e-01   1,37596e+02   1,32400e+02
           745   7,45000e-02  -7,21102e-01   1,37196e+02   1,32000e+02
           746   7,46000e-02  -7,20444e-01   1,36797e+02   1,31600e+02
           747   7,47000e-02  -7,19737e-01   1,36399e+02   1,31200e+02
           748   7,48000e-02  -7,19196e-01   1,36000e+02   1,30800e+02
           749   7,49000e-02  -7,18552e-01   1,35601e+02   1,30400e+02
           750   7,50000e-02  -7,17962e-01   1,35200e+02   1,30000e+02
           751   7,51000e-02  -7,17466e-01   1,34801e+02   1,29600e+02
           752   7,52000e-02  -7,17130e-01   1,34401e+02   1,29200e+02
           753   7,53000e-02  -7,16844e-01   1,34002e+02   1,28800e+02
           754   7,54000e-02  -7,16577e-01   1,33605e+02   1,28400e+02
           755   7,55000e-02  -7,16258e-01   1,33204e+02   1,28000e+02
           756   7,56000e-02  -7,15844e-01   1,32802e+02   1,27600e+02
           757   7,57000e-02  -7,15478e-01   1,32406e+02   1,27200e+02
           758   7,58000e-02  -7,15343e-01   1,32007e+02   1,26800e+02
           759   7,59000e-02  -7,15087e-01   1,31610e+02   1,26400e+02
           760   7,60000e-02  -7,14739e-01   1,31211e+02   1,26000e+02
           761   7,61000e-02  -7,14392e-01   1,30814e+02   1,25600e+02
           762   7,62000e-02  -7,14009e-01   1,30410e+02   1,25200e+02
           763   7,63000e-02  -7,13531e-01   1,30010e+02   1,24800e+02
           764   7,64000e-02  -7,13249e-01   1,29614e+02   1,24400e+02
           765   7,65000e-02  -7,13061e-01   1,29217e+02   1,24000e+02
           766   7,66000e-02  -7,12747e-01   1,28814e+02   1,23600e+02
           767   7,67000e-02  -7,12368e-01   1,28417e+02   1,23200e+02
           768   7,68000e-02  -7,11892e-01   1,28020e+02   1,22800e+02
           769   7,69000e-02  -7,11368e-01   1,27620e+02   1,22400e+02
           770   7,70000e-02  -7,10824e-01   1,27219e+02   1,22000e+02
           771   7,71000e-02  -7,10431e-01   1,26821e+02   1,21600e+02
           772   7,72000e-02  -7,09962e-01   1,26426e+02   1,21200e+02
           773   7,73000e-02  -7,09493e-01   1,26022e+02   1,20800e+02
           774   7,74000e-02  -7,08889e-01   1,25624e+02   1,20400e+02
           775   7,75000e-02  -7,08375e-01   1,25222e+02   1,20000e+02
           776   7,76000e-02  -7,07851e-01   1,24827e+02   1,19600e+02
           777   7,77000e-02  -7,07247e-01   1,24429e+02   1,19200e+02
           778   7,78000e-02  -7,06631e-01   1,24030e+02   1,18800e+02
           779   7,79000e-02  -7,05858e-01   1,23628e+02   1,18400e+02
           780   7,80000e-02  -7,05217e-01   1,23235e+02   1,18000e+02
           781   7,81000e-02  -7,04484e-01   1,22834e+02   1,17600e+02
           782   7,82000e-02  -7,04013e-01   1,22435e+02   1,17200e+02
           783   7,83000e-02  -7,03688e-01   1,22034e+02   1,16800e+02
           784   7,84000e-02  -7,03459e-01   1,21635e+02   1,16400e+02
           785   7,85000e-02  -7,03275e-01   1,21238e+02   1,16000e+02
           786   7,86000e-02  -7,02778e-01   1,20837e+02   1,15600e+02
           787   7,87000e-02  -7,02149e-01   1,20436e+02   1,15200e+02
           788   7,88000e-02  -7,01598e-01   1,20038e+02   1,14800e+02
           789   7,89000e-02  -7,01109e-01   1,19642e+02   1,14400e+02
           790   7,90000e-02  -7,00437e-01   1,19241e+02   1,14000e+02
           791   7,91000e-02  -7,00030e-01   1,18842e+02   1,13600e+02
           792   7,92000e-02  -6,99494e-01   1,18443e+02   1,13200e+02
           793   7,93000e-02  -6,98795e-01   1,18045e+02   1,12800e+02
           794   7,94000e-02  -6,98139e-01   1,17646e+02   1,12400e+02
           795   7,95000e-02  -6,97514e-01   1,17247e+02   1,12000e+02
           796   7,96000e-02  -6,96978e-01   1,16848e+02   1,11600e+02
           797   7,97000e-02  -6,96379e-01   1,16449e+02   1,11200e+02
           798   7,98000e-02  -6,95840e-01   1,16047e+02   1,10800e+02
           799   7,99000e-02  -6,95413e-01   1,15649e+02   1,10400e+02
           800   8,00000e-02  -6,94817e-01   1,15253e+02   1,10000e+02
           801   8,01000e-02  -6,94391e-01   1,14855e+02   1,09600e+02
           802   8,02000e-02  -6,93934e-01   1,14456e+02   1,09200e+02
           803   8,03000e-02  -6,93542e-01   1,14055e+02   1,08800e+02
           804   8,04000e-02  -6,93301e-01   1,13656e+02   1,08400e+02
           805   8,05000e-02  -6,93203e-01   1,13263e+02   1,08000e+02
           806   8,06000e-02  -6,92983e-01   1,12861e+02   1,07600e+02
           807   8,07000e-02  -6,92786e-01   1,12463e+02   1,07200e+02
           808   8,08000e-02  -6,92470e-01   1,12063e+02   1,06800e+02
           809   8,09000e-02  -6,92000e-01   1,11666e+02   1,06400e+02
           810   8,10000e-02  -6,91450e-01   1,11263e+02   1,06000e+02
           811   8,11000e-02  -6,90963e-01   1,10868e+02   1,05600e+02
           812   8,12000e-02  -6,90350e-01   1,10465e+02   1,05200e+02
           813   8,13000e-02  -6,89609e-01   1,10073e+02   1,04800e+02
           814   8,14000e-02  -6,88839e-01   1,09672e+02   1,04400e+02
           815   8,15000e-02  -6,88116e-01   1,09273e+02   1,04000e+02
           816   8,16000e-02  -6,87375e-01   1,08872e+02   1,03600e+02
           817   8,17000e-02  -6,86763e-01   1,08476e+02   1,03200e+02
           818   8,18000e-02  -6,86118e-01   1,08081e+02   1,02800e+02
           819   8,19000e-02  -6,85506e-01   1,07678e+02   1,02400e+02
           820   8,20000e-02  -6,84927e-01   1,07280e+02   1,02000e+02
           821   8,21000e-02  -6,84379e-01   1,06880e+02   1,01600e+02
           822   8,22000e-02  -6,83959e-01   1,06480e+02   1,01200e+02
           823   8,23000e-02  -6,83171e-01   1,06084e+02   1,00800e+02
           824   8,24000e-02  -6,82569e-01   1,05685e+02   1,00400e+02
           825   8,25000e-02  -6,81920e-01   1,05282e+02   1,00000e+02
           826   8,26000e-02  -6,81246e-01   1,04885e+02   9,96000e+01
           827   8,27000e-02  -6,80666e-01   1,04488e+02   9,92000e+01
           828   8,28000e-02  -6,80065e-01   1,04086e+02   9,88000e+01
           829   8,29000e-02  -6,79463e-01   1,03687e+02   9,84000e+01
           830   8,30000e-02  -6,78900e-01   1,03291e+02   9,80000e+01
           831   8,31000e-02  -6,78463e-01   1,02891e+02   9,76000e+01
           832   8,32000e-02  -6,77932e-01   1,02491e+02   9,72000e+01
           833   8,33000e-02  -6,77402e-01   1,02092e+02   9,68000e+01
           834   8,34000e-02  -6,76967e-01   1,01693e+02   9,64000e+01
           835   8,35000e-02  -6,76434e-01   1,01296e+02   9,60000e+01
           836   8,36000e-02  -6,75922e-01   1,00894e+02   9,56000e+01
           837   8,37000e-02  -6,75440e-01   1,00500e+02   9,52000e+01
           838   8,38000e-02  -6,74973e-01   1,00100e+02   9,48000e+01
           839   8,39000e-02  -6,74743e-01   9,97037e+01   9,44000e+01
           840   8,40000e-02  -6,74464e-01   9,93011e+01   9,40000e+01
           841   8,41000e-02  -6,74109e-01   9,89039e+01   9,36000e+01
           842   8,42000e-02  -6,73799e-01   9,85080e+01   9,32000e+01
           843   8,43000e-02  -6,73459e-01   9,81061e+01   9,28000e+01
           844   8,44000e-02  -6,73212e-01   9,77083e+01   9,24000e+01
           845   8,45000e-02  -6,73084e-01   9,73074e+01   9,20000e+01
           846   8,46000e-02  -6,73020e-01   9,69148e+01   9,16000e+01
           847   8,47000e-02  -6,72995e-01   9,65121e+01   9,12000e+01
           848   8,48000e-02  -6,72906e-01   9,61147e+01   9,08000e+01
           849   8,49000e-02  -6,72767e-01   9,57186e+01   9,04000e+01
           850   8,50000e-02  -6,72540e-01   9,53151e+01   9,00000e+01
           851   8,51000e-02  -6,72325e-01   9,49156e+01   8,96000e+01
           852   8,52000e-02  -6,72095e-01   9,45217e+01   8,92000e+01
           853   8,53000e-02  -6,71804e-01   9,41217e+01   8,88000e+01
           854   8,54000e-02  -6,71246e-01   9,37216e+01   8,84000e+01
           855   8,55000e-02  -6,70581e-01   9,33197e+01   8,80000e+01
           856   8,56000e-02  -6,69662e-01   9,29234e+01   8,76000e+01
           857   8,57000e-02  -6,68701e-01   9,25283e+01   8,72000e+01
           858   8,58000e-02  -6,67798e-01   9,21214e+01   8,68000e+01
           859   8,59000e-02  -6,66835e-01   9,17286e+01   8,64000e+01
           860   8,60000e-02  -6,65998e-01   9,13285e+01   8,60000e+01
           861   8,61000e-02  -6,65365e-01   9,09295e+01   8,56000e+01
           862   8,62000e-02  -6,64637e-01   9,05289e+01   8,52000e+01
           863   8,63000e-02  -6,64058e-01   9,01337e+01   8,48000e+01
           864   8,64000e-02  -6,63507e-01   8,97311e+01   8,44000e+01
           865   8,65000e-02  -6,62687e-01   8,93326e+01   8,40000e+01
           866   8,66000e-02  -6,61836e-01   8,89397e+01   8,36000e+01
           867   8,67000e-02  -6,61157e-01   8,85378e+01   8,32000e+01
           868   8,68000e-02  -6,60618e-01   8,81429e+01   8,28000e+01
           869   8,69000e-02  -6,60091e-01   8,77434e+01   8,24000e+01
           870   8,70000e-02  -6,59534e-01   8,73423e+01   8,20000e+01
           871   8,71000e-02  -6,59060e-01   8,69438e+01   8,16000e+01
           872   8,72000e-02  -6,58521e-01   8,65450e+01   8,12000e+01
           873   8,73000e-02  -6,57887e-01   8,61445e+01   8,08000e+01
           874   8,74000e-02  -6,57209e-01   8,57482e+01   8,04000e+01
           875   8,75000e-02  -6,56617e-01   8,53487e+01   8,00000e+01
           876   8,76000e-02  -6,56086e-01   8,49504e+01   7,96000e+01
           877   8,77000e-02  -6,55580e-01   8,45576e+01   7,92000e+01
           878   8,78000e-02  -6,55056e-01   8,41559e+01   7,88000e+01
           879   8,79000e-02  -6,54705e-01   8,37598e+01   7,84000e+01
           880   8,80000e-02  -6,54353e-01   8,33590e+01   7,80000e+01
           881   8,81000e-02  -6,53886e-01   8,29595e+01   7,76000e+01
           882   8,82000e-02  -6,53324e-01   8,25626e+01   7,72000e+01
           883   8,83000e-02  -6,52721e-01   8,21640e+01   7,68000e+01
           884   8,84000e-02  -6,52129e-01   8,17637e+01   7,64000e+01
           885   8,85000e-02  -6,51747e-01   8,13646e+01   7,60000e+01
           886   8,86000e-02  -6,51394e-01   8,09667e+01   7,56000e+01
           887   8,87000e-02  -6,51200e-01   8,05700e+01   7,52000e+01
           888   8,88000e-02  -6,50941e-01   8,01672e+01   7,48000e+01
           889   8,89000e-02  -6,50472e-01   7,97743e+01   7,44000e+01
           890   8,90000e-02  -6,50180e-01   7,93740e+01   7,40000e+01
           891   8,91000e-02  -6,49842e-01   7,89792e+01   7,36000e+01
           892   8,92000e-02  -6,49463e-01   7,85798e+01   7,32000e+01
           893   8,93000e-02  -6,49005e-01   7,81801e+01   7,28000e+01
           894   8,94000e-02  -6,48502e-01   7,77787e+01   7,24000e+01
           895   8,95000e-02  -6,47888e-01   7,73799e+01   7,20000e+01
           896   8,96000e-02  -6,47293e-01   7,69809e+01   7,16000e+01
           897   8,97000e-02  -6,46732e-01   7,65890e+01   7,12000e+01
           898   8,98000e-02  -6,46103e-01   7,61895e+01   7,08000e+01
           899   8,99000e-02  -6,45339e-01   7,57926e+01   7,04000e+01
           900   9,00000e-02  -6,44622e-01   7,53897e+01   7,00000e+01
           901   9,01000e-02  -6,43812e-01   7,49923e+01   6,96000e+01
           902   9,02000e-02  -6,43142e-01   7,45976e+01   6,92000e+01
           903   9,03000e-02  -6,42305e-01   7,41924e+01   6,88000e+01
           904   9,04000e-02  -6,41417e-01   7,37972e+01   6,84000e+01
           905   9,05000e-02  -6,40719e-01   7,34017e+01   6,80000e+01
           906   9,06000e-02  -6,40186e-01   7,30015e+01   6,76000e+01
           907   9,07000e-02  -6,39577e-01   7,25997e+01   6,72000e+01
           908   9,08000e-02  -6,38984e-01   7,22049e+01   6,68000e+01
           909   9,09000e-02  -6,38377e-01   7,18054e+01   6,64000e+01
           910   9,10000e-02  -6,37784e-01   7,14086e+01   6,60000e+01
           911   9,11000e-02  -6,37179e-01   7,10071e+01   6,56000e+01
           912   9,12000e-02  -6,36555e-01   7,06128e+01   6,52000e+01
           913   9,13000e-02  -6,36009e-01   7,02137e+01   6,48000e+01
           914   9,14000e-02  -6,35326e-01   6,98174e+01   6,44000e+01
           915   9,15000e-02  -6,34749e-01   6,94163e+01   6,40000e+01
           916   9,16000e-02  -6,34142e-01   6,90149e+01   6,36000e+01
           917   9,17000e-02  -6,33643e-01   6,86222e+01   6,32000e+01
           918   9,18000e-02  -6,33131e-01   6,82218e+01   6,28000e+01
           919   9,19000e-02  -6,32524e-01   6,78241e+01   6,24000e+01
           920   9,20000e-02  -6,31857e-01   6,74261e+01   6,20000e+01
           921   9,21000e-02  -6,31445e-01   6,70308e+01   6,16000e+01
           922   9,22000e-02  -6,30999e-01   6,66293e+01   6,12000e+01
           923   9,23000e-02  -6,30470e-01   6,62335e+01   6,08000e+01
           924   9,24000e-02  -6,29911e-01   6,58359e+01   6,04000e+01
           925   9,25000e-02  -6,29393e-01   6,54350e+01   6,00000e+01
           926   9,26000e-02  -6,29069e-01   6,50429e+01   5,96000e+01
           927   9,27000e-02  -6,28617e-01   6,46385e+01   5,92000e+01
           928   9,28000e-02  -6,28225e-01   6,42413e+01   5,88000e+01
           929   9,29000e-02  -6,27858e-01   6,38483e+01   5,84000e+01
           930   9,30000e-02  -6,27538e-01   6,34445e+01   5,80000e+01
           931   9,31000e-02  -6,27176e-01   6,30435e+01   5,76000e+01
           932   9,32000e-02  -6,26585e-01   6,26497e+01   5,72000e+01
           933   9,33000e-02  -6,25957e-01   6,22481e+01   5,68000e+01
           934   9,34000e-02  -6,25491e-01   6,18568e+01   5,64000e+01
           935   9,35000e-02  -6,24883e-01   6,14576e+01   5,60000e+01
           936   9,36000e-02  -6,24321e-01   6,10597e+01   5,56000e+01
           937   9,37000e-02  -6,23883e-01   6,06600e+01   5,52000e+01
           938   9,38000e-02  -6,23539e-01   6,02630e+01   5,48000e+01
           939   9,39000e-02  -6,22971e-01   5,98657e+01   5,44000e+01
           940   9,40000e-02  -6,22324e-01   5,94682e+01   5,40000e+01
           941   9,41000e-02  -6,21756e-01   5,90703e+01   5,36000e+01
           942   9,42000e-02  -6,21125e-01   5,86722e+01   5,32000e+01
           943   9,43000e-02  -6,20468e-01   5,82753e+01   5,28000e+01
           944   9,44000e-02  -6,19852e-01   5,78796e+01   5,24000e+01
           945   9,45000e-02  -6,19195e-01   5,74761e+01   5,20000e+01
           946   9,46000e-02  -6,18507e-01   5,70784e+01   5,16000e+01
           947   9,47000e-02  -6,17770e-01   5,66864e+01   5,12000e+01
           948   9,48000e-02  -6,16947e-01   5,62835e+01   5,08000e+01
           949   9,49000e-02  -6,16080e-01   5,58879e+01   5,04000e+01
           950   9,50000e-02  -6,15198e-01   5,54920e+01   5,00000e+01
           951   9,51000e-02  -6,14420e-01   5,50943e+01   4,96000e+01
           952   9,52000e-02  -6,13687e-01   5,46948e+01   4,92000e+01
           953   9,53000e-02  -6,13063e-01   5,43027e+01   4,88000e+01
           954   9,54000e-02  -6,12549e-01   5,38995e+01   4,84000e+01
           955   9,55000e-02  -6,12043e-01   5,35037e+01   4,80000e+01
           956   9,56000e-02  -6,11755e-01   5,31076e+01   4,76000e+01
           957   9,57000e-02  -6,11380e-01   5,27097e+01   4,72000e+01
           958   9,58000e-02  -6,10921e-01   5,23115e+01   4,68000e+01
           959   9,59000e-02  -6,10488e-01   5,19145e+01   4,64000e+01
           960   9,60000e-02  -6,10014e-01   5,15172e+01   4,60000e+01
           961   9,61000e-02  -6,09313e-01   5,11181e+01   4,56000e+01
           962   9,62000e-02  -6,08631e-01   5,07187e+01   4,52000e+01
           963   9,63000e-02  -6,07932e-01   5,03236e+01   4,48000e+01
           964   9,64000e-02  -6,07354e-01   4,99267e+01   4,44000e+01
           965   9,65000e-02  -6,06881e-01   4,95264e+01   4,40000e+01
           966   9,66000e-02  -6,06228e-01   4,91365e+01   4,36000e+01
           967   9,67000e-02  -6,05524e-01   4,87310e+01   4,32000e+01
           968   9,68000e-02  -6,04834e-01   4,83375e+01   4,28000e+01
           969   9,69000e-02  -6,04152e-01   4,79436e+01   4,24000e+01
           970   9,70000e-02  -6,03420e-01   4,75464e+01   4,20000e+01
           971   9,71000e-02  -6,02851e-01   4,71474e+01   4,16000e+01
           972   9,72000e-02  -6,02332e-01   4,67511e+01   4,12000e+01
           973   9,73000e-02  -6,01846e-01   4,63592e+01   4,08000e+01
           974   9,74000e-02  -6,01386e-01   4,59577e+01   4,04000e+01
           975   9,75000e-02  -6,00856e-01   4,55605e+01   4,00000e+01
           976   9,76000e-02  -6,00298e-01   4,51646e+01   3,96000e+01
           977   9,77000e-02  -5,99869e-01   4,47683e+01   3,92000e+01
           978   9,78000e-02  -5,99471e-01   4,43718e+01   3,88000e+01
           979   9,79000e-02  -5,99060e-01   4,39702e+01   3,84000e+01
           980   9,80000e-02  -5,98692e-01   4,35777e+01   3,80000e+01
           981   9,81000e-02  -5,98228e-01   4,31725e+01   3,76000e+01
           982   9,82000e-02  -5,97662e-01   4,27793e+01   3,72000e+01
           983   9,83000e-02  -5,97149e-01   4,23828e+01   3,68000e+01
           984   9,84000e-02  -5,96499e-01   4,19859e+01   3,64000e+01
           985   9,85000e-02  -5,95763e-01   4,15887e+01   3,60000e+01
           986   9,86000e-02  -5,95089e-01   4,11944e+01   3,56000e+01
           987   9,87000e-02  -5,94442e-01   4,07966e+01   3,52000e+01
           988   9,88000e-02  -5,93795e-01   4,04047e+01   3,48000e+01
           989   9,89000e-02  -5,93090e-01   4,00063e+01   3,44000e+01
           990   9,90000e-02  -5,92386e-01   3,96123e+01   3,40000e+01
           991   9,91000e-02  -5,91683e-01   3,92116e+01   3,36000e+01
           992   9,92000e-02  -5,91229e-01   3,88169e+01   3,32000e+01
           993   9,93000e-02  -5,90700e-01   3,84251e+01   3,28000e+01
           994   9,94000e-02  -5,90085e-01   3,80219e+01   3,24000e+01
           995   9,95000e-02  -5,89486e-01   3,76294e+01   3,20000e+01
           996   9,96000e-02  -5,88828e-01   3,72303e+01   3,16000e+01
           997   9,97000e-02  -5,88199e-01   3,68356e+01   3,12000e+01
           998   9,98000e-02  -5,87460e-01   3,64374e+01   3,08000e+01
           999   9,99000e-02  -5,86738e-01   3,60437e+01   3,04000e+01
          1000   1,00000e-01  -5,86038e-01   3,56512e+01   3,00000e+01
          1001   1,00100e-01  -5,85350e-01   3,52489e+01   2,96000e+01
          1002   1,00200e-01  -5,84841e-01   3,48557e+01   2,92000e+01
          1003   1,00300e-01  -5,84271e-01   3,44638e+01   2,88000e+01
          1004   1,00400e-01  -5,83748e-01   3,40653e+01   2,84000e+01
          1005   1,00500e-01  -5,83181e-01   3,36728e+01   2,80000e+01
          1006   1,00600e-01  -5,82569e-01   3,32752e+01   2,76000e+01
          1007   1,00700e-01  -5,81782e-01   3,28820e+01   2,72000e+01
          1008   1,00800e-01  -5,80923e-01   3,24853e+01   2,68000e+01
          1009   1,00900e-01  -5,80196e-01   3,20899e+01   2,64000e+01
          1010   1,01000e-01  -5,79543e-01   3,16941e+01   2,60000e+01
          1011   1,01100e-01  -5,78833e-01   3,13028e+01   2,56000e+01
          1012   1,01200e-01  -5,78193e-01   3,09016e+01   2,52000e+01
          1013   1,01300e-01  -5,77484e-01   3,05049e+01   2,48000e+01
          1014   1,01400e-01  -5,76670e-01   3,01094e+01   2,44000e+01
          1015   1,01500e-01  -5,76062e-01   2,97120e+01   2,40000e+01
          1016   1,01600e-01  -5,75504e-01   2,93190e+01   2,36000e+01
          1017   1,01700e-01  -5,74810e-01   2,89225e+01   2,32000e+01
          1018   1,01800e-01  -5,74151e-01   2,85273e+01   2,28000e+01
          1019   1,01900e-01  -5,73632e-01   2,81382e+01   2,24000e+01
          1020   1,02000e-01  -5,73170e-01   2,77407e+01   2,20000e+01
          1021   1,02100e-01  -5,72781e-01   2,73461e+01   2,16000e+01
          1022   1,02200e-01  -5,72418e-01   2,69544e+01   2,12000e+01
          1023   1,02300e-01  -5,72060e-01   2,65607e+01   2,08000e+01
          1024   1,02400e-01  -5,71683e-01   2,61683e+01   2,04000e+01
          1025   1,02500e-01  -5,71295e-01   2,57755e+01   2,00000e+01
          1026   1,02600e-01  -5,70929e-01   2,53841e+01   1,96000e+01
          1027   1,02700e-01  -5,70642e-01   2,49972e+01   1,92000e+01
          1028   1,02800e-01  -5,70334e-01   2,46050e+01   1,88000e+01
          1029   1,02900e-01  -5,70020e-01   2,42190e+01   1,84000e+01
          1030   1,03000e-01  -5,69644e-01   2,38360e+01   1,80000e+01
          1031   1,03100e-01  -5,69241e-01   2,34510e+01   1,76000e+01
          1032   1,03200e-01  -5,68856e-01   2,30656e+01   1,72000e+01
          1033   1,03300e-01  -5,68540e-01   2,26848e+01   1,68000e+01
          1034   1,03400e-01  -5,68327e-01   2,23037e+01   1,64000e+01
          1035   1,03500e-01  -5,68024e-01   2,19223e+01   1,60000e+01
          1036   1,03600e-01  -5,67776e-01   2,15454e+01   1,56000e+01
          1037   1,03700e-01  -5,67548e-01   2,11682e+01   1,52000e+01
          1038   1,03800e-01  -5,67281e-01   2,07940e+01   1,48000e+01
          1039   1,03900e-01  -5,66969e-01   2,04162e+01   1,44000e+01
          1040   1,04000e-01  -5,66526e-01   2,00479e+01   1,40000e+01
          1041   1,04100e-01  -5,65980e-01   1,96776e+01   1,36000e+01
          1042   1,04200e-01  -5,65364e-01   1,93070e+01   1,32000e+01
          1043   1,04300e-01  -5,64663e-01   1,89378e+01   1,28000e+01
          1044   1,04400e-01  -5,63774e-01   1,85682e+01   1,24000e+01
          1045   1,04500e-01  -5,62785e-01   1,82016e+01   1,20000e+01
          1046   1,04600e-01  -5,61654e-01   1,78364e+01   1,16000e+01
          1047   1,04700e-01  -5,60339e-01   1,74725e+01   1,12000e+01
          1048   1,04800e-01  -5,58909e-01   1,71066e+01   1,08000e+01
          1049   1,04900e-01  -5,57397e-01   1,67454e+01   1,04000e+01
          1050   1,05000e-01  -5,55843e-01   1,63839e+01   1,00000e+01
          1051   1,05100e-01  -5,54197e-01   1,60237e+01   9,60000e+00
          1052   1,05200e-01  -5,52497e-01   1,56665e+01   9,19999e+00
          1053   1,05300e-01  -5,50799e-01   1,53124e+01   8,80002e+00
          1054   1,05400e-01  -5,49047e-01   1,49563e+01   8,40001e+00
          1055   1,05500e-01  -5,47188e-01   1,46065e+01   8,00000e+00
          1056   1,05600e-01  -5,45328e-01   1,42515e+01   7,60000e+00
          1057   1,05700e-01  -5,43428e-01   1,39028e+01   7,20002e+00
          1058   1,05800e-01  -5,41468e-01   1,35505e+01   6,80001e+00
          1059   1,05900e-01  -5,39508e-01   1,31996e+01   6,40001e+00
          1060   1,06000e-01  -5,37499e-01   1,28550e+01   6,00000e+00
          1061   1,06100e-01  -5,35479e-01   1,25085e+01   5,59999e+00
          1062   1,06200e-01  -5,33417e-01   1,21601e+01   5,20002e+00
          1063   1,06300e-01  -5,31374e-01   1,18214e+01   4,80001e+00
          1064   1,06400e-01  -5,29292e-01   1,14723e+01   4,40000e+00
          1065   1,06500e-01  -5,27216e-01   1,11314e+01   3,99999e+00
          1066   1,06600e-01  -5,25144e-01   1,07885e+01   3,60002e+00
          1067   1,06700e-01  -5,23086e-01   1,04520e+01   3,20001e+00
          1068   1,06800e-01  -5,21131e-01   1,01136e+01   2,80000e+00
          1069   1,06900e-01  -5,19153e-01   9,77316e+00   2,40000e+00
          1070   1,07000e-01  -5,17065e-01   9,43417e+00   1,99999e+00
          1071   1,07100e-01  -5,14929e-01   9,10499e+00   1,60001e+00
          1072   1,07200e-01  -5,12849e-01   8,76712e+00   1,20001e+00
          1073   1,07300e-01  -5,10777e-01   8,43572e+00   8,00000e-01
          1074   1,07400e-01  -5,08664e-01   8,10236e+00   3,99994e-01
          1075   1,07500e-01  -5,06557e-01   7,77380e+00   1,66144e-05
          1076   1,07600e-01  -5,04398e-01   7,44497e+00  -3,99990e-01
          1077   1,07700e-01  -5,02286e-01   7,11587e+00  -7,99997e-01
          1078   1,07800e-01  -5,00137e-01   6,78819e+00  -1,20000e+00
          1079   1,07900e-01  -4,98088e-01   6,46702e+00  -1,59998e+00
          1080   1,08000e-01  -4,95920e-01   6,13713e+00  -1,99999e+00
          1081   1,08100e-01  -4,93757e-01   5,81375e+00  -2,39999e+00
          1082   1,08200e-01  -4,91583e-01   5,49180e+00  -2,80000e+00
          1083   1,08300e-01  -4,89357e-01   5,16790e+00  -3,20001e+00
          1084   1,08400e-01  -4,87092e-01   4,85053e+00  -3,59998e+00
          1085   1,08500e-01  -4,84882e-01   4,52272e+00  -3,99999e+00
          1086   1,08600e-01  -4,82728e-01   4,20654e+00  -4,40000e+00
          1087   1,08700e-01  -4,80472e-01   3,89012e+00  -4,80000e+00
          1088   1,08800e-01  -4,78328e-01   3,57514e+00  -5,19998e+00
          1089   1,08900e-01  -4,76202e-01   3,25821e+00  -5,59999e+00
          1090   1,09000e-01  -4,74001e-01   2,94444e+00  -6,00000e+00
          1091   1,09100e-01  -4,71816e-01   2,63042e+00  -6,40000e+00
          1092   1,09200e-01  -4,69647e-01   2,31616e+00  -6,80001e+00
          1093   1,09300e-01  -4,67492e-01   2,00506e+00  -7,19999e+00
          1094   1,09400e-01  -4,65440e-01   1,69886e+00  -7,59999e+00
          1095   1,09500e-01  -4,63466e-01   1,38385e+00  -8,00000e+00
          1096   1,09600e-01  -4,61467e-01   1,07888e+00  -8,40001e+00
          1097   1,09700e-01  -4,59414e-01   7,73670e-01  -8,79998e+00
          1098   1,09800e-01  -4,57421e-01   4,64786e-01  -9,19999e+00
          1099   1,09900e-01  -4,55480e-01   1,60812e-01  -9,60000e+00
          1100   1,10000e-01  -4,53479e-01  -1,46837e-01  -1,00000e+01
          1101   1,10100e-01  -4,51472e-01  -4,53008e-01  -1,04000e+01
          1102   1,10200e-01  -4,49583e-01  -7,54253e-01  -1,08000e+01
          1103   1,10300e-01  -4,47737e-01  -1,05746e+00  -1,12000e+01
          1104   1,10400e-01  -4,45886e-01  -1,35400e+00  -1,16000e+01
          1105   1,10500e-01  -4,44131e-01  -1,65422e+00  -1,20000e+01
          1106   1,10600e-01  -4,42293e-01  -1,94776e+00  -1,24000e+01
          1107   1,10700e-01  -4,40364e-01  -2,25363e+00  -1,28000e+01
          1108   1,10800e-01  -4,38583e-01  -2,54936e+00  -1,32000e+01
          1109   1,10900e-01  -4,36696e-01  -2,84705e+00  -1,36000e+01
          1110   1,11000e-01  -4,34684e-01  -3,13977e+00  -1,40000e+01
          1111   1,11100e-01  -4,32679e-01  -3,43445e+00  -1,44000e+01
          1112   1,11200e-01  -4,30677e-01  -3,72762e+00  -1,48000e+01
          1113   1,11300e-01  -4,28694e-01  -4,01929e+00  -1,52000e+01
          1114   1,11400e-01  -4,26793e-01  -4,30769e+00  -1,56000e+01
          1115   1,11500e-01  -4,24855e-01  -4,59980e+00  -1,60000e+01
          1116   1,11600e-01  -4,22913e-01  -4,88691e+00  -1,64000e+01
          1117   1,11700e-01  -4,20963e-01  -5,17598e+00  -1,68000e+01
          1118   1,11800e-01  -4,19040e-01  -5,46353e+00  -1,72000e+01
          1119   1,11900e-01  -4,17130e-01  -5,74955e+00  -1,76000e+01
          1120   1,12000e-01  -4,15214e-01  -6,03579e+00  -1,80000e+01
          1121   1,12100e-01  -4,13263e-01  -6,32400e+00  -1,84000e+01
          1122   1,12200e-01  -4,11391e-01  -6,60543e+00  -1,88000e+01
          1123   1,12300e-01  -4,09536e-01  -6,88882e+00  -1,92000e+01
          1124   1,12400e-01  -4,07710e-01  -7,16718e+00  -1,96000e+01
          1125   1,12500e-01  -4,05936e-01  -7,45100e+00  -2,00000e+01
          1126   1,12600e-01  -4,04043e-01  -7,72626e+00  -2,04000e+01
          1127   1,12700e-01  -4,02144e-01  -8,00524e+00  -2,08000e+01
          1128   1,12800e-01  -4,00284e-01  -8,28443e+00  -2,12000e+01
          1129   1,12900e-01  -3,98466e-01  -8,55680e+00  -2,16000e+01
          1130   1,13000e-01  -3,96614e-01  -8,84345e+00  -2,20000e+01
          1131   1,13100e-01  -3,94864e-01  -9,11623e+00  -2,24000e+01
          1132   1,13200e-01  -3,93167e-01  -9,39274e+00  -2,28000e+01
          1133   1,13300e-01  -3,91506e-01  -9,66592e+00  -2,32000e+01
          1134   1,13400e-01  -3,89910e-01  -9,94108e+00  -2,36000e+01
          1135   1,13500e-01  -3,88358e-01  -1,02129e+01  -2,40000e+01
          1136   1,13600e-01  -3,86761e-01  -1,04832e+01  -2,44000e+01
          1137   1,13700e-01  -3,85149e-01  -1,07536e+01  -2,48000e+01
          1138   1,13800e-01  -3,83569e-01  -1,10243e+01  -2,52000e+01
          1139   1,13900e-01  -3,81987e-01  -1,12863e+01  -2,56000e+01
          1140   1,14000e-01  -3,80436e-01  -1,15538e+01  -2,60000e+01
          1141   1,14100e-01  -3,78836e-01  -1,18269e+01  -2,64000e+01
          1142   1,14200e-01  -3,77255e-01  -1,20913e+01  -2,68000e+01
          1143   1,14300e-01  -3,75633e-01  -1,23594e+01  -2,72000e+01
          1144   1,14400e-01  -3,73996e-01  -1,26223e+01  -2,76000e+01
          1145   1,14500e-01  -3,72354e-01  -1,28926e+01  -2,80000e+01
          1146   1,14600e-01  -3,70680e-01  -1,31489e+01  -2,84000e+01
          1147   1,14700e-01  -3,68962e-01  -1,34089e+01  -2,88000e+01
          1148   1,14800e-01  -3,67291e-01  -1,36673e+01  -2,92000e+01
          1149   1,14900e-01  -3,65606e-01  -1,39330e+01  -2,96000e+01
          1150   1,15000e-01  -3,63995e-01  -1,41900e+01  -3,00000e+01
          1151   1,15100e-01  -3,62367e-01  -1,44472e+01  -3,04000e+01
          1152   1,15200e-01  -3,60802e-01  -1,47028e+01  -3,08000e+01
          1153   1,15300e-01  -3,59187e-01  -1,49603e+01  -3,12000e+01
          1154   1,15400e-01  -3,57565e-01  -1,52198e+01  -3,16000e+01
          1155   1,15500e-01  -3,56002e-01  -1,54760e+01  -3,20000e+01
          1156   1,15600e-01  -3,54444e-01  -1,57287e+01  -3,24000e+01
          1157   1,15700e-01  -3,52837e-01  -1,59816e+01  -3,28000e+01
          1158   1,15800e-01  -3,51263e-01  -1,62311e+01  -3,32000e+01
          1159   1,15900e-01  -3,49631e-01  -1,64862e+01  -3,36000e+01
          1160   1,16000e-01  -3,47968e-01  -1,67379e+01  -3,40000e+01
          1161   1,16100e-01  -3,46429e-01  -1,69879e+01  -3,44000e+01
          1162   1,16200e-01  -3,44889e-01  -1,72417e+01  -3,48000e+01
          1163   1,16300e-01  -3,43422e-01  -1,74849e+01  -3,52000e+01
          1164   1,16400e-01  -3,41910e-01  -1,77355e+01  -3,56000e+01
          1165   1,16500e-01  -3,40478e-01  -1,79844e+01  -3,60000e+01
          1166   1,16600e-01  -3,39206e-01  -1,82336e+01  -3,64000e+01
          1167   1,16700e-01  -3,37914e-01  -1,84738e+01  -3,68000e+01
          1168   1,16800e-01  -3,36642e-01  -1,87215e+01  -3,72000e+01
          1169   1,16900e-01  -3,35335e-01  -1,89621e+01  -3,76000e+01
          1170   1,17000e-01  -3,33932e-01  -1,92065e+01  -3,80000e+01
          1171   1,17100e-01  -3,32517e-01  -1,94511e+01  -3,84000e+01
          1172   1,17200e-01  -3,30995e-01  -1,96922e+01  -3,88000e+01
          1173   1,17300e-01  -3,29521e-01  -1,99262e+01  -3,92000e+01
          1174   1,17400e-01  -3,28001e-01  -2,01731e+01  -3,96000e+01
          1175   1,17500e-01  -3,26595e-01  -2,04111e+01  -4,00000e+01
          1176   1,17600e-01  -3,25044e-01  -2,06493e+01  -4,04000e+01
          1177   1,17700e-01  -3,23518e-01  -2,08858e+01  -4,08000e+01
          1178   1,17800e-01  -3,22008e-01  -2,11243e+01  -4,12000e+01
          1179   1,17900e-01  -3,20567e-01  -2,13593e+01  -4,16000e+01
          1180   1,18000e-01  -3,19217e-01  -2,15963e+01  -4,20000e+01
          1181   1,18100e-01  -3,17991e-01  -2,18298e+01  -4,24000e+01
          1182   1,18200e-01  -3,16791e-01  -2,20653e+01  -4,28000e+01
          1183   1,18300e-01  -3,15574e-01  -2,22973e+01  -4,32000e+01
          1184   1,18400e-01  -3,14416e-01  -2,25294e+01  -4,36000e+01
          1185   1,18500e-01  -3,13163e-01  -2,27636e+01  -4,40000e+01
          1186   1,18600e-01  -3,11869e-01  -2,29888e+01  -4,44000e+01
          1187   1,18700e-01  -3,10511e-01  -2,32214e+01  -4,48000e+01
          1188   1,18800e-01  -3,09148e-01  -2,34524e+01  -4,52000e+01
          1189   1,18900e-01  -3,07812e-01  -2,36853e+01  -4,56000e+01
          1190   1,19000e-01  -3,06486e-01  -2,39129e+01  -4,60000e+01
          1191   1,19100e-01  -3,05224e-01  -2,41389e+01  -4,64000e+01
          1192   1,19200e-01  -3,03919e-01  -2,43686e+01  -4,68000e+01
          1193   1,19300e-01  -3,02609e-01  -2,45930e+01  -4,72000e+01
          1194   1,19400e-01  -3,01392e-01  -2,48213e+01  -4,76000e+01
          1195   1,19500e-01  -3,00214e-01  -2,50460e+01  -4,80000e+01
          1196   1,19600e-01  -2,98967e-01  -2,52653e+01  -4,84000e+01
          1197   1,19700e-01  -2,97778e-01  -2,54903e+01  -4,88000e+01
          1198   1,19800e-01  -2,96630e-01  -2,57118e+01  -4,92000e+01
          1199   1,19900e-01  -2,95506e-01  -2,59352e+01  -4,96000e+01
          1200   1,20000e-01  -2,94372e-01  -2,61551e+01  -5,00000e+01
          1201   1,20100e-01  -2,93231e-01  -2,63752e+01  -5,04000e+01
          1202   1,20200e-01  -2,92082e-01  -2,65935e+01  -5,08000e+01
          1203   1,20300e-01  -2,90964e-01  -2,68102e+01  -5,12000e+01
          1204   1,20400e-01  -2,89778e-01  -2,70325e+01  -5,16000e+01
          1205   1,20500e-01  -2,88574e-01  -2,72513e+01  -5,20000e+01
          1206   1,20600e-01  -2,87341e-01  -2,74591e+01  -5,24000e+01
          1207   1,20700e-01  -2,86057e-01  -2,76838e+01  -5,28000e+01
          1208   1,20800e-01  -2,84810e-01  -2,78974e+01  -5,32000e+01
          1209   1,20900e-01  -2,83500e-01  -2,81075e+01  -5,36000e+01
          1210   1,21000e-01  -2,82238e-01  -2,83270e+01  -5,40000e+01
          1211   1,21100e-01  -2,80979e-01  -2,85411e+01  -5,44000e+01
          1212   1,21200e-01  -2,79741e-01  -2,87479e+01  -5,48000e+01
          1213   1,21300e-01  -2,78505e-01  -2,89641e+01  -5,52000e+01
          1214   1,21400e-01  -2,77361e-01  -2,91749e+01  -5,56000e+01
          1215   1,21500e-01  -2,76162e-01  -2,93858e+01  -5,60000e+01
          1216   1,21600e-01  -2,75003e-01  -2,95931e+01  -5,64000e+01
          1217   1,21700e-01  -2,73817e-01  -2,98042e+01  -5,68000e+01
          1218   1,21800e-01  -2,72583e-01  -3,00174e+01  -5,72000e+01
          1219   1,21900e-01  -2,71322e-01  -3,02214e+01  -5,76000e+01
          1220   1,22000e-01  -2,70044e-01  -3,04311e+01  -5,80000e+01
          1221   1,22100e-01  -2,68746e-01  -3,06391e+01  -5,84000e+01
          1222   1,22200e-01  -2,67474e-01  -3,08397e+01  -5,88000e+01
          1223   1,22300e-01  -2,66264e-01  -3,10479e+01  -5,92000e+01
          1224   1,22400e-01  -2,65167e-01  -3,12526e+01  -5,96000e+01
          1225   1,22500e-01  -2,64111e-01  -3,14554e+01  -6,00000e+01
          1226   1,22600e-01  -2,63112e-01  -3,16565e+01  -6,04000e+01
          1227   1,22700e-01  -2,62113e-01  -3,18597e+01  -6,08000e+01
          1228   1,22800e-01  -2,61087e-01  -3,20648e+01  -6,12000e+01
          1229   1,22900e-01  -2,59977e-01  -3,22663e+01  -6,16000e+01
          1230   1,23000e-01  -2,58803e-01  -3,24680e+01  -6,20000e+01
          1231   1,23100e-01  -2,57572e-01  -3,26660e+01  -6,24000e+01
          1232   1,23200e-01  -2,56353e-01  -3,28697e+01  -6,28000e+01
          1233   1,23300e-01  -2,55120e-01  -3,30642e+01  -6,32000e+01
          1234   1,23400e-01  -2,53984e-01  -3,32607e+01  -6,36000e+01
          1235   1,23500e-01  -2,52824e-01  -3,34611e+01  -6,40000e+01
          1236   1,23600e-01  -2,51663e-01  -3,36559e+01  -6,44000e+01
          1237   1,23700e-01  -2,50496e-01  -3,38546e+01  -6,48000e+01
          1238   1,23800e-01  -2,49356e-01  -3,40478e+01  -6,52000e+01
          1239   1,23900e-01  -2,48228e-01  -3,42468e+01  -6,56000e+01
          1240   1,24000e-01  -2,47096e-01  -3,44402e+01  -6,60000e+01
          1241   1,24100e-01  -2,45996e-01  -3,46338e+01  -6,64000e+01
          1242   1,24200e-01  -2,44970e-01  -3,48274e+01  -6,68000e+01
          1243   1,24300e-01  -2,43997e-01  -3,50174e+01  -6,72000e+01
          1244   1,24400e-01  -2,43026e-01  -3,52075e+01  -6,76000e+01
          1245   1,24500e-01  -2,42077e-01  -3,54035e+01  -6,80000e+01
          1246   1,24600e-01  -2,41200e-01  -3,55900e+01  -6,84000e+01
          1247   1,24700e-01  -2,40272e-01  -3,57823e+01  -6,88000e+01
          1248   1,24800e-01  -2,39374e-01  -3,59710e+01  -6,92000e+01
          1249   1,24900e-01  -2,38401e-01  -3,61579e+01  -6,96000e+01
          1250   1,25000e-01  -2,37405e-01  -3,63487e+01  -7,00000e+01
          1251   1,25100e-01  -2,36417e-01  -3,65377e+01  -7,04000e+01
          1252   1,25200e-01  -2,35435e-01  -3,67249e+01  -7,08000e+01
          1253   1,25300e-01  -2,34436e-01  -3,69065e+01  -7,12000e+01
          1254   1,25400e-01  -2,33400e-01  -3,70939e+01  -7,16000e+01
          1255   1,25500e-01  -2,32445e-01  -3,72776e+01  -7,20000e+01
          1256   1,25600e-01  -2,31489e-01  -3,74653e+01  -7,24000e+01
          1257   1,25700e-01  -2,30459e-01  -3,76493e+01  -7,28000e+01
          1258   1,25800e-01  -2,29441e-01  -3,78333e+01  -7,32000e+01
          1259   1,25900e-01  -2,28427e-01  -3,80137e+01  -7,36000e+01
          1260   1,26000e-01  -2,27367e-01  -3,81960e+01  -7,40000e+01
          1261   1,26100e-01  -2,26292e-01  -3,83804e+01  -7,44000e+01
          1262   1,26200e-01  -2,25233e-01  -3,85630e+01  -7,48000e+01
          1263   1,26300e-01  -2,24150e-01  -3,87437e+01  -7,52000e+01
          1264   1,26400e-01  -2,23093e-01  -3,89188e+01  -7,56000e+01
          1265   1,26500e-01  -2,22047e-01  -3,90960e+01  -7,60000e+01
          1266   1,26600e-01  -2,21046e-01  -3,92790e+01  -7,64000e+01
          1267   1,26700e-01  -2,20141e-01  -3,94544e+01  -7,68000e+01
          1268   1,26800e-01  -2,19188e-01  -3,96357e+01  -7,72000e+01
          1269   1,26900e-01  -2,18288e-01  -3,98093e+01  -7,76000e+01
          1270   1,27000e-01  -2,17382e-01  -3,99889e+01  -7,80000e+01
          1271   1,27100e-01  -2,16485e-01  -4,01648e+01  -7,84000e+01
          1272   1,27200e-01  -2,15561e-01  -4,03368e+01  -7,88000e+01
          1273   1,27300e-01  -2,14638e-01  -4,05109e+01  -7,92000e+01
          1274   1,27400e-01  -2,13707e-01  -4,06870e+01  -7,96000e+01
&ISTI23 90819 Jos_usf2_coolings_2000_4000_6000_8000_10000
