         Index             t     Heat Flow            Ts            Tr
           [#]           [s]          [mW]          [°C]          [°C]
             0   0,00000e+00  -3,20143e-02   4,29782e+02   4,30000e+02
             1   1,00000e-04  -3,44501e-02   4,29778e+02   4,29400e+02
             2   2,00000e-04  -3,58821e-02   4,29760e+02   4,28800e+02
             3   3,00000e-04  -3,56653e-02   4,29725e+02   4,28200e+02
             4   4,00000e-04  -3,42739e-02   4,29662e+02   4,27600e+02
             5   5,00000e-04  -3,25201e-02   4,29544e+02   4,27000e+02
             6   6,00000e-04  -3,07542e-02   4,29365e+02   4,26400e+02
             7   7,00000e-04  -2,87672e-02   4,29127e+02   4,25800e+02
             8   8,00000e-04  -2,59351e-02   4,28850e+02   4,25200e+02
             9   9,00000e-04  -2,22822e-02   4,28547e+02   4,24600e+02
            10   1,00000e-03  -1,77890e-02   4,28233e+02   4,24000e+02
            11   1,10000e-03  -1,25090e-02   4,27908e+02   4,23400e+02
            12   1,20000e-03  -6,80921e-03   4,27557e+02   4,22800e+02
            13   1,30000e-03  -1,03817e-03   4,27174e+02   4,22200e+02
            14   1,40000e-03   4,70182e-03   4,26760e+02   4,21600e+02
            15   1,50000e-03   1,05522e-02   4,26320e+02   4,21000e+02
            16   1,60000e-03   1,68084e-02   4,25870e+02   4,20400e+02
            17   1,70000e-03   2,33774e-02   4,25422e+02   4,19800e+02
            18   1,80000e-03   2,98930e-02   4,24961e+02   4,19200e+02
            19   1,90000e-03   3,56517e-02   4,24493e+02   4,18600e+02
            20   2,00000e-03   4,00405e-02   4,24008e+02   4,18000e+02
            21   2,10000e-03   4,28121e-02   4,23504e+02   4,17400e+02
            22   2,20000e-03   4,40772e-02   4,22990e+02   4,16800e+02
            23   2,30000e-03   4,41714e-02   4,22465e+02   4,16200e+02
            24   2,40000e-03   4,31151e-02   4,21943e+02   4,15600e+02
            25   2,50000e-03   4,07991e-02   4,21417e+02   4,15000e+02
            26   2,60000e-03   3,71439e-02   4,20888e+02   4,14400e+02
            27   2,70000e-03   3,26812e-02   4,20350e+02   4,13800e+02
            28   2,80000e-03   2,78116e-02   4,19801e+02   4,13200e+02
            29   2,90000e-03   2,23365e-02   4,19247e+02   4,12600e+02
            30   3,00000e-03   1,61280e-02   4,18686e+02   4,12000e+02
            31   3,10000e-03   8,92649e-03   4,18130e+02   4,11400e+02
            32   3,20000e-03   3,06654e-04   4,17571e+02   4,10800e+02
            33   3,30000e-03  -1,00982e-02   4,17010e+02   4,10200e+02
            34   3,40000e-03  -2,28294e-02   4,16443e+02   4,09600e+02
            35   3,50000e-03  -3,82617e-02   4,15876e+02   4,09000e+02
            36   3,60000e-03  -5,66877e-02   4,15300e+02   4,08400e+02
            37   3,70000e-03  -7,82451e-02   4,14724e+02   4,07800e+02
            38   3,80000e-03  -1,02979e-01   4,14145e+02   4,07200e+02
            39   3,90000e-03  -1,30939e-01   4,13571e+02   4,06600e+02
            40   4,00000e-03  -1,62033e-01   4,12993e+02   4,06000e+02
            41   4,10000e-03  -1,96215e-01   4,12413e+02   4,05400e+02
            42   4,20000e-03  -2,33142e-01   4,11830e+02   4,04800e+02
            43   4,30000e-03  -2,72295e-01   4,11244e+02   4,04200e+02
            44   4,40000e-03  -3,13034e-01   4,10658e+02   4,03600e+02
            45   4,50000e-03  -3,54467e-01   4,10072e+02   4,03000e+02
            46   4,60000e-03  -3,95869e-01   4,09486e+02   4,02400e+02
            47   4,70000e-03  -4,36659e-01   4,08899e+02   4,01800e+02
            48   4,80000e-03  -4,76336e-01   4,08314e+02   4,01200e+02
            49   4,90000e-03  -5,14397e-01   4,07723e+02   4,00600e+02
            50   5,00000e-03  -5,50536e-01   4,07131e+02   4,00000e+02
            51   5,10000e-03  -5,84248e-01   4,06544e+02   3,99400e+02
            52   5,20000e-03  -6,15169e-01   4,05952e+02   3,98800e+02
            53   5,30000e-03  -6,43375e-01   4,05361e+02   3,98200e+02
            54   5,40000e-03  -6,69085e-01   4,04767e+02   3,97600e+02
            55   5,50000e-03  -6,92817e-01   4,04176e+02   3,97000e+02
            56   5,60000e-03  -7,14685e-01   4,03584e+02   3,96400e+02
            57   5,70000e-03  -7,34854e-01   4,02991e+02   3,95800e+02
            58   5,80000e-03  -7,53425e-01   4,02397e+02   3,95200e+02
            59   5,90000e-03  -7,70865e-01   4,01804e+02   3,94600e+02
            60   6,00000e-03  -7,87570e-01   4,01210e+02   3,94000e+02
            61   6,10000e-03  -8,03796e-01   4,00616e+02   3,93400e+02
            62   6,20000e-03  -8,19840e-01   4,00022e+02   3,92800e+02
            63   6,30000e-03  -8,35817e-01   3,99428e+02   3,92200e+02
            64   6,40000e-03  -8,51832e-01   3,98832e+02   3,91600e+02
            65   6,50000e-03  -8,67965e-01   3,98237e+02   3,91000e+02
            66   6,60000e-03  -8,84234e-01   3,97640e+02   3,90400e+02
            67   6,70000e-03  -9,00667e-01   3,97045e+02   3,89800e+02
            68   6,80000e-03  -9,17198e-01   3,96449e+02   3,89200e+02
            69   6,90000e-03  -9,33629e-01   3,95853e+02   3,88600e+02
            70   7,00000e-03  -9,50074e-01   3,95256e+02   3,88000e+02
            71   7,10000e-03  -9,66402e-01   3,94662e+02   3,87400e+02
            72   7,20000e-03  -9,82421e-01   3,94064e+02   3,86800e+02
            73   7,30000e-03  -9,97960e-01   3,93467e+02   3,86200e+02
            74   7,40000e-03  -1,01274e+00   3,92872e+02   3,85600e+02
            75   7,50000e-03  -1,02670e+00   3,92277e+02   3,85000e+02
            76   7,60000e-03  -1,03995e+00   3,91679e+02   3,84400e+02
            77   7,70000e-03  -1,05255e+00   3,91081e+02   3,83800e+02
            78   7,80000e-03  -1,06438e+00   3,90484e+02   3,83200e+02
            79   7,90000e-03  -1,07554e+00   3,89886e+02   3,82600e+02
            80   8,00000e-03  -1,08597e+00   3,89290e+02   3,82000e+02
            81   8,10000e-03  -1,09545e+00   3,88691e+02   3,81400e+02
            82   8,20000e-03  -1,10444e+00   3,88098e+02   3,80800e+02
            83   8,30000e-03  -1,11289e+00   3,87500e+02   3,80200e+02
            84   8,40000e-03  -1,12088e+00   3,86899e+02   3,79600e+02
            85   8,50000e-03  -1,12856e+00   3,86300e+02   3,79000e+02
            86   8,60000e-03  -1,13599e+00   3,85706e+02   3,78400e+02
            87   8,70000e-03  -1,14322e+00   3,85104e+02   3,77800e+02
            88   8,80000e-03  -1,15043e+00   3,84512e+02   3,77200e+02
            89   8,90000e-03  -1,15756e+00   3,83912e+02   3,76600e+02
            90   9,00000e-03  -1,16459e+00   3,83316e+02   3,76000e+02
            91   9,10000e-03  -1,17148e+00   3,82718e+02   3,75400e+02
            92   9,20000e-03  -1,17824e+00   3,82118e+02   3,74800e+02
            93   9,30000e-03  -1,18485e+00   3,81521e+02   3,74200e+02
            94   9,40000e-03  -1,19123e+00   3,80923e+02   3,73600e+02
            95   9,50000e-03  -1,19736e+00   3,80323e+02   3,73000e+02
            96   9,60000e-03  -1,20336e+00   3,79728e+02   3,72400e+02
            97   9,70000e-03  -1,20906e+00   3,79128e+02   3,71800e+02
            98   9,80000e-03  -1,21447e+00   3,78531e+02   3,71200e+02
            99   9,90000e-03  -1,21938e+00   3,77930e+02   3,70600e+02
           100   1,00000e-02  -1,22412e+00   3,77334e+02   3,70000e+02
           101   1,01000e-02  -1,22873e+00   3,76736e+02   3,69400e+02
           102   1,02000e-02  -1,23328e+00   3,76137e+02   3,68800e+02
           103   1,03000e-02  -1,23760e+00   3,75538e+02   3,68200e+02
           104   1,04000e-02  -1,24167e+00   3,74940e+02   3,67600e+02
           105   1,05000e-02  -1,24545e+00   3,74343e+02   3,67000e+02
           106   1,06000e-02  -1,24918e+00   3,73746e+02   3,66400e+02
           107   1,07000e-02  -1,25259e+00   3,73144e+02   3,65800e+02
           108   1,08000e-02  -1,25602e+00   3,72548e+02   3,65200e+02
           109   1,09000e-02  -1,25924e+00   3,71948e+02   3,64600e+02
           110   1,10000e-02  -1,26242e+00   3,71351e+02   3,64000e+02
           111   1,11000e-02  -1,26557e+00   3,70754e+02   3,63400e+02
           112   1,12000e-02  -1,26891e+00   3,70154e+02   3,62800e+02
           113   1,13000e-02  -1,27229e+00   3,69555e+02   3,62200e+02
           114   1,14000e-02  -1,27548e+00   3,68959e+02   3,61600e+02
           115   1,15000e-02  -1,27859e+00   3,68360e+02   3,61000e+02
           116   1,16000e-02  -1,28175e+00   3,67761e+02   3,60400e+02
           117   1,17000e-02  -1,28477e+00   3,67163e+02   3,59800e+02
           118   1,18000e-02  -1,28757e+00   3,66563e+02   3,59200e+02
           119   1,19000e-02  -1,29039e+00   3,65966e+02   3,58600e+02
           120   1,20000e-02  -1,29313e+00   3,65367e+02   3,58000e+02
           121   1,21000e-02  -1,29587e+00   3,64768e+02   3,57400e+02
           122   1,22000e-02  -1,29850e+00   3,64172e+02   3,56800e+02
           123   1,23000e-02  -1,30089e+00   3,63572e+02   3,56200e+02
           124   1,24000e-02  -1,30321e+00   3,62970e+02   3,55600e+02
           125   1,25000e-02  -1,30540e+00   3,62373e+02   3,55000e+02
           126   1,26000e-02  -1,30716e+00   3,61775e+02   3,54400e+02
           127   1,27000e-02  -1,30870e+00   3,61175e+02   3,53800e+02
           128   1,28000e-02  -1,30981e+00   3,60576e+02   3,53200e+02
           129   1,29000e-02  -1,31086e+00   3,59976e+02   3,52600e+02
           130   1,30000e-02  -1,31203e+00   3,59380e+02   3,52000e+02
           131   1,31000e-02  -1,31329e+00   3,58780e+02   3,51400e+02
           132   1,32000e-02  -1,31466e+00   3,58182e+02   3,50800e+02
           133   1,33000e-02  -1,31596e+00   3,57580e+02   3,50200e+02
           134   1,34000e-02  -1,31707e+00   3,56983e+02   3,49600e+02
           135   1,35000e-02  -1,31826e+00   3,56384e+02   3,49000e+02
           136   1,36000e-02  -1,31951e+00   3,55788e+02   3,48400e+02
           137   1,37000e-02  -1,32104e+00   3,55188e+02   3,47800e+02
           138   1,38000e-02  -1,32269e+00   3,54589e+02   3,47200e+02
           139   1,39000e-02  -1,32421e+00   3,53990e+02   3,46600e+02
           140   1,40000e-02  -1,32559e+00   3,53392e+02   3,46000e+02
           141   1,41000e-02  -1,32699e+00   3,52792e+02   3,45400e+02
           142   1,42000e-02  -1,32840e+00   3,52195e+02   3,44800e+02
           143   1,43000e-02  -1,32972e+00   3,51596e+02   3,44200e+02
           144   1,44000e-02  -1,33099e+00   3,50997e+02   3,43600e+02
           145   1,45000e-02  -1,33214e+00   3,50396e+02   3,43000e+02
           146   1,46000e-02  -1,33308e+00   3,49797e+02   3,42400e+02
           147   1,47000e-02  -1,33381e+00   3,49200e+02   3,41800e+02
           148   1,48000e-02  -1,33471e+00   3,48603e+02   3,41200e+02
           149   1,49000e-02  -1,33544e+00   3,48004e+02   3,40600e+02
           150   1,50000e-02  -1,33619e+00   3,47404e+02   3,40000e+02
           151   1,51000e-02  -1,33696e+00   3,46805e+02   3,39400e+02
           152   1,52000e-02  -1,33786e+00   3,46204e+02   3,38800e+02
           153   1,53000e-02  -1,33881e+00   3,45605e+02   3,38200e+02
           154   1,54000e-02  -1,33961e+00   3,45007e+02   3,37600e+02
           155   1,55000e-02  -1,34039e+00   3,44408e+02   3,37000e+02
           156   1,56000e-02  -1,34130e+00   3,43807e+02   3,36400e+02
           157   1,57000e-02  -1,34223e+00   3,43209e+02   3,35800e+02
           158   1,58000e-02  -1,34320e+00   3,42612e+02   3,35200e+02
           159   1,59000e-02  -1,34425e+00   3,42011e+02   3,34600e+02
           160   1,60000e-02  -1,34532e+00   3,41413e+02   3,34000e+02
           161   1,61000e-02  -1,34637e+00   3,40814e+02   3,33400e+02
           162   1,62000e-02  -1,34752e+00   3,40215e+02   3,32800e+02
           163   1,63000e-02  -1,34873e+00   3,39618e+02   3,32200e+02
           164   1,64000e-02  -1,34969e+00   3,39014e+02   3,31600e+02
           165   1,65000e-02  -1,35063e+00   3,38419e+02   3,31000e+02
           166   1,66000e-02  -1,35155e+00   3,37822e+02   3,30400e+02
           167   1,67000e-02  -1,35261e+00   3,37220e+02   3,29800e+02
           168   1,68000e-02  -1,35373e+00   3,36623e+02   3,29200e+02
           169   1,69000e-02  -1,35497e+00   3,36025e+02   3,28600e+02
           170   1,70000e-02  -1,35627e+00   3,35422e+02   3,28000e+02
           171   1,71000e-02  -1,35749e+00   3,34825e+02   3,27400e+02
           172   1,72000e-02  -1,35870e+00   3,34228e+02   3,26800e+02
           173   1,73000e-02  -1,36015e+00   3,33630e+02   3,26200e+02
           174   1,74000e-02  -1,36178e+00   3,33029e+02   3,25600e+02
           175   1,75000e-02  -1,36382e+00   3,32429e+02   3,25000e+02
           176   1,76000e-02  -1,36608e+00   3,31833e+02   3,24400e+02
           177   1,77000e-02  -1,36826e+00   3,31234e+02   3,23800e+02
           178   1,78000e-02  -1,37040e+00   3,30634e+02   3,23200e+02
           179   1,79000e-02  -1,37271e+00   3,30033e+02   3,22600e+02
           180   1,80000e-02  -1,37522e+00   3,29436e+02   3,22000e+02
           181   1,81000e-02  -1,37786e+00   3,28839e+02   3,21400e+02
           182   1,82000e-02  -1,38068e+00   3,28239e+02   3,20800e+02
           183   1,83000e-02  -1,38370e+00   3,27642e+02   3,20200e+02
           184   1,84000e-02  -1,38698e+00   3,27044e+02   3,19600e+02
           185   1,85000e-02  -1,39047e+00   3,26444e+02   3,19000e+02
           186   1,86000e-02  -1,39449e+00   3,25842e+02   3,18400e+02
           187   1,87000e-02  -1,39914e+00   3,25245e+02   3,17800e+02
           188   1,88000e-02  -1,40464e+00   3,24646e+02   3,17200e+02
           189   1,89000e-02  -1,41084e+00   3,24051e+02   3,16600e+02
           190   1,90000e-02  -1,41789e+00   3,23448e+02   3,16000e+02
           191   1,91000e-02  -1,42584e+00   3,22853e+02   3,15400e+02
           192   1,92000e-02  -1,43461e+00   3,22252e+02   3,14800e+02
           193   1,93000e-02  -1,44423e+00   3,21657e+02   3,14200e+02
           194   1,94000e-02  -1,45485e+00   3,21055e+02   3,13600e+02
           195   1,95000e-02  -1,46615e+00   3,20458e+02   3,13000e+02
           196   1,96000e-02  -1,47812e+00   3,19860e+02   3,12400e+02
           197   1,97000e-02  -1,49055e+00   3,19264e+02   3,11800e+02
           198   1,98000e-02  -1,50342e+00   3,18666e+02   3,11200e+02
           199   1,99000e-02  -1,51652e+00   3,18064e+02   3,10600e+02
           200   2,00000e-02  -1,52915e+00   3,17467e+02   3,10000e+02
           201   2,01000e-02  -1,54123e+00   3,16865e+02   3,09400e+02
           202   2,02000e-02  -1,55249e+00   3,16267e+02   3,08800e+02
           203   2,03000e-02  -1,56350e+00   3,15669e+02   3,08200e+02
           204   2,04000e-02  -1,57352e+00   3,15071e+02   3,07600e+02
           205   2,05000e-02  -1,58281e+00   3,14471e+02   3,07000e+02
           206   2,06000e-02  -1,59100e+00   3,13873e+02   3,06400e+02
           207   2,07000e-02  -1,59830e+00   3,13276e+02   3,05800e+02
           208   2,08000e-02  -1,60439e+00   3,12677e+02   3,05200e+02
           209   2,09000e-02  -1,60974e+00   3,12078e+02   3,04600e+02
           210   2,10000e-02  -1,61423e+00   3,11478e+02   3,04000e+02
           211   2,11000e-02  -1,61805e+00   3,10881e+02   3,03400e+02
           212   2,12000e-02  -1,62153e+00   3,10280e+02   3,02800e+02
           213   2,13000e-02  -1,62435e+00   3,09682e+02   3,02200e+02
           214   2,14000e-02  -1,62658e+00   3,09085e+02   3,01600e+02
           215   2,15000e-02  -1,62832e+00   3,08486e+02   3,01000e+02
           216   2,16000e-02  -1,62938e+00   3,07885e+02   3,00400e+02
           217   2,17000e-02  -1,63042e+00   3,07287e+02   2,99800e+02
           218   2,18000e-02  -1,63113e+00   3,06688e+02   2,99200e+02
           219   2,19000e-02  -1,63154e+00   3,06089e+02   2,98600e+02
           220   2,20000e-02  -1,63168e+00   3,05491e+02   2,98000e+02
           221   2,21000e-02  -1,63167e+00   3,04893e+02   2,97400e+02
           222   2,22000e-02  -1,63134e+00   3,04294e+02   2,96800e+02
           223   2,23000e-02  -1,63052e+00   3,03694e+02   2,96200e+02
           224   2,24000e-02  -1,62940e+00   3,03095e+02   2,95600e+02
           225   2,25000e-02  -1,62809e+00   3,02496e+02   2,95000e+02
           226   2,26000e-02  -1,62655e+00   3,01894e+02   2,94400e+02
           227   2,27000e-02  -1,62471e+00   3,01294e+02   2,93800e+02
           228   2,28000e-02  -1,62270e+00   3,00693e+02   2,93200e+02
           229   2,29000e-02  -1,62030e+00   3,00097e+02   2,92600e+02
           230   2,30000e-02  -1,61736e+00   2,99498e+02   2,92000e+02
           231   2,31000e-02  -1,61406e+00   2,98899e+02   2,91400e+02
           232   2,32000e-02  -1,61069e+00   2,98301e+02   2,90800e+02
           233   2,33000e-02  -1,60698e+00   2,97699e+02   2,90200e+02
           234   2,34000e-02  -1,60310e+00   2,97100e+02   2,89600e+02
           235   2,35000e-02  -1,59863e+00   2,96503e+02   2,89000e+02
           236   2,36000e-02  -1,59393e+00   2,95904e+02   2,88400e+02
           237   2,37000e-02  -1,58899e+00   2,95304e+02   2,87800e+02
           238   2,38000e-02  -1,58397e+00   2,94705e+02   2,87200e+02
           239   2,39000e-02  -1,57859e+00   2,94103e+02   2,86600e+02
           240   2,40000e-02  -1,57317e+00   2,93507e+02   2,86000e+02
           241   2,41000e-02  -1,56816e+00   2,92904e+02   2,85400e+02
           242   2,42000e-02  -1,56338e+00   2,92305e+02   2,84800e+02
           243   2,43000e-02  -1,55850e+00   2,91707e+02   2,84200e+02
           244   2,44000e-02  -1,55354e+00   2,91106e+02   2,83600e+02
           245   2,45000e-02  -1,54862e+00   2,90508e+02   2,83000e+02
           246   2,46000e-02  -1,54363e+00   2,89913e+02   2,82400e+02
           247   2,47000e-02  -1,53865e+00   2,89312e+02   2,81800e+02
           248   2,48000e-02  -1,53367e+00   2,88712e+02   2,81200e+02
           249   2,49000e-02  -1,52893e+00   2,88110e+02   2,80600e+02
           250   2,50000e-02  -1,52408e+00   2,87512e+02   2,80000e+02
           251   2,51000e-02  -1,51933e+00   2,86913e+02   2,79400e+02
           252   2,52000e-02  -1,51427e+00   2,86313e+02   2,78800e+02
           253   2,53000e-02  -1,50897e+00   2,85716e+02   2,78200e+02
           254   2,54000e-02  -1,50377e+00   2,85117e+02   2,77600e+02
           255   2,55000e-02  -1,49855e+00   2,84517e+02   2,77000e+02
           256   2,56000e-02  -1,49319e+00   2,83915e+02   2,76400e+02
           257   2,57000e-02  -1,48804e+00   2,83321e+02   2,75800e+02
           258   2,58000e-02  -1,48293e+00   2,82719e+02   2,75200e+02
           259   2,59000e-02  -1,47784e+00   2,82120e+02   2,74600e+02
           260   2,60000e-02  -1,47298e+00   2,81518e+02   2,74000e+02
           261   2,61000e-02  -1,46801e+00   2,80920e+02   2,73400e+02
           262   2,62000e-02  -1,46308e+00   2,80323e+02   2,72800e+02
           263   2,63000e-02  -1,45812e+00   2,79725e+02   2,72200e+02
           264   2,64000e-02  -1,45335e+00   2,79125e+02   2,71600e+02
           265   2,65000e-02  -1,44867e+00   2,78526e+02   2,71000e+02
           266   2,66000e-02  -1,44413e+00   2,77921e+02   2,70400e+02
           267   2,67000e-02  -1,43957e+00   2,77326e+02   2,69800e+02
           268   2,68000e-02  -1,43501e+00   2,76727e+02   2,69200e+02
           269   2,69000e-02  -1,43049e+00   2,76129e+02   2,68600e+02
           270   2,70000e-02  -1,42605e+00   2,75530e+02   2,68000e+02
           271   2,71000e-02  -1,42177e+00   2,74931e+02   2,67400e+02
           272   2,72000e-02  -1,41737e+00   2,74333e+02   2,66800e+02
           273   2,73000e-02  -1,41322e+00   2,73733e+02   2,66200e+02
           274   2,74000e-02  -1,40911e+00   2,73136e+02   2,65600e+02
           275   2,75000e-02  -1,40522e+00   2,72531e+02   2,65000e+02
           276   2,76000e-02  -1,40129e+00   2,71934e+02   2,64400e+02
           277   2,77000e-02  -1,39738e+00   2,71335e+02   2,63800e+02
           278   2,78000e-02  -1,39369e+00   2,70735e+02   2,63200e+02
           279   2,79000e-02  -1,38985e+00   2,70137e+02   2,62600e+02
           280   2,80000e-02  -1,38575e+00   2,69539e+02   2,62000e+02
           281   2,81000e-02  -1,38173e+00   2,68940e+02   2,61400e+02
           282   2,82000e-02  -1,37759e+00   2,68340e+02   2,60800e+02
           283   2,83000e-02  -1,37354e+00   2,67743e+02   2,60200e+02
           284   2,84000e-02  -1,36972e+00   2,67143e+02   2,59600e+02
           285   2,85000e-02  -1,36590e+00   2,66544e+02   2,59000e+02
           286   2,86000e-02  -1,36219e+00   2,65944e+02   2,58400e+02
           287   2,87000e-02  -1,35851e+00   2,65345e+02   2,57800e+02
           288   2,88000e-02  -1,35504e+00   2,64743e+02   2,57200e+02
           289   2,89000e-02  -1,35177e+00   2,64147e+02   2,56600e+02
           290   2,90000e-02  -1,34913e+00   2,63549e+02   2,56000e+02
           291   2,91000e-02  -1,34648e+00   2,62946e+02   2,55400e+02
           292   2,92000e-02  -1,34350e+00   2,62349e+02   2,54800e+02
           293   2,93000e-02  -1,34038e+00   2,61749e+02   2,54200e+02
           294   2,94000e-02  -1,33757e+00   2,61153e+02   2,53600e+02
           295   2,95000e-02  -1,33469e+00   2,60554e+02   2,53000e+02
           296   2,96000e-02  -1,33206e+00   2,59956e+02   2,52400e+02
           297   2,97000e-02  -1,32942e+00   2,59355e+02   2,51800e+02
           298   2,98000e-02  -1,32681e+00   2,58757e+02   2,51200e+02
           299   2,99000e-02  -1,32416e+00   2,58157e+02   2,50600e+02
           300   3,00000e-02  -1,32145e+00   2,57560e+02   2,50000e+02
           301   3,01000e-02  -1,31876e+00   2,56962e+02   2,49400e+02
           302   3,02000e-02  -1,31597e+00   2,56361e+02   2,48800e+02
           303   3,03000e-02  -1,31298e+00   2,55766e+02   2,48200e+02
           304   3,04000e-02  -1,30981e+00   2,55163e+02   2,47600e+02
           305   3,05000e-02  -1,30678e+00   2,54565e+02   2,47000e+02
           306   3,06000e-02  -1,30377e+00   2,53965e+02   2,46400e+02
           307   3,07000e-02  -1,30081e+00   2,53367e+02   2,45800e+02
           308   3,08000e-02  -1,29794e+00   2,52768e+02   2,45200e+02
           309   3,09000e-02  -1,29520e+00   2,52172e+02   2,44600e+02
           310   3,10000e-02  -1,29259e+00   2,51573e+02   2,44000e+02
           311   3,11000e-02  -1,28999e+00   2,50973e+02   2,43400e+02
           312   3,12000e-02  -1,28721e+00   2,50375e+02   2,42800e+02
           313   3,13000e-02  -1,28495e+00   2,49777e+02   2,42200e+02
           314   3,14000e-02  -1,28296e+00   2,49178e+02   2,41600e+02
           315   3,15000e-02  -1,28132e+00   2,48579e+02   2,41000e+02
           316   3,16000e-02  -1,27971e+00   2,47979e+02   2,40400e+02
           317   3,17000e-02  -1,27785e+00   2,47376e+02   2,39800e+02
           318   3,18000e-02  -1,27586e+00   2,46780e+02   2,39200e+02
           319   3,19000e-02  -1,27394e+00   2,46183e+02   2,38600e+02
           320   3,20000e-02  -1,27236e+00   2,45583e+02   2,38000e+02
           321   3,21000e-02  -1,27097e+00   2,44985e+02   2,37400e+02
           322   3,22000e-02  -1,26950e+00   2,44389e+02   2,36800e+02
           323   3,23000e-02  -1,26781e+00   2,43787e+02   2,36200e+02
           324   3,24000e-02  -1,26613e+00   2,43188e+02   2,35600e+02
           325   3,25000e-02  -1,26424e+00   2,42592e+02   2,35000e+02
           326   3,26000e-02  -1,26227e+00   2,41992e+02   2,34400e+02
           327   3,27000e-02  -1,26015e+00   2,41395e+02   2,33800e+02
           328   3,28000e-02  -1,25795e+00   2,40797e+02   2,33200e+02
           329   3,29000e-02  -1,25569e+00   2,40195e+02   2,32600e+02
           330   3,30000e-02  -1,25360e+00   2,39601e+02   2,32000e+02
           331   3,31000e-02  -1,25149e+00   2,39000e+02   2,31400e+02
           332   3,32000e-02  -1,24940e+00   2,38401e+02   2,30800e+02
           333   3,33000e-02  -1,24733e+00   2,37800e+02   2,30200e+02
           334   3,34000e-02  -1,24521e+00   2,37202e+02   2,29600e+02
           335   3,35000e-02  -1,24300e+00   2,36605e+02   2,29000e+02
           336   3,36000e-02  -1,24095e+00   2,36005e+02   2,28400e+02
           337   3,37000e-02  -1,23905e+00   2,35406e+02   2,27800e+02
           338   3,38000e-02  -1,23740e+00   2,34806e+02   2,27200e+02
           339   3,39000e-02  -1,23593e+00   2,34210e+02   2,26600e+02
           340   3,40000e-02  -1,23447e+00   2,33608e+02   2,26000e+02
           341   3,41000e-02  -1,23330e+00   2,33011e+02   2,25400e+02
           342   3,42000e-02  -1,23204e+00   2,32410e+02   2,24800e+02
           343   3,43000e-02  -1,23095e+00   2,31812e+02   2,24200e+02
           344   3,44000e-02  -1,22993e+00   2,31215e+02   2,23600e+02
           345   3,45000e-02  -1,22903e+00   2,30618e+02   2,23000e+02
           346   3,46000e-02  -1,22815e+00   2,30018e+02   2,22400e+02
           347   3,47000e-02  -1,22690e+00   2,29420e+02   2,21800e+02
           348   3,48000e-02  -1,22563e+00   2,28822e+02   2,21200e+02
           349   3,49000e-02  -1,22452e+00   2,28223e+02   2,20600e+02
           350   3,50000e-02  -1,22351e+00   2,27625e+02   2,20000e+02
           351   3,51000e-02  -1,22244e+00   2,27025e+02   2,19400e+02
           352   3,52000e-02  -1,22075e+00   2,26426e+02   2,18800e+02
           353   3,53000e-02  -1,21925e+00   2,25827e+02   2,18200e+02
           354   3,54000e-02  -1,21797e+00   2,25234e+02   2,17600e+02
           355   3,55000e-02  -1,21678e+00   2,24632e+02   2,17000e+02
           356   3,56000e-02  -1,21574e+00   2,24035e+02   2,16400e+02
           357   3,57000e-02  -1,21464e+00   2,23435e+02   2,15800e+02
           358   3,58000e-02  -1,21349e+00   2,22838e+02   2,15200e+02
           359   3,59000e-02  -1,21228e+00   2,22239e+02   2,14600e+02
           360   3,60000e-02  -1,21120e+00   2,21639e+02   2,14000e+02
           361   3,61000e-02  -1,21014e+00   2,21041e+02   2,13400e+02
           362   3,62000e-02  -1,20913e+00   2,20441e+02   2,12800e+02
           363   3,63000e-02  -1,20796e+00   2,19844e+02   2,12200e+02
           364   3,64000e-02  -1,20651e+00   2,19245e+02   2,11600e+02
           365   3,65000e-02  -1,20501e+00   2,18645e+02   2,11000e+02
           366   3,66000e-02  -1,20321e+00   2,18048e+02   2,10400e+02
           367   3,67000e-02  -1,20144e+00   2,17450e+02   2,09800e+02
           368   3,68000e-02  -1,19972e+00   2,16851e+02   2,09200e+02
           369   3,69000e-02  -1,19807e+00   2,16252e+02   2,08600e+02
           370   3,70000e-02  -1,19662e+00   2,15654e+02   2,08000e+02
           371   3,71000e-02  -1,19541e+00   2,15054e+02   2,07400e+02
           372   3,72000e-02  -1,19415e+00   2,14457e+02   2,06800e+02
           373   3,73000e-02  -1,19322e+00   2,13858e+02   2,06200e+02
           374   3,74000e-02  -1,19243e+00   2,13258e+02   2,05600e+02
           375   3,75000e-02  -1,19167e+00   2,12659e+02   2,05000e+02
           376   3,76000e-02  -1,19082e+00   2,12062e+02   2,04400e+02
           377   3,77000e-02  -1,18994e+00   2,11462e+02   2,03800e+02
           378   3,78000e-02  -1,18884e+00   2,10865e+02   2,03200e+02
           379   3,79000e-02  -1,18780e+00   2,10266e+02   2,02600e+02
           380   3,80000e-02  -1,18683e+00   2,09669e+02   2,02000e+02
           381   3,81000e-02  -1,18575e+00   2,09072e+02   2,01400e+02
           382   3,82000e-02  -1,18418e+00   2,08472e+02   2,00800e+02
           383   3,83000e-02  -1,18252e+00   2,07874e+02   2,00200e+02
           384   3,84000e-02  -1,18092e+00   2,07274e+02   1,99600e+02
           385   3,85000e-02  -1,17950e+00   2,06679e+02   1,99000e+02
           386   3,86000e-02  -1,17838e+00   2,06079e+02   1,98400e+02
           387   3,87000e-02  -1,17736e+00   2,05481e+02   1,97800e+02
           388   3,88000e-02  -1,17618e+00   2,04883e+02   1,97200e+02
           389   3,89000e-02  -1,17473e+00   2,04285e+02   1,96600e+02
           390   3,90000e-02  -1,17334e+00   2,03688e+02   1,96000e+02
           391   3,91000e-02  -1,17195e+00   2,03088e+02   1,95400e+02
           392   3,92000e-02  -1,17063e+00   2,02487e+02   1,94800e+02
           393   3,93000e-02  -1,16958e+00   2,01891e+02   1,94200e+02
           394   3,94000e-02  -1,16866e+00   2,01291e+02   1,93600e+02
           395   3,95000e-02  -1,16755e+00   2,00694e+02   1,93000e+02
           396   3,96000e-02  -1,16641e+00   2,00095e+02   1,92400e+02
           397   3,97000e-02  -1,16556e+00   1,99497e+02   1,91800e+02
           398   3,98000e-02  -1,16474e+00   1,98896e+02   1,91200e+02
           399   3,99000e-02  -1,16408e+00   1,98302e+02   1,90600e+02
           400   4,00000e-02  -1,16343e+00   1,97701e+02   1,90000e+02
           401   4,01000e-02  -1,16277e+00   1,97103e+02   1,89400e+02
           402   4,02000e-02  -1,16223e+00   1,96505e+02   1,88800e+02
           403   4,03000e-02  -1,16162e+00   1,95906e+02   1,88200e+02
           404   4,04000e-02  -1,16112e+00   1,95310e+02   1,87600e+02
           405   4,05000e-02  -1,16057e+00   1,94712e+02   1,87000e+02
           406   4,06000e-02  -1,16000e+00   1,94113e+02   1,86400e+02
           407   4,07000e-02  -1,15919e+00   1,93513e+02   1,85800e+02
           408   4,08000e-02  -1,15841e+00   1,92915e+02   1,85200e+02
           409   4,09000e-02  -1,15787e+00   1,92317e+02   1,84600e+02
           410   4,10000e-02  -1,15739e+00   1,91721e+02   1,84000e+02
           411   4,11000e-02  -1,15691e+00   1,91123e+02   1,83400e+02
           412   4,12000e-02  -1,15626e+00   1,90520e+02   1,82800e+02
           413   4,13000e-02  -1,15546e+00   1,89924e+02   1,82200e+02
           414   4,14000e-02  -1,15466e+00   1,89327e+02   1,81600e+02
           415   4,15000e-02  -1,15393e+00   1,88731e+02   1,81000e+02
           416   4,16000e-02  -1,15309e+00   1,88135e+02   1,80400e+02
           417   4,17000e-02  -1,15204e+00   1,87533e+02   1,79800e+02
           418   4,18000e-02  -1,15095e+00   1,86938e+02   1,79200e+02
           419   4,19000e-02  -1,14940e+00   1,86337e+02   1,78600e+02
           420   4,20000e-02  -1,14783e+00   1,85738e+02   1,78000e+02
           421   4,21000e-02  -1,14612e+00   1,85142e+02   1,77400e+02
           422   4,22000e-02  -1,14452e+00   1,84542e+02   1,76800e+02
           423   4,23000e-02  -1,14256e+00   1,83946e+02   1,76200e+02
           424   4,24000e-02  -1,14078e+00   1,83345e+02   1,75600e+02
           425   4,25000e-02  -1,13922e+00   1,82748e+02   1,75000e+02
           426   4,26000e-02  -1,13744e+00   1,82151e+02   1,74400e+02
           427   4,27000e-02  -1,13582e+00   1,81550e+02   1,73800e+02
           428   4,28000e-02  -1,13443e+00   1,80952e+02   1,73200e+02
           429   4,29000e-02  -1,13349e+00   1,80355e+02   1,72600e+02
           430   4,30000e-02  -1,13257e+00   1,79758e+02   1,72000e+02
           431   4,31000e-02  -1,13185e+00   1,79155e+02   1,71400e+02
           432   4,32000e-02  -1,13129e+00   1,78557e+02   1,70800e+02
           433   4,33000e-02  -1,13085e+00   1,77962e+02   1,70200e+02
           434   4,34000e-02  -1,13025e+00   1,77364e+02   1,69600e+02
           435   4,35000e-02  -1,12992e+00   1,76766e+02   1,69000e+02
           436   4,36000e-02  -1,12963e+00   1,76166e+02   1,68400e+02
           437   4,37000e-02  -1,12934e+00   1,75566e+02   1,67800e+02
           438   4,38000e-02  -1,12886e+00   1,74972e+02   1,67200e+02
           439   4,39000e-02  -1,12832e+00   1,74372e+02   1,66600e+02
           440   4,40000e-02  -1,12777e+00   1,73775e+02   1,66000e+02
           441   4,41000e-02  -1,12715e+00   1,73178e+02   1,65400e+02
           442   4,42000e-02  -1,12647e+00   1,72582e+02   1,64800e+02
           443   4,43000e-02  -1,12580e+00   1,71980e+02   1,64200e+02
           444   4,44000e-02  -1,12486e+00   1,71386e+02   1,63600e+02
           445   4,45000e-02  -1,12360e+00   1,70785e+02   1,63000e+02
           446   4,46000e-02  -1,12226e+00   1,70187e+02   1,62400e+02
           447   4,47000e-02  -1,12084e+00   1,69592e+02   1,61800e+02
           448   4,48000e-02  -1,11950e+00   1,68991e+02   1,61200e+02
           449   4,49000e-02  -1,11817e+00   1,68392e+02   1,60600e+02
           450   4,50000e-02  -1,11706e+00   1,67797e+02   1,60000e+02
           451   4,51000e-02  -1,11577e+00   1,67199e+02   1,59400e+02
           452   4,52000e-02  -1,11446e+00   1,66599e+02   1,58800e+02
           453   4,53000e-02  -1,11300e+00   1,66002e+02   1,58200e+02
           454   4,54000e-02  -1,11160e+00   1,65402e+02   1,57600e+02
           455   4,55000e-02  -1,11056e+00   1,64805e+02   1,57000e+02
           456   4,56000e-02  -1,10974e+00   1,64208e+02   1,56400e+02
           457   4,57000e-02  -1,10879e+00   1,63609e+02   1,55800e+02
           458   4,58000e-02  -1,10784e+00   1,63015e+02   1,55200e+02
           459   4,59000e-02  -1,10701e+00   1,62416e+02   1,54600e+02
           460   4,60000e-02  -1,10613e+00   1,61817e+02   1,54000e+02
           461   4,61000e-02  -1,10514e+00   1,61220e+02   1,53400e+02
           462   4,62000e-02  -1,10439e+00   1,60624e+02   1,52800e+02
           463   4,63000e-02  -1,10374e+00   1,60026e+02   1,52200e+02
           464   4,64000e-02  -1,10304e+00   1,59425e+02   1,51600e+02
           465   4,65000e-02  -1,10253e+00   1,58828e+02   1,51000e+02
           466   4,66000e-02  -1,10190e+00   1,58230e+02   1,50400e+02
           467   4,67000e-02  -1,10125e+00   1,57633e+02   1,49800e+02
           468   4,68000e-02  -1,10039e+00   1,57034e+02   1,49200e+02
           469   4,69000e-02  -1,09951e+00   1,56440e+02   1,48600e+02
           470   4,70000e-02  -1,09840e+00   1,55839e+02   1,48000e+02
           471   4,71000e-02  -1,09692e+00   1,55241e+02   1,47400e+02
           472   4,72000e-02  -1,09558e+00   1,54641e+02   1,46800e+02
           473   4,73000e-02  -1,09434e+00   1,54047e+02   1,46200e+02
           474   4,74000e-02  -1,09326e+00   1,53451e+02   1,45600e+02
           475   4,75000e-02  -1,09232e+00   1,52850e+02   1,45000e+02
           476   4,76000e-02  -1,09141e+00   1,52254e+02   1,44400e+02
           477   4,77000e-02  -1,09054e+00   1,51655e+02   1,43800e+02
           478   4,78000e-02  -1,08977e+00   1,51056e+02   1,43200e+02
           479   4,79000e-02  -1,08920e+00   1,50463e+02   1,42600e+02
           480   4,80000e-02  -1,08872e+00   1,49866e+02   1,42000e+02
           481   4,81000e-02  -1,08809e+00   1,49264e+02   1,41400e+02
           482   4,82000e-02  -1,08746e+00   1,48668e+02   1,40800e+02
           483   4,83000e-02  -1,08667e+00   1,48070e+02   1,40200e+02
           484   4,84000e-02  -1,08591e+00   1,47470e+02   1,39600e+02
           485   4,85000e-02  -1,08498e+00   1,46874e+02   1,39000e+02
           486   4,86000e-02  -1,08414e+00   1,46281e+02   1,38400e+02
           487   4,87000e-02  -1,08297e+00   1,45681e+02   1,37800e+02
           488   4,88000e-02  -1,08161e+00   1,45082e+02   1,37200e+02
           489   4,89000e-02  -1,08017e+00   1,44488e+02   1,36600e+02
           490   4,90000e-02  -1,07862e+00   1,43887e+02   1,36000e+02
           491   4,91000e-02  -1,07708e+00   1,43287e+02   1,35400e+02
           492   4,92000e-02  -1,07554e+00   1,42694e+02   1,34800e+02
           493   4,93000e-02  -1,07401e+00   1,42097e+02   1,34200e+02
           494   4,94000e-02  -1,07251e+00   1,41497e+02   1,33600e+02
           495   4,95000e-02  -1,07128e+00   1,40901e+02   1,33000e+02
           496   4,96000e-02  -1,07017e+00   1,40304e+02   1,32400e+02
           497   4,97000e-02  -1,06902e+00   1,39704e+02   1,31800e+02
           498   4,98000e-02  -1,06806e+00   1,39108e+02   1,31200e+02
           499   4,99000e-02  -1,06718e+00   1,38511e+02   1,30600e+02
           500   5,00000e-02  -1,06656e+00   1,37913e+02   1,30000e+02
           501   5,01000e-02  -1,06577e+00   1,37315e+02   1,29400e+02
           502   5,02000e-02  -1,06507e+00   1,36719e+02   1,28800e+02
           503   5,03000e-02  -1,06417e+00   1,36124e+02   1,28200e+02
           504   5,04000e-02  -1,06327e+00   1,35527e+02   1,27600e+02
           505   5,05000e-02  -1,06261e+00   1,34928e+02   1,27000e+02
           506   5,06000e-02  -1,06187e+00   1,34336e+02   1,26400e+02
           507   5,07000e-02  -1,06116e+00   1,33735e+02   1,25800e+02
           508   5,08000e-02  -1,06037e+00   1,33136e+02   1,25200e+02
           509   5,09000e-02  -1,05946e+00   1,32540e+02   1,24600e+02
           510   5,10000e-02  -1,05852e+00   1,31942e+02   1,24000e+02
           511   5,11000e-02  -1,05749e+00   1,31347e+02   1,23400e+02
           512   5,12000e-02  -1,05628e+00   1,30749e+02   1,22800e+02
           513   5,13000e-02  -1,05494e+00   1,30151e+02   1,22200e+02
           514   5,14000e-02  -1,05355e+00   1,29559e+02   1,21600e+02
           515   5,15000e-02  -1,05222e+00   1,28960e+02   1,21000e+02
           516   5,16000e-02  -1,05086e+00   1,28363e+02   1,20400e+02
           517   5,17000e-02  -1,04952e+00   1,27764e+02   1,19800e+02
           518   5,18000e-02  -1,04827e+00   1,27167e+02   1,19200e+02
           519   5,19000e-02  -1,04713e+00   1,26569e+02   1,18600e+02
           520   5,20000e-02  -1,04590e+00   1,25971e+02   1,18000e+02
           521   5,21000e-02  -1,04489e+00   1,25374e+02   1,17400e+02
           522   5,22000e-02  -1,04382e+00   1,24779e+02   1,16800e+02
           523   5,23000e-02  -1,04286e+00   1,24185e+02   1,16200e+02
           524   5,24000e-02  -1,04197e+00   1,23586e+02   1,15600e+02
           525   5,25000e-02  -1,04109e+00   1,22990e+02   1,15000e+02
           526   5,26000e-02  -1,04015e+00   1,22397e+02   1,14400e+02
           527   5,27000e-02  -1,03928e+00   1,21796e+02   1,13800e+02
           528   5,28000e-02  -1,03827e+00   1,21198e+02   1,13200e+02
           529   5,29000e-02  -1,03723e+00   1,20602e+02   1,12600e+02
           530   5,30000e-02  -1,03624e+00   1,20005e+02   1,12000e+02
           531   5,31000e-02  -1,03541e+00   1,19409e+02   1,11400e+02
           532   5,32000e-02  -1,03448e+00   1,18816e+02   1,10800e+02
           533   5,33000e-02  -1,03357e+00   1,18215e+02   1,10200e+02
           534   5,34000e-02  -1,03281e+00   1,17622e+02   1,09600e+02
           535   5,35000e-02  -1,03192e+00   1,17023e+02   1,09000e+02
           536   5,36000e-02  -1,03078e+00   1,16427e+02   1,08400e+02
           537   5,37000e-02  -1,02958e+00   1,15832e+02   1,07800e+02
           538   5,38000e-02  -1,02832e+00   1,15238e+02   1,07200e+02
           539   5,39000e-02  -1,02714e+00   1,14640e+02   1,06600e+02
           540   5,40000e-02  -1,02590e+00   1,14045e+02   1,06000e+02
           541   5,41000e-02  -1,02466e+00   1,13446e+02   1,05400e+02
           542   5,42000e-02  -1,02358e+00   1,12854e+02   1,04800e+02
           543   5,43000e-02  -1,02269e+00   1,12258e+02   1,04200e+02
           544   5,44000e-02  -1,02189e+00   1,11659e+02   1,03600e+02
           545   5,45000e-02  -1,02109e+00   1,11069e+02   1,03000e+02
           546   5,46000e-02  -1,02044e+00   1,10475e+02   1,02400e+02
           547   5,47000e-02  -1,01955e+00   1,09873e+02   1,01800e+02
           548   5,48000e-02  -1,01869e+00   1,09278e+02   1,01200e+02
           549   5,49000e-02  -1,01766e+00   1,08682e+02   1,00600e+02
           550   5,50000e-02  -1,01641e+00   1,08087e+02   1,00000e+02
           551   5,51000e-02  -1,01514e+00   1,07494e+02   9,94000e+01
           552   5,52000e-02  -1,01380e+00   1,06894e+02   9,88000e+01
           553   5,53000e-02  -1,01245e+00   1,06299e+02   9,82000e+01
           554   5,54000e-02  -1,01111e+00   1,05705e+02   9,76000e+01
           555   5,55000e-02  -1,00965e+00   1,05107e+02   9,70000e+01
           556   5,56000e-02  -1,00826e+00   1,04515e+02   9,64000e+01
           557   5,57000e-02  -1,00690e+00   1,03918e+02   9,58000e+01
           558   5,58000e-02  -1,00554e+00   1,03322e+02   9,52000e+01
           559   5,59000e-02  -1,00421e+00   1,02725e+02   9,46000e+01
           560   5,60000e-02  -1,00285e+00   1,02137e+02   9,40000e+01
           561   5,61000e-02  -1,00152e+00   1,01542e+02   9,34000e+01
           562   5,62000e-02  -1,00028e+00   1,00950e+02   9,28000e+01
           563   5,63000e-02  -9,99177e-01   1,00351e+02   9,22000e+01
           564   5,64000e-02  -9,98094e-01   9,97575e+01   9,16000e+01
           565   5,65000e-02  -9,97087e-01   9,91607e+01   9,10000e+01
           566   5,66000e-02  -9,96022e-01   9,85662e+01   9,04000e+01
           567   5,67000e-02  -9,94844e-01   9,79726e+01   8,98000e+01
           568   5,68000e-02  -9,93879e-01   9,73771e+01   8,92000e+01
           569   5,69000e-02  -9,92931e-01   9,67825e+01   8,86000e+01
           570   5,70000e-02  -9,92002e-01   9,61931e+01   8,80000e+01
           571   5,71000e-02  -9,90912e-01   9,55931e+01   8,74000e+01
           572   5,72000e-02  -9,89386e-01   9,50013e+01   8,68000e+01
           573   5,73000e-02  -9,87709e-01   9,44046e+01   8,62000e+01
           574   5,74000e-02  -9,85958e-01   9,38131e+01   8,56000e+01
           575   5,75000e-02  -9,84579e-01   9,32196e+01   8,50000e+01
           576   5,76000e-02  -9,83502e-01   9,26228e+01   8,44000e+01
           577   5,77000e-02  -9,82682e-01   9,20311e+01   8,38000e+01
           578   5,78000e-02  -9,81881e-01   9,14361e+01   8,32000e+01
           579   5,79000e-02  -9,81431e-01   9,08462e+01   8,26000e+01
           580   5,80000e-02  -9,81160e-01   9,02530e+01   8,20000e+01
           581   5,81000e-02  -9,80927e-01   8,96592e+01   8,14000e+01
           582   5,82000e-02  -9,80608e-01   8,90707e+01   8,08000e+01
           583   5,83000e-02  -9,80310e-01   8,84874e+01   8,02000e+01
           584   5,84000e-02  -9,80116e-01   8,78963e+01   7,96000e+01
           585   5,85000e-02  -9,79826e-01   8,73134e+01   7,90000e+01
           586   5,86000e-02  -9,79547e-01   8,67300e+01   7,84000e+01
           587   5,87000e-02  -9,79060e-01   8,61431e+01   7,78000e+01
           588   5,88000e-02  -9,78554e-01   8,55702e+01   7,72000e+01
           589   5,89000e-02  -9,78068e-01   8,49866e+01   7,66000e+01
           590   5,90000e-02  -9,77373e-01   8,44141e+01   7,60000e+01
           591   5,91000e-02  -9,76670e-01   8,38410e+01   7,54000e+01
           592   5,92000e-02  -9,75881e-01   8,32675e+01   7,48000e+01
           593   5,93000e-02  -9,74913e-01   8,26978e+01   7,42000e+01
           594   5,94000e-02  -9,73823e-01   8,21276e+01   7,36000e+01
           595   5,95000e-02  -9,72565e-01   8,15583e+01   7,30000e+01
           596   5,96000e-02  -9,71118e-01   8,09958e+01   7,24000e+01
           597   5,97000e-02  -9,69654e-01   8,04328e+01   7,18000e+01
           598   5,98000e-02  -9,68268e-01   7,98737e+01   7,12000e+01
           599   5,99000e-02  -9,66692e-01   7,93126e+01   7,06000e+01
           600   6,00000e-02  -9,65062e-01   7,87554e+01   7,00000e+01
           601   6,01000e-02  -9,63283e-01   7,82006e+01   6,94000e+01
           602   6,02000e-02  -9,61412e-01   7,76497e+01   6,88000e+01
           603   6,03000e-02  -9,59243e-01   7,70998e+01   6,82000e+01
           604   6,04000e-02  -9,56908e-01   7,65508e+01   6,76000e+01
           605   6,05000e-02  -9,54446e-01   7,60028e+01   6,70000e+01
           606   6,06000e-02  -9,51817e-01   7,54573e+01   6,64000e+01
           607   6,07000e-02  -9,49081e-01   7,49157e+01   6,58000e+01
           608   6,08000e-02  -9,46348e-01   7,43722e+01   6,52000e+01
           609   6,09000e-02  -9,43508e-01   7,38355e+01   6,46000e+01
           610   6,10000e-02  -9,40598e-01   7,33013e+01   6,40000e+01
           611   6,11000e-02  -9,37580e-01   7,27622e+01   6,34000e+01
           612   6,12000e-02  -9,34698e-01   7,22315e+01   6,28000e+01
           613   6,13000e-02  -9,31856e-01   7,16988e+01   6,22000e+01
           614   6,14000e-02  -9,29054e-01   7,11716e+01   6,16000e+01
           615   6,15000e-02  -9,26368e-01   7,06424e+01   6,10000e+01
           616   6,16000e-02  -9,23463e-01   7,01173e+01   6,04000e+01
           617   6,17000e-02  -9,20436e-01   6,95931e+01   5,98000e+01
           618   6,18000e-02  -9,17304e-01   6,90684e+01   5,92000e+01
           619   6,19000e-02  -9,14094e-01   6,85478e+01   5,86000e+01
           620   6,20000e-02  -9,10799e-01   6,80282e+01   5,80000e+01
           621   6,21000e-02  -9,07446e-01   6,75126e+01   5,74000e+01
           622   6,22000e-02  -9,03972e-01   6,69965e+01   5,68000e+01
           623   6,23000e-02  -9,00377e-01   6,64829e+01   5,62000e+01
           624   6,24000e-02  -8,96763e-01   6,59719e+01   5,56000e+01
           625   6,25000e-02  -8,93099e-01   6,54620e+01   5,50000e+01
           626   6,26000e-02  -8,89526e-01   6,49530e+01   5,44000e+01
           627   6,27000e-02  -8,85832e-01   6,44452e+01   5,38000e+01
           628   6,28000e-02  -8,82139e-01   6,39413e+01   5,32000e+01
           629   6,29000e-02  -8,78435e-01   6,34370e+01   5,26000e+01
           630   6,30000e-02  -8,74818e-01   6,29353e+01   5,20000e+01
           631   6,31000e-02  -8,71226e-01   6,24347e+01   5,14000e+01
           632   6,32000e-02  -8,67534e-01   6,19366e+01   5,08000e+01
           633   6,33000e-02  -8,63923e-01   6,14410e+01   5,02000e+01
           634   6,34000e-02  -8,60034e-01   6,09451e+01   4,96000e+01
           635   6,35000e-02  -8,56101e-01   6,04502e+01   4,90000e+01
           636   6,36000e-02  -8,52072e-01   5,99579e+01   4,84000e+01
           637   6,37000e-02  -8,48007e-01   5,94682e+01   4,78000e+01
           638   6,38000e-02  -8,43968e-01   5,89795e+01   4,72000e+01
           639   6,39000e-02  -8,40002e-01   5,84950e+01   4,66000e+01
           640   6,40000e-02  -8,36211e-01   5,80131e+01   4,60000e+01
           641   6,41000e-02  -8,32576e-01   5,75277e+01   4,54000e+01
           642   6,42000e-02  -8,28886e-01   5,70449e+01   4,48000e+01
           643   6,43000e-02  -8,25276e-01   5,65617e+01   4,42000e+01
           644   6,44000e-02  -8,21690e-01   5,60827e+01   4,36000e+01
           645   6,45000e-02  -8,18259e-01   5,56078e+01   4,30000e+01
           646   6,46000e-02  -8,14921e-01   5,51279e+01   4,24000e+01
           647   6,47000e-02  -8,11348e-01   5,46567e+01   4,18000e+01
           648   6,48000e-02  -8,07758e-01   5,41836e+01   4,12000e+01
           649   6,49000e-02  -8,04305e-01   5,37101e+01   4,06000e+01
           650   6,50000e-02  -8,00781e-01   5,32392e+01   4,00000e+01
           651   6,51000e-02  -7,97359e-01   5,27725e+01   3,94000e+01
           652   6,52000e-02  -7,93858e-01   5,23069e+01   3,88000e+01
           653   6,53000e-02  -7,90238e-01   5,18470e+01   3,82000e+01
           654   6,54000e-02  -7,86559e-01   5,13791e+01   3,76000e+01
           655   6,55000e-02  -7,82915e-01   5,09169e+01   3,70000e+01
           656   6,56000e-02  -7,79193e-01   5,04559e+01   3,64000e+01
           657   6,57000e-02  -7,75590e-01   4,99913e+01   3,58000e+01
           658   6,58000e-02  -7,71978e-01   4,95371e+01   3,52000e+01
           659   6,59000e-02  -7,68214e-01   4,90810e+01   3,46000e+01
           660   6,60000e-02  -7,64678e-01   4,86276e+01   3,40000e+01
           661   6,61000e-02  -7,61183e-01   4,81722e+01   3,34000e+01
           662   6,62000e-02  -7,57696e-01   4,77227e+01   3,28000e+01
           663   6,63000e-02  -7,54166e-01   4,72758e+01   3,22000e+01
           664   6,64000e-02  -7,50487e-01   4,68285e+01   3,16000e+01
           665   6,65000e-02  -7,46916e-01   4,63747e+01   3,10000e+01
           666   6,66000e-02  -7,43462e-01   4,59282e+01   3,04000e+01
           667   6,67000e-02  -7,40047e-01   4,54844e+01   2,98000e+01
           668   6,68000e-02  -7,36854e-01   4,50449e+01   2,92000e+01
           669   6,69000e-02  -7,33618e-01   4,45989e+01   2,86000e+01
           670   6,70000e-02  -7,30374e-01   4,41570e+01   2,80000e+01
           671   6,71000e-02  -7,27185e-01   4,37195e+01   2,74000e+01
           672   6,72000e-02  -7,23986e-01   4,32785e+01   2,68000e+01
           673   6,73000e-02  -7,20730e-01   4,28433e+01   2,62000e+01
           674   6,74000e-02  -7,17384e-01   4,24062e+01   2,56000e+01
           675   6,75000e-02  -7,14110e-01   4,19765e+01   2,50000e+01
           676   6,76000e-02  -7,10844e-01   4,15434e+01   2,44000e+01
           677   6,77000e-02  -7,07545e-01   4,11114e+01   2,38000e+01
           678   6,78000e-02  -7,04220e-01   4,06822e+01   2,32000e+01
           679   6,79000e-02  -7,00896e-01   4,02589e+01   2,26000e+01
           680   6,80000e-02  -6,97707e-01   3,98274e+01   2,20000e+01
           681   6,81000e-02  -6,94557e-01   3,94049e+01   2,14000e+01
           682   6,82000e-02  -6,91464e-01   3,89821e+01   2,08000e+01
           683   6,83000e-02  -6,88407e-01   3,85542e+01   2,02000e+01
           684   6,84000e-02  -6,85302e-01   3,81337e+01   1,96000e+01
           685   6,85000e-02  -6,82139e-01   3,77161e+01   1,90000e+01
           686   6,86000e-02  -6,79056e-01   3,72950e+01   1,84000e+01
           687   6,87000e-02  -6,76121e-01   3,68767e+01   1,78000e+01
           688   6,88000e-02  -6,73193e-01   3,64627e+01   1,72000e+01
           689   6,89000e-02  -6,70192e-01   3,60484e+01   1,66000e+01
           690   6,90000e-02  -6,67244e-01   3,56338e+01   1,60000e+01
           691   6,91000e-02  -6,64366e-01   3,52187e+01   1,54000e+01
           692   6,92000e-02  -6,61462e-01   3,48065e+01   1,48000e+01
           693   6,93000e-02  -6,58518e-01   3,44003e+01   1,42000e+01
           694   6,94000e-02  -6,55628e-01   3,39922e+01   1,36000e+01
           695   6,95000e-02  -6,52605e-01   3,35821e+01   1,30000e+01
           696   6,96000e-02  -6,49541e-01   3,31765e+01   1,24000e+01
           697   6,97000e-02  -6,46578e-01   3,27753e+01   1,18000e+01
           698   6,98000e-02  -6,43698e-01   3,23737e+01   1,12000e+01
           699   6,99000e-02  -6,40885e-01   3,19718e+01   1,06000e+01
           700   7,00000e-02  -6,38109e-01   3,15712e+01   1,00000e+01
           701   7,01000e-02  -6,35323e-01   3,11702e+01   9,40004e+00
           702   7,02000e-02  -6,32482e-01   3,07721e+01   8,80003e+00
           703   7,03000e-02  -6,29609e-01   3,03720e+01   8,20002e+00
           704   7,04000e-02  -6,26670e-01   2,99780e+01   7,60001e+00
           705   7,05000e-02  -6,23652e-01   2,95853e+01   7,00000e+00
           706   7,06000e-02  -6,20718e-01   2,91907e+01   6,40003e+00
           707   7,07000e-02  -6,17744e-01   2,87973e+01   5,80002e+00
           708   7,08000e-02  -6,14927e-01   2,84052e+01   5,20001e+00
           709   7,09000e-02  -6,12163e-01   2,80192e+01   4,60000e+00
           710   7,10000e-02  -6,09509e-01   2,76296e+01   4,00004e+00
           711   7,11000e-02  -6,06858e-01   2,72430e+01   3,40003e+00
           712   7,12000e-02  -6,04319e-01   2,68560e+01   2,80002e+00
           713   7,13000e-02  -6,01606e-01   2,64735e+01   2,20001e+00
           714   7,14000e-02  -5,98989e-01   2,60875e+01   1,60000e+00
           715   7,15000e-02  -5,96460e-01   2,57044e+01   1,00003e+00
           716   7,16000e-02  -5,93965e-01   2,53291e+01   4,00022e-01
           717   7,17000e-02  -5,91547e-01   2,49486e+01  -1,99988e-01
           718   7,18000e-02  -5,89267e-01   2,45661e+01  -7,99998e-01
           719   7,19000e-02  -5,86999e-01   2,41817e+01  -1,39996e+00
           720   7,20000e-02  -5,84647e-01   2,38149e+01  -1,99997e+00
           721   7,21000e-02  -5,82168e-01   2,34331e+01  -2,59998e+00
           722   7,22000e-02  -5,79752e-01   2,30640e+01  -3,19999e+00
           723   7,23000e-02  -5,77461e-01   2,26897e+01  -3,79996e+00
           724   7,24000e-02  -5,75070e-01   2,23184e+01  -4,39997e+00
           725   7,25000e-02  -5,72569e-01   2,19451e+01  -4,99998e+00
           726   7,26000e-02  -5,70188e-01   2,15813e+01  -5,59999e+00
           727   7,27000e-02  -5,67797e-01   2,12124e+01  -6,20000e+00
           728   7,28000e-02  -5,65311e-01   2,08431e+01  -6,79997e+00
           729   7,29000e-02  -5,62801e-01   2,04800e+01  -7,39998e+00
           730   7,30000e-02  -5,60228e-01   2,01117e+01  -7,99999e+00
           731   7,31000e-02  -5,57586e-01   1,97464e+01  -8,60000e+00
           732   7,32000e-02  -5,54945e-01   1,93841e+01  -9,19996e+00
           733   7,33000e-02  -5,52351e-01   1,90248e+01  -9,79997e+00
           734   7,34000e-02  -5,49714e-01   1,86602e+01  -1,04000e+01
           735   7,35000e-02  -5,47111e-01   1,83052e+01  -1,10000e+01
           736   7,36000e-02  -5,44630e-01   1,79433e+01  -1,16000e+01
           737   7,37000e-02  -5,42136e-01   1,75894e+01  -1,22000e+01
           738   7,38000e-02  -5,39733e-01   1,72302e+01  -1,28000e+01
           739   7,39000e-02  -5,37460e-01   1,68757e+01  -1,34000e+01
           740   7,40000e-02  -5,35257e-01   1,65242e+01  -1,40000e+01
           741   7,41000e-02  -5,32976e-01   1,61741e+01  -1,46000e+01
           742   7,42000e-02  -5,30774e-01   1,58187e+01  -1,52000e+01
           743   7,43000e-02  -5,28660e-01   1,54680e+01  -1,58000e+01
           744   7,44000e-02  -5,26508e-01   1,51219e+01  -1,64000e+01
           745   7,45000e-02  -5,24474e-01   1,47723e+01  -1,70000e+01
           746   7,46000e-02  -5,22401e-01   1,44274e+01  -1,76000e+01
           747   7,47000e-02  -5,20405e-01   1,40788e+01  -1,82000e+01
           748   7,48000e-02  -5,18333e-01   1,37300e+01  -1,88000e+01
           749   7,49000e-02  -5,16258e-01   1,33925e+01  -1,94000e+01
           750   7,50000e-02  -5,14111e-01   1,30481e+01  -2,00000e+01
           751   7,51000e-02  -5,11888e-01   1,27085e+01  -2,06000e+01
           752   7,52000e-02  -5,09539e-01   1,23669e+01  -2,12000e+01
           753   7,53000e-02  -5,07237e-01   1,20283e+01  -2,18000e+01
           754   7,54000e-02  -5,04925e-01   1,16911e+01  -2,24000e+01
           755   7,55000e-02  -5,02579e-01   1,13470e+01  -2,30000e+01
           756   7,56000e-02  -5,00303e-01   1,10127e+01  -2,36000e+01
           757   7,57000e-02  -4,98077e-01   1,06780e+01  -2,42000e+01
           758   7,58000e-02  -4,95771e-01   1,03448e+01  -2,48000e+01
           759   7,59000e-02  -4,93499e-01   1,00079e+01  -2,54000e+01
           760   7,60000e-02  -4,91285e-01   9,67418e+00  -2,60000e+01
           761   7,61000e-02  -4,89088e-01   9,34518e+00  -2,66000e+01
           762   7,62000e-02  -4,86924e-01   9,01256e+00  -2,72000e+01
           763   7,63000e-02  -4,84938e-01   8,68976e+00  -2,78000e+01
           764   7,64000e-02  -4,82836e-01   8,35662e+00  -2,84000e+01
           765   7,65000e-02  -4,80844e-01   8,03499e+00  -2,90000e+01
           766   7,66000e-02  -4,78868e-01   7,70805e+00  -2,96000e+01
           767   7,67000e-02  -4,76912e-01   7,38085e+00  -3,02000e+01
           768   7,68000e-02  -4,74974e-01   7,05339e+00  -3,08000e+01
           769   7,69000e-02  -4,73102e-01   6,73243e+00  -3,14000e+01
           770   7,70000e-02  -4,71196e-01   6,40952e+00  -3,20000e+01
           771   7,71000e-02  -4,69335e-01   6,08636e+00  -3,26000e+01
           772   7,72000e-02  -4,67474e-01   5,77140e+00  -3,32000e+01
           773   7,73000e-02  -4,65657e-01   5,45451e+00  -3,38000e+01
           774   7,74000e-02  -4,63871e-01   5,13397e+00  -3,44000e+01
           775   7,75000e-02  -4,62061e-01   4,81488e+00  -3,50000e+01
           776   7,76000e-02  -4,60255e-01   4,49554e+00  -3,56000e+01
           777   7,77000e-02  -4,58296e-01   4,17934e+00  -3,62000e+01
           778   7,78000e-02  -4,56393e-01   3,86459e+00  -3,68000e+01
           779   7,79000e-02  -4,54548e-01   3,55470e+00  -3,74000e+01
           780   7,80000e-02  -4,52692e-01   3,24116e+00  -3,80000e+01
           781   7,81000e-02  -4,50826e-01   2,92909e+00  -3,86000e+01
           782   7,82000e-02  -4,49044e-01   2,61677e+00  -3,92000e+01
           783   7,83000e-02  -4,47185e-01   2,30932e+00  -3,98000e+01
           784   7,84000e-02  -4,45369e-01   1,99993e+00  -4,04000e+01
           785   7,85000e-02  -4,43517e-01   1,69373e+00  -4,10000e+01
           786   7,86000e-02  -4,41646e-01   1,38557e+00  -4,16000e+01
           787   7,87000e-02  -4,39881e-01   1,08402e+00  -4,22000e+01
           788   7,88000e-02  -4,38263e-01   7,80530e-01  -4,28000e+01
           789   7,89000e-02  -4,36636e-01   4,71654e-01  -4,34000e+01
           790   7,90000e-02  -4,34916e-01   1,76277e-01  -4,40000e+01
           791   7,91000e-02  -4,33189e-01  -1,27921e-01  -4,46000e+01
           792   7,92000e-02  -4,31389e-01  -4,30636e-01  -4,52000e+01
           793   7,93000e-02  -4,29555e-01  -7,28420e-01  -4,58000e+01
           794   7,94000e-02  -4,27674e-01  -1,02643e+00  -4,64000e+01
           795   7,95000e-02  -4,25874e-01  -1,32640e+00  -4,70000e+01
           796   7,96000e-02  -4,24088e-01  -1,62314e+00  -4,76000e+01
           797   7,97000e-02  -4,22267e-01  -1,91839e+00  -4,82000e+01
           798   7,98000e-02  -4,20540e-01  -2,21386e+00  -4,88000e+01
           799   7,99000e-02  -4,18826e-01  -2,50956e+00  -4,94000e+01
           800   8,00000e-02  -4,17144e-01  -2,80203e+00  -5,00000e+01
           801   8,01000e-02  -4,15434e-01  -3,09298e+00  -5,06000e+01
           802   8,02000e-02  -4,13797e-01  -3,38936e+00  -5,12000e+01
           803   8,03000e-02  -4,12046e-01  -3,67556e+00  -5,18000e+01
           804   8,04000e-02  -4,10351e-01  -3,96892e+00  -5,24000e+01
           805   8,05000e-02  -4,08671e-01  -4,25556e+00  -5,30000e+01
           806   8,06000e-02  -4,06869e-01  -4,54415e+00  -5,36000e+01
           807   8,07000e-02  -4,05198e-01  -4,83295e+00  -5,42000e+01
           808   8,08000e-02  -4,03429e-01  -5,12024e+00  -5,48000e+01
           809   8,09000e-02  -4,01681e-01  -5,40600e+00  -5,54000e+01
           810   8,10000e-02  -3,99907e-01  -5,68849e+00  -5,60000e+01
           811   8,11000e-02  -3,98164e-01  -5,97294e+00  -5,66000e+01
           812   8,12000e-02  -3,96397e-01  -6,25236e+00  -5,72000e+01
           813   8,13000e-02  -3,94734e-01  -6,53898e+00  -5,78000e+01
           814   8,14000e-02  -3,93120e-01  -6,81357e+00  -5,84000e+01
           815   8,15000e-02  -3,91496e-01  -7,09538e+00  -5,90000e+01
           816   8,16000e-02  -3,89855e-01  -7,37914e+00  -5,96000e+01
           817   8,17000e-02  -3,88266e-01  -7,65085e+00  -6,02000e+01
           818   8,18000e-02  -3,86651e-01  -7,93153e+00  -6,08000e+01
           819   8,19000e-02  -3,85183e-01  -8,20715e+00  -6,14000e+01
           820   8,20000e-02  -3,83733e-01  -8,48474e+00  -6,20000e+01
           821   8,21000e-02  -3,82212e-01  -8,75725e+00  -6,26000e+01
           822   8,22000e-02  -3,80661e-01  -9,02821e+00  -6,32000e+01
           823   8,23000e-02  -3,79203e-01  -9,30465e+00  -6,38000e+01
           824   8,24000e-02  -3,77729e-01  -9,57778e+00  -6,44000e+01
           825   8,25000e-02  -3,76301e-01  -9,85110e+00  -6,50000e+01
           826   8,26000e-02  -3,74843e-01  -1,01211e+01  -6,56000e+01
           827   8,27000e-02  -3,73388e-01  -1,03948e+01  -6,62000e+01
           828   8,28000e-02  -3,71900e-01  -1,06599e+01  -6,68000e+01
           829   8,29000e-02  -3,70460e-01  -1,09288e+01  -6,74000e+01
           830   8,30000e-02  -3,69083e-01  -1,11978e+01  -6,80000e+01
           831   8,31000e-02  -3,67637e-01  -1,14564e+01  -6,86000e+01
           832   8,32000e-02  -3,66208e-01  -1,17258e+01  -6,92000e+01
           833   8,33000e-02  -3,64685e-01  -1,19919e+01  -6,98000e+01
           834   8,34000e-02  -3,63144e-01  -1,22546e+01  -7,04000e+01
           835   8,35000e-02  -3,61575e-01  -1,25157e+01  -7,10000e+01
           836   8,36000e-02  -3,59923e-01  -1,27752e+01  -7,16000e+01
           837   8,37000e-02  -3,58486e-01  -1,30439e+01  -7,22000e+01
           838   8,38000e-02  -3,56968e-01  -1,33020e+01  -7,28000e+01
           839   8,39000e-02  -3,55420e-01  -1,35603e+01  -7,34000e+01
           840   8,40000e-02  -3,53942e-01  -1,38224e+01  -7,40000e+01
           841   8,41000e-02  -3,52529e-01  -1,40811e+01  -7,46000e+01
           842   8,42000e-02  -3,51102e-01  -1,43364e+01  -7,52000e+01
           843   8,43000e-02  -3,49601e-01  -1,45955e+01  -7,58000e+01
           844   8,44000e-02  -3,48137e-01  -1,48512e+01  -7,64000e+01
           845   8,45000e-02  -3,46638e-01  -1,51017e+01  -7,70000e+01
           846   8,46000e-02  -3,45190e-01  -1,53541e+01  -7,76000e+01
           847   8,47000e-02  -3,43781e-01  -1,56140e+01  -7,82000e+01
           848   8,48000e-02  -3,42383e-01  -1,58632e+01  -7,88000e+01
           849   8,49000e-02  -3,40877e-01  -1,61144e+01  -7,94000e+01
&ISTI23 90819 Jos_usf2_coolings_2000_4000_6000_8000_10000
