         Index             t     Heat Flow            Ts            Tr
           [#]           [s]          [mW]          [°C]          [°C]
             0   0,00000e+00  -3,33984e-02   4,29758e+02   4,30000e+02
             1   1,00000e-04  -3,57698e-02   4,29756e+02   4,29200e+02
             2   2,00000e-04  -3,68436e-02   4,29733e+02   4,28400e+02
             3   3,00000e-04  -3,57988e-02   4,29684e+02   4,27600e+02
             4   4,00000e-04  -3,31790e-02   4,29594e+02   4,26800e+02
             5   5,00000e-04  -3,01545e-02   4,29446e+02   4,26000e+02
             6   6,00000e-04  -2,72164e-02   4,29206e+02   4,25200e+02
             7   7,00000e-04  -2,41672e-02   4,28890e+02   4,24400e+02
             8   8,00000e-04  -2,05322e-02   4,28515e+02   4,23600e+02
             9   9,00000e-04  -1,56927e-02   4,28115e+02   4,22800e+02
            10   1,00000e-03  -9,27720e-03   4,27696e+02   4,22000e+02
            11   1,10000e-03  -1,22340e-03   4,27260e+02   4,21200e+02
            12   1,20000e-03   8,05192e-03   4,26792e+02   4,20400e+02
            13   1,30000e-03   1,78847e-02   4,26284e+02   4,19600e+02
            14   1,40000e-03   2,79091e-02   4,25730e+02   4,18800e+02
            15   1,50000e-03   3,82317e-02   4,25151e+02   4,18000e+02
            16   1,60000e-03   4,91527e-02   4,24555e+02   4,17200e+02
            17   1,70000e-03   6,05131e-02   4,23948e+02   4,16400e+02
            18   1,80000e-03   7,16516e-02   4,23334e+02   4,15600e+02
            19   1,90000e-03   8,14028e-02   4,22711e+02   4,14800e+02
            20   2,00000e-03   8,86828e-02   4,22063e+02   4,14000e+02
            21   2,10000e-03   9,28997e-02   4,21397e+02   4,13200e+02
            22   2,20000e-03   9,41472e-02   4,20714e+02   4,12400e+02
            23   2,30000e-03   9,28934e-02   4,20018e+02   4,11600e+02
            24   2,40000e-03   8,93685e-02   4,19317e+02   4,10800e+02
            25   2,50000e-03   8,37305e-02   4,18617e+02   4,10000e+02
            26   2,60000e-03   7,58451e-02   4,17909e+02   4,09200e+02
            27   2,70000e-03   6,68146e-02   4,17192e+02   4,08400e+02
            28   2,80000e-03   5,78138e-02   4,16462e+02   4,07600e+02
            29   2,90000e-03   4,84485e-02   4,15724e+02   4,06800e+02
            30   3,00000e-03   3,83295e-02   4,14981e+02   4,06000e+02
            31   3,10000e-03   2,70179e-02   4,14236e+02   4,05200e+02
            32   3,20000e-03   1,38565e-02   4,13489e+02   4,04400e+02
            33   3,30000e-03  -1,78694e-03   4,12743e+02   4,03600e+02
            34   3,40000e-03  -2,07325e-02   4,11989e+02   4,02800e+02
            35   3,50000e-03  -4,36927e-02   4,11230e+02   4,02000e+02
            36   3,60000e-03  -7,12285e-02   4,10466e+02   4,01200e+02
            37   3,70000e-03  -1,03550e-01   4,09696e+02   4,00400e+02
            38   3,80000e-03  -1,40785e-01   4,08928e+02   3,99600e+02
            39   3,90000e-03  -1,82570e-01   4,08160e+02   3,98800e+02
            40   4,00000e-03  -2,28715e-01   4,07387e+02   3,98000e+02
            41   4,10000e-03  -2,78858e-01   4,06616e+02   3,97200e+02
            42   4,20000e-03  -3,32182e-01   4,05840e+02   3,96400e+02
            43   4,30000e-03  -3,87886e-01   4,05060e+02   3,95600e+02
            44   4,40000e-03  -4,44627e-01   4,04283e+02   3,94800e+02
            45   4,50000e-03  -5,01213e-01   4,03502e+02   3,94000e+02
            46   4,60000e-03  -5,56406e-01   4,02720e+02   3,93200e+02
            47   4,70000e-03  -6,09257e-01   4,01938e+02   3,92400e+02
            48   4,80000e-03  -6,59173e-01   4,01157e+02   3,91600e+02
            49   4,90000e-03  -7,05573e-01   4,00372e+02   3,90800e+02
            50   5,00000e-03  -7,48194e-01   3,99589e+02   3,90000e+02
            51   5,10000e-03  -7,86958e-01   3,98800e+02   3,89200e+02
            52   5,20000e-03  -8,21741e-01   3,98014e+02   3,88400e+02
            53   5,30000e-03  -8,52881e-01   3,97226e+02   3,87600e+02
            54   5,40000e-03  -8,81072e-01   3,96436e+02   3,86800e+02
            55   5,50000e-03  -9,06731e-01   3,95646e+02   3,86000e+02
            56   5,60000e-03  -9,30638e-01   3,94858e+02   3,85200e+02
            57   5,70000e-03  -9,53408e-01   3,94068e+02   3,84400e+02
            58   5,80000e-03  -9,75711e-01   3,93279e+02   3,83600e+02
            59   5,90000e-03  -9,97363e-01   3,92485e+02   3,82800e+02
            60   6,00000e-03  -1,01933e+00   3,91695e+02   3,82000e+02
            61   6,10000e-03  -1,04160e+00   3,90904e+02   3,81200e+02
            62   6,20000e-03  -1,06451e+00   3,90112e+02   3,80400e+02
            63   6,30000e-03  -1,08830e+00   3,89320e+02   3,79600e+02
            64   6,40000e-03  -1,11268e+00   3,88526e+02   3,78800e+02
            65   6,50000e-03  -1,13765e+00   3,87733e+02   3,78000e+02
            66   6,60000e-03  -1,16301e+00   3,86940e+02   3,77200e+02
            67   6,70000e-03  -1,18827e+00   3,86145e+02   3,76400e+02
            68   6,80000e-03  -1,21323e+00   3,85354e+02   3,75600e+02
            69   6,90000e-03  -1,23795e+00   3,84560e+02   3,74800e+02
            70   7,00000e-03  -1,26196e+00   3,83761e+02   3,74000e+02
            71   7,10000e-03  -1,28493e+00   3,82971e+02   3,73200e+02
            72   7,20000e-03  -1,30672e+00   3,82175e+02   3,72400e+02
            73   7,30000e-03  -1,32708e+00   3,81381e+02   3,71600e+02
            74   7,40000e-03  -1,34606e+00   3,80586e+02   3,70800e+02
            75   7,50000e-03  -1,36382e+00   3,79791e+02   3,70000e+02
            76   7,60000e-03  -1,38027e+00   3,78999e+02   3,69200e+02
            77   7,70000e-03  -1,39526e+00   3,78201e+02   3,68400e+02
            78   7,80000e-03  -1,40888e+00   3,77407e+02   3,67600e+02
            79   7,90000e-03  -1,42163e+00   3,76612e+02   3,66800e+02
            80   8,00000e-03  -1,43354e+00   3,75816e+02   3,66000e+02
            81   8,10000e-03  -1,44465e+00   3,75019e+02   3,65200e+02
            82   8,20000e-03  -1,45538e+00   3,74224e+02   3,64400e+02
            83   8,30000e-03  -1,46557e+00   3,73427e+02   3,63600e+02
            84   8,40000e-03  -1,47565e+00   3,72629e+02   3,62800e+02
            85   8,50000e-03  -1,48544e+00   3,71832e+02   3,62000e+02
            86   8,60000e-03  -1,49523e+00   3,71037e+02   3,61200e+02
            87   8,70000e-03  -1,50508e+00   3,70245e+02   3,60400e+02
            88   8,80000e-03  -1,51492e+00   3,69445e+02   3,59600e+02
            89   8,90000e-03  -1,52465e+00   3,68649e+02   3,58800e+02
            90   9,00000e-03  -1,53420e+00   3,67854e+02   3,58000e+02
            91   9,10000e-03  -1,54377e+00   3,67057e+02   3,57200e+02
            92   9,20000e-03  -1,55338e+00   3,66260e+02   3,56400e+02
            93   9,30000e-03  -1,56280e+00   3,65462e+02   3,55600e+02
            94   9,40000e-03  -1,57220e+00   3,64666e+02   3,54800e+02
            95   9,50000e-03  -1,58148e+00   3,63871e+02   3,54000e+02
            96   9,60000e-03  -1,59045e+00   3,63070e+02   3,53200e+02
            97   9,70000e-03  -1,59923e+00   3,62273e+02   3,52400e+02
            98   9,80000e-03  -1,60744e+00   3,61478e+02   3,51600e+02
            99   9,90000e-03  -1,61491e+00   3,60684e+02   3,50800e+02
           100   1,00000e-02  -1,62196e+00   3,59883e+02   3,50000e+02
           101   1,01000e-02  -1,62856e+00   3,59085e+02   3,49200e+02
           102   1,02000e-02  -1,63445e+00   3,58292e+02   3,48400e+02
           103   1,03000e-02  -1,63995e+00   3,57496e+02   3,47600e+02
           104   1,04000e-02  -1,64509e+00   3,56699e+02   3,46800e+02
           105   1,05000e-02  -1,65001e+00   3,55902e+02   3,46000e+02
           106   1,06000e-02  -1,65490e+00   3,55104e+02   3,45200e+02
           107   1,07000e-02  -1,65968e+00   3,54304e+02   3,44400e+02
           108   1,08000e-02  -1,66439e+00   3,53507e+02   3,43600e+02
           109   1,09000e-02  -1,66906e+00   3,52711e+02   3,42800e+02
           110   1,10000e-02  -1,67354e+00   3,51915e+02   3,42000e+02
           111   1,11000e-02  -1,67785e+00   3,51118e+02   3,41200e+02
           112   1,12000e-02  -1,68167e+00   3,50320e+02   3,40400e+02
           113   1,13000e-02  -1,68573e+00   3,49521e+02   3,39600e+02
           114   1,14000e-02  -1,68988e+00   3,48724e+02   3,38800e+02
           115   1,15000e-02  -1,69411e+00   3,47926e+02   3,38000e+02
           116   1,16000e-02  -1,69835e+00   3,47128e+02   3,37200e+02
           117   1,17000e-02  -1,70241e+00   3,46332e+02   3,36400e+02
           118   1,18000e-02  -1,70636e+00   3,45536e+02   3,35600e+02
           119   1,19000e-02  -1,71020e+00   3,44733e+02   3,34800e+02
           120   1,20000e-02  -1,71403e+00   3,43939e+02   3,34000e+02
           121   1,21000e-02  -1,71784e+00   3,43142e+02   3,33200e+02
           122   1,22000e-02  -1,72159e+00   3,42343e+02   3,32400e+02
           123   1,23000e-02  -1,72530e+00   3,41544e+02   3,31600e+02
           124   1,24000e-02  -1,72867e+00   3,40748e+02   3,30800e+02
           125   1,25000e-02  -1,73167e+00   3,39951e+02   3,30000e+02
           126   1,26000e-02  -1,73448e+00   3,39153e+02   3,29200e+02
           127   1,27000e-02  -1,73736e+00   3,38354e+02   3,28400e+02
           128   1,28000e-02  -1,74041e+00   3,37556e+02   3,27600e+02
           129   1,29000e-02  -1,74332e+00   3,36756e+02   3,26800e+02
           130   1,30000e-02  -1,74597e+00   3,35961e+02   3,26000e+02
           131   1,31000e-02  -1,74841e+00   3,35161e+02   3,25200e+02
           132   1,32000e-02  -1,75092e+00   3,34363e+02   3,24400e+02
           133   1,33000e-02  -1,75363e+00   3,33567e+02   3,23600e+02
           134   1,34000e-02  -1,75676e+00   3,32770e+02   3,22800e+02
           135   1,35000e-02  -1,76009e+00   3,31974e+02   3,22000e+02
           136   1,36000e-02  -1,76329e+00   3,31179e+02   3,21200e+02
           137   1,37000e-02  -1,76621e+00   3,30377e+02   3,20400e+02
           138   1,38000e-02  -1,76934e+00   3,29580e+02   3,19600e+02
           139   1,39000e-02  -1,77256e+00   3,28780e+02   3,18800e+02
           140   1,40000e-02  -1,77628e+00   3,27985e+02   3,18000e+02
           141   1,41000e-02  -1,78039e+00   3,27187e+02   3,17200e+02
           142   1,42000e-02  -1,78495e+00   3,26392e+02   3,16400e+02
           143   1,43000e-02  -1,78984e+00   3,25590e+02   3,15600e+02
           144   1,44000e-02  -1,79529e+00   3,24794e+02   3,14800e+02
           145   1,45000e-02  -1,80118e+00   3,23996e+02   3,14000e+02
           146   1,46000e-02  -1,80748e+00   3,23199e+02   3,13200e+02
           147   1,47000e-02  -1,81433e+00   3,22403e+02   3,12400e+02
           148   1,48000e-02  -1,82201e+00   3,21605e+02   3,11600e+02
           149   1,49000e-02  -1,83046e+00   3,20809e+02   3,10800e+02
           150   1,50000e-02  -1,84000e+00   3,20012e+02   3,10000e+02
           151   1,51000e-02  -1,85031e+00   3,19214e+02   3,09200e+02
           152   1,52000e-02  -1,86127e+00   3,18415e+02   3,08400e+02
           153   1,53000e-02  -1,87308e+00   3,17619e+02   3,07600e+02
           154   1,54000e-02  -1,88575e+00   3,16822e+02   3,06800e+02
           155   1,55000e-02  -1,89848e+00   3,16026e+02   3,06000e+02
           156   1,56000e-02  -1,91187e+00   3,15230e+02   3,05200e+02
           157   1,57000e-02  -1,92563e+00   3,14435e+02   3,04400e+02
           158   1,58000e-02  -1,93923e+00   3,13632e+02   3,03600e+02
           159   1,59000e-02  -1,95251e+00   3,12839e+02   3,02800e+02
           160   1,60000e-02  -1,96511e+00   3,12040e+02   3,02000e+02
           161   1,61000e-02  -1,97683e+00   3,11243e+02   3,01200e+02
           162   1,62000e-02  -1,98732e+00   3,10444e+02   3,00400e+02
           163   1,63000e-02  -1,99686e+00   3,09647e+02   2,99600e+02
           164   1,64000e-02  -2,00592e+00   3,08850e+02   2,98800e+02
           165   1,65000e-02  -2,01432e+00   3,08051e+02   2,98000e+02
           166   1,66000e-02  -2,02161e+00   3,07254e+02   2,97200e+02
           167   1,67000e-02  -2,02808e+00   3,06456e+02   2,96400e+02
           168   1,68000e-02  -2,03368e+00   3,05657e+02   2,95600e+02
           169   1,69000e-02  -2,03851e+00   3,04858e+02   2,94800e+02
           170   1,70000e-02  -2,04256e+00   3,04064e+02   2,94000e+02
           171   1,71000e-02  -2,04582e+00   3,03265e+02   2,93200e+02
           172   1,72000e-02  -2,04876e+00   3,02467e+02   2,92400e+02
           173   1,73000e-02  -2,05144e+00   3,01669e+02   2,91600e+02
           174   1,74000e-02  -2,05403e+00   3,00871e+02   2,90800e+02
           175   1,75000e-02  -2,05647e+00   3,00075e+02   2,90000e+02
           176   1,76000e-02  -2,05858e+00   2,99276e+02   2,89200e+02
           177   1,77000e-02  -2,06047e+00   2,98478e+02   2,88400e+02
           178   1,78000e-02  -2,06246e+00   2,97678e+02   2,87600e+02
           179   1,79000e-02  -2,06396e+00   2,96884e+02   2,86800e+02
           180   1,80000e-02  -2,06514e+00   2,96083e+02   2,86000e+02
           181   1,81000e-02  -2,06583e+00   2,95288e+02   2,85200e+02
           182   1,82000e-02  -2,06566e+00   2,94486e+02   2,84400e+02
           183   1,83000e-02  -2,06516e+00   2,93691e+02   2,83600e+02
           184   1,84000e-02  -2,06407e+00   2,92890e+02   2,82800e+02
           185   1,85000e-02  -2,06265e+00   2,92094e+02   2,82000e+02
           186   1,86000e-02  -2,06080e+00   2,91296e+02   2,81200e+02
           187   1,87000e-02  -2,05841e+00   2,90500e+02   2,80400e+02
           188   1,88000e-02  -2,05560e+00   2,89699e+02   2,79600e+02
           189   1,89000e-02  -2,05243e+00   2,88901e+02   2,78800e+02
           190   1,90000e-02  -2,04880e+00   2,88106e+02   2,78000e+02
           191   1,91000e-02  -2,04466e+00   2,87302e+02   2,77200e+02
           192   1,92000e-02  -2,04056e+00   2,86505e+02   2,76400e+02
           193   1,93000e-02  -2,03590e+00   2,85707e+02   2,75600e+02
           194   1,94000e-02  -2,03076e+00   2,84911e+02   2,74800e+02
           195   1,95000e-02  -2,02554e+00   2,84110e+02   2,74000e+02
           196   1,96000e-02  -2,02033e+00   2,83314e+02   2,73200e+02
           197   1,97000e-02  -2,01486e+00   2,82514e+02   2,72400e+02
           198   1,98000e-02  -2,00919e+00   2,81718e+02   2,71600e+02
           199   1,99000e-02  -2,00346e+00   2,80921e+02   2,70800e+02
           200   2,00000e-02  -1,99797e+00   2,80123e+02   2,70000e+02
           201   2,01000e-02  -1,99234e+00   2,79325e+02   2,69200e+02
           202   2,02000e-02  -1,98671e+00   2,78526e+02   2,68400e+02
           203   2,03000e-02  -1,98081e+00   2,77726e+02   2,67600e+02
           204   2,04000e-02  -1,97507e+00   2,76928e+02   2,66800e+02
           205   2,05000e-02  -1,96936e+00   2,76130e+02   2,66000e+02
           206   2,06000e-02  -1,96378e+00   2,75332e+02   2,65200e+02
           207   2,07000e-02  -1,95820e+00   2,74533e+02   2,64400e+02
           208   2,08000e-02  -1,95270e+00   2,73734e+02   2,63600e+02
           209   2,09000e-02  -1,94702e+00   2,72937e+02   2,62800e+02
           210   2,10000e-02  -1,94107e+00   2,72140e+02   2,62000e+02
           211   2,11000e-02  -1,93479e+00   2,71341e+02   2,61200e+02
           212   2,12000e-02  -1,92823e+00   2,70542e+02   2,60400e+02
           213   2,13000e-02  -1,92125e+00   2,69748e+02   2,59600e+02
           214   2,14000e-02  -1,91423e+00   2,68947e+02   2,58800e+02
           215   2,15000e-02  -1,90757e+00   2,68150e+02   2,58000e+02
           216   2,16000e-02  -1,90092e+00   2,67348e+02   2,57200e+02
           217   2,17000e-02  -1,89454e+00   2,66553e+02   2,56400e+02
           218   2,18000e-02  -1,88852e+00   2,65752e+02   2,55600e+02
           219   2,19000e-02  -1,88291e+00   2,64955e+02   2,54800e+02
           220   2,20000e-02  -1,87733e+00   2,64160e+02   2,54000e+02
           221   2,21000e-02  -1,87184e+00   2,63360e+02   2,53200e+02
           222   2,22000e-02  -1,86645e+00   2,62562e+02   2,52400e+02
           223   2,23000e-02  -1,86122e+00   2,61762e+02   2,51600e+02
           224   2,24000e-02  -1,85585e+00   2,60964e+02   2,50800e+02
           225   2,25000e-02  -1,85071e+00   2,60166e+02   2,50000e+02
           226   2,26000e-02  -1,84595e+00   2,59370e+02   2,49200e+02
           227   2,27000e-02  -1,84119e+00   2,58572e+02   2,48400e+02
           228   2,28000e-02  -1,83601e+00   2,57774e+02   2,47600e+02
           229   2,29000e-02  -1,83063e+00   2,56972e+02   2,46800e+02
           230   2,30000e-02  -1,82526e+00   2,56178e+02   2,46000e+02
           231   2,31000e-02  -1,81977e+00   2,55378e+02   2,45200e+02
           232   2,32000e-02  -1,81417e+00   2,54583e+02   2,44400e+02
           233   2,33000e-02  -1,80849e+00   2,53787e+02   2,43600e+02
           234   2,34000e-02  -1,80317e+00   2,52986e+02   2,42800e+02
           235   2,35000e-02  -1,79809e+00   2,52188e+02   2,42000e+02
           236   2,36000e-02  -1,79302e+00   2,51392e+02   2,41200e+02
           237   2,37000e-02  -1,78808e+00   2,50592e+02   2,40400e+02
           238   2,38000e-02  -1,78356e+00   2,49797e+02   2,39600e+02
           239   2,39000e-02  -1,77916e+00   2,49000e+02   2,38800e+02
           240   2,40000e-02  -1,77496e+00   2,48201e+02   2,38000e+02
           241   2,41000e-02  -1,77068e+00   2,47401e+02   2,37200e+02
           242   2,42000e-02  -1,76662e+00   2,46605e+02   2,36400e+02
           243   2,43000e-02  -1,76259e+00   2,45806e+02   2,35600e+02
           244   2,44000e-02  -1,75840e+00   2,45009e+02   2,34800e+02
           245   2,45000e-02  -1,75422e+00   2,44210e+02   2,34000e+02
           246   2,46000e-02  -1,74979e+00   2,43415e+02   2,33200e+02
           247   2,47000e-02  -1,74524e+00   2,42617e+02   2,32400e+02
           248   2,48000e-02  -1,74062e+00   2,41819e+02   2,31600e+02
           249   2,49000e-02  -1,73598e+00   2,41023e+02   2,30800e+02
           250   2,50000e-02  -1,73124e+00   2,40224e+02   2,30000e+02
           251   2,51000e-02  -1,72677e+00   2,39428e+02   2,29200e+02
           252   2,52000e-02  -1,72229e+00   2,38631e+02   2,28400e+02
           253   2,53000e-02  -1,71825e+00   2,37832e+02   2,27600e+02
           254   2,54000e-02  -1,71417e+00   2,37033e+02   2,26800e+02
           255   2,55000e-02  -1,71023e+00   2,36238e+02   2,26000e+02
           256   2,56000e-02  -1,70668e+00   2,35443e+02   2,25200e+02
           257   2,57000e-02  -1,70340e+00   2,34643e+02   2,24400e+02
           258   2,58000e-02  -1,70024e+00   2,33846e+02   2,23600e+02
           259   2,59000e-02  -1,69721e+00   2,33047e+02   2,22800e+02
           260   2,60000e-02  -1,69444e+00   2,32252e+02   2,22000e+02
           261   2,61000e-02  -1,69177e+00   2,31453e+02   2,21200e+02
           262   2,62000e-02  -1,68901e+00   2,30655e+02   2,20400e+02
           263   2,63000e-02  -1,68623e+00   2,29859e+02   2,19600e+02
           264   2,64000e-02  -1,68316e+00   2,29062e+02   2,18800e+02
           265   2,65000e-02  -1,67968e+00   2,28264e+02   2,18000e+02
           266   2,66000e-02  -1,67629e+00   2,27467e+02   2,17200e+02
           267   2,67000e-02  -1,67281e+00   2,26665e+02   2,16400e+02
           268   2,68000e-02  -1,66924e+00   2,25872e+02   2,15600e+02
           269   2,69000e-02  -1,66588e+00   2,25076e+02   2,14800e+02
           270   2,70000e-02  -1,66261e+00   2,24283e+02   2,14000e+02
           271   2,71000e-02  -1,65929e+00   2,23484e+02   2,13200e+02
           272   2,72000e-02  -1,65596e+00   2,22685e+02   2,12400e+02
           273   2,73000e-02  -1,65281e+00   2,21889e+02   2,11600e+02
           274   2,74000e-02  -1,65009e+00   2,21093e+02   2,10800e+02
           275   2,75000e-02  -1,64744e+00   2,20295e+02   2,10000e+02
           276   2,76000e-02  -1,64479e+00   2,19493e+02   2,09200e+02
           277   2,77000e-02  -1,64206e+00   2,18700e+02   2,08400e+02
           278   2,78000e-02  -1,63948e+00   2,17903e+02   2,07600e+02
           279   2,79000e-02  -1,63656e+00   2,17107e+02   2,06800e+02
           280   2,80000e-02  -1,63363e+00   2,16306e+02   2,06000e+02
           281   2,81000e-02  -1,63045e+00   2,15509e+02   2,05200e+02
           282   2,82000e-02  -1,62754e+00   2,14716e+02   2,04400e+02
           283   2,83000e-02  -1,62473e+00   2,13918e+02   2,03600e+02
           284   2,84000e-02  -1,62212e+00   2,13119e+02   2,02800e+02
           285   2,85000e-02  -1,61971e+00   2,12322e+02   2,02000e+02
           286   2,86000e-02  -1,61727e+00   2,11524e+02   2,01200e+02
           287   2,87000e-02  -1,61488e+00   2,10730e+02   2,00400e+02
           288   2,88000e-02  -1,61244e+00   2,09931e+02   1,99600e+02
           289   2,89000e-02  -1,61005e+00   2,09139e+02   1,98800e+02
           290   2,90000e-02  -1,60748e+00   2,08341e+02   1,98000e+02
           291   2,91000e-02  -1,60498e+00   2,07543e+02   1,97200e+02
           292   2,92000e-02  -1,60253e+00   2,06746e+02   1,96400e+02
           293   2,93000e-02  -1,60003e+00   2,05949e+02   1,95600e+02
           294   2,94000e-02  -1,59775e+00   2,05156e+02   1,94800e+02
           295   2,95000e-02  -1,59541e+00   2,04356e+02   1,94000e+02
           296   2,96000e-02  -1,59296e+00   2,03561e+02   1,93200e+02
           297   2,97000e-02  -1,59050e+00   2,02767e+02   1,92400e+02
           298   2,98000e-02  -1,58826e+00   2,01969e+02   1,91600e+02
           299   2,99000e-02  -1,58602e+00   2,01172e+02   1,90800e+02
           300   3,00000e-02  -1,58397e+00   2,00375e+02   1,90000e+02
           301   3,01000e-02  -1,58184e+00   1,99581e+02   1,89200e+02
           302   3,02000e-02  -1,57968e+00   1,98783e+02   1,88400e+02
           303   3,03000e-02  -1,57753e+00   1,97988e+02   1,87600e+02
           304   3,04000e-02  -1,57542e+00   1,97184e+02   1,86800e+02
           305   3,05000e-02  -1,57322e+00   1,96396e+02   1,86000e+02
           306   3,06000e-02  -1,57108e+00   1,95595e+02   1,85200e+02
           307   3,07000e-02  -1,56906e+00   1,94802e+02   1,84400e+02
           308   3,08000e-02  -1,56685e+00   1,94004e+02   1,83600e+02
           309   3,09000e-02  -1,56432e+00   1,93209e+02   1,82800e+02
           310   3,10000e-02  -1,56198e+00   1,92415e+02   1,82000e+02
           311   3,11000e-02  -1,55980e+00   1,91616e+02   1,81200e+02
           312   3,12000e-02  -1,55783e+00   1,90819e+02   1,80400e+02
           313   3,13000e-02  -1,55620e+00   1,90026e+02   1,79600e+02
           314   3,14000e-02  -1,55448e+00   1,89230e+02   1,78800e+02
           315   3,15000e-02  -1,55269e+00   1,88433e+02   1,78000e+02
           316   3,16000e-02  -1,55086e+00   1,87640e+02   1,77200e+02
           317   3,17000e-02  -1,54914e+00   1,86843e+02   1,76400e+02
           318   3,18000e-02  -1,54733e+00   1,86047e+02   1,75600e+02
           319   3,19000e-02  -1,54526e+00   1,85252e+02   1,74800e+02
           320   3,20000e-02  -1,54313e+00   1,84456e+02   1,74000e+02
           321   3,21000e-02  -1,54065e+00   1,83659e+02   1,73200e+02
           322   3,22000e-02  -1,53822e+00   1,82865e+02   1,72400e+02
           323   3,23000e-02  -1,53562e+00   1,82069e+02   1,71600e+02
           324   3,24000e-02  -1,53323e+00   1,81275e+02   1,70800e+02
           325   3,25000e-02  -1,53074e+00   1,80475e+02   1,70000e+02
           326   3,26000e-02  -1,52810e+00   1,79682e+02   1,69200e+02
           327   3,27000e-02  -1,52566e+00   1,78884e+02   1,68400e+02
           328   3,28000e-02  -1,52324e+00   1,78089e+02   1,67600e+02
           329   3,29000e-02  -1,52110e+00   1,77295e+02   1,66800e+02
           330   3,30000e-02  -1,51912e+00   1,76500e+02   1,66000e+02
           331   3,31000e-02  -1,51719e+00   1,75704e+02   1,65200e+02
           332   3,32000e-02  -1,51545e+00   1,74907e+02   1,64400e+02
           333   3,33000e-02  -1,51401e+00   1,74114e+02   1,63600e+02
           334   3,34000e-02  -1,51289e+00   1,73319e+02   1,62800e+02
           335   3,35000e-02  -1,51149e+00   1,72525e+02   1,62000e+02
           336   3,36000e-02  -1,50997e+00   1,71728e+02   1,61200e+02
           337   3,37000e-02  -1,50856e+00   1,70932e+02   1,60400e+02
           338   3,38000e-02  -1,50709e+00   1,70143e+02   1,59600e+02
           339   3,39000e-02  -1,50573e+00   1,69345e+02   1,58800e+02
           340   3,40000e-02  -1,50415e+00   1,68552e+02   1,58000e+02
           341   3,41000e-02  -1,50248e+00   1,67755e+02   1,57200e+02
           342   3,42000e-02  -1,50087e+00   1,66965e+02   1,56400e+02
           343   3,43000e-02  -1,49893e+00   1,66168e+02   1,55600e+02
           344   3,44000e-02  -1,49680e+00   1,65376e+02   1,54800e+02
           345   3,45000e-02  -1,49482e+00   1,64580e+02   1,54000e+02
           346   3,46000e-02  -1,49287e+00   1,63786e+02   1,53200e+02
           347   3,47000e-02  -1,49083e+00   1,62993e+02   1,52400e+02
           348   3,48000e-02  -1,48856e+00   1,62198e+02   1,51600e+02
           349   3,49000e-02  -1,48602e+00   1,61401e+02   1,50800e+02
           350   3,50000e-02  -1,48371e+00   1,60613e+02   1,50000e+02
           351   3,51000e-02  -1,48118e+00   1,59818e+02   1,49200e+02
           352   3,52000e-02  -1,47845e+00   1,59026e+02   1,48400e+02
           353   3,53000e-02  -1,47589e+00   1,58232e+02   1,47600e+02
           354   3,54000e-02  -1,47343e+00   1,57439e+02   1,46800e+02
           355   3,55000e-02  -1,47119e+00   1,56646e+02   1,46000e+02
           356   3,56000e-02  -1,46902e+00   1,55852e+02   1,45200e+02
           357   3,57000e-02  -1,46699e+00   1,55059e+02   1,44400e+02
           358   3,58000e-02  -1,46503e+00   1,54261e+02   1,43600e+02
           359   3,59000e-02  -1,46351e+00   1,53474e+02   1,42800e+02
           360   3,60000e-02  -1,46247e+00   1,52678e+02   1,42000e+02
           361   3,61000e-02  -1,46157e+00   1,51882e+02   1,41200e+02
           362   3,62000e-02  -1,46070e+00   1,51099e+02   1,40400e+02
           363   3,63000e-02  -1,45976e+00   1,50306e+02   1,39600e+02
           364   3,64000e-02  -1,45901e+00   1,49517e+02   1,38800e+02
           365   3,65000e-02  -1,45839e+00   1,48727e+02   1,38000e+02
           366   3,66000e-02  -1,45796e+00   1,47949e+02   1,37200e+02
           367   3,67000e-02  -1,45758e+00   1,47163e+02   1,36400e+02
           368   3,68000e-02  -1,45727e+00   1,46383e+02   1,35600e+02
           369   3,69000e-02  -1,45687e+00   1,45600e+02   1,34800e+02
           370   3,70000e-02  -1,45634e+00   1,44827e+02   1,34000e+02
           371   3,71000e-02  -1,45564e+00   1,44052e+02   1,33200e+02
           372   3,72000e-02  -1,45506e+00   1,43281e+02   1,32400e+02
           373   3,73000e-02  -1,45422e+00   1,42510e+02   1,31600e+02
           374   3,74000e-02  -1,45340e+00   1,41747e+02   1,30800e+02
           375   3,75000e-02  -1,45235e+00   1,40984e+02   1,30000e+02
           376   3,76000e-02  -1,45083e+00   1,40222e+02   1,29200e+02
           377   3,77000e-02  -1,44905e+00   1,39465e+02   1,28400e+02
           378   3,78000e-02  -1,44694e+00   1,38709e+02   1,27600e+02
           379   3,79000e-02  -1,44493e+00   1,37957e+02   1,26800e+02
           380   3,80000e-02  -1,44273e+00   1,37205e+02   1,26000e+02
           381   3,81000e-02  -1,44057e+00   1,36464e+02   1,25200e+02
           382   3,82000e-02  -1,43818e+00   1,35719e+02   1,24400e+02
           383   3,83000e-02  -1,43555e+00   1,34977e+02   1,23600e+02
           384   3,84000e-02  -1,43268e+00   1,34239e+02   1,22800e+02
           385   3,85000e-02  -1,42950e+00   1,33503e+02   1,22000e+02
           386   3,86000e-02  -1,42611e+00   1,32769e+02   1,21200e+02
           387   3,87000e-02  -1,42255e+00   1,32041e+02   1,20400e+02
           388   3,88000e-02  -1,41868e+00   1,31312e+02   1,19600e+02
           389   3,89000e-02  -1,41472e+00   1,30587e+02   1,18800e+02
           390   3,90000e-02  -1,41041e+00   1,29867e+02   1,18000e+02
           391   3,91000e-02  -1,40583e+00   1,29147e+02   1,17200e+02
           392   3,92000e-02  -1,40136e+00   1,28431e+02   1,16400e+02
           393   3,93000e-02  -1,39687e+00   1,27718e+02   1,15600e+02
           394   3,94000e-02  -1,39225e+00   1,27003e+02   1,14800e+02
           395   3,95000e-02  -1,38768e+00   1,26295e+02   1,14000e+02
           396   3,96000e-02  -1,38320e+00   1,25587e+02   1,13200e+02
           397   3,97000e-02  -1,37887e+00   1,24884e+02   1,12400e+02
           398   3,98000e-02  -1,37450e+00   1,24187e+02   1,11600e+02
           399   3,99000e-02  -1,37013e+00   1,23485e+02   1,10800e+02
           400   4,00000e-02  -1,36562e+00   1,22790e+02   1,10000e+02
           401   4,01000e-02  -1,36096e+00   1,22096e+02   1,09200e+02
           402   4,02000e-02  -1,35610e+00   1,21400e+02   1,08400e+02
           403   4,03000e-02  -1,35104e+00   1,20717e+02   1,07600e+02
           404   4,04000e-02  -1,34589e+00   1,20033e+02   1,06800e+02
           405   4,05000e-02  -1,34064e+00   1,19346e+02   1,06000e+02
           406   4,06000e-02  -1,33530e+00   1,18664e+02   1,05200e+02
           407   4,07000e-02  -1,32982e+00   1,17987e+02   1,04400e+02
           408   4,08000e-02  -1,32428e+00   1,17310e+02   1,03600e+02
           409   4,09000e-02  -1,31869e+00   1,16633e+02   1,02800e+02
           410   4,10000e-02  -1,31309e+00   1,15964e+02   1,02000e+02
           411   4,11000e-02  -1,30755e+00   1,15297e+02   1,01200e+02
           412   4,12000e-02  -1,30205e+00   1,14630e+02   1,00400e+02
           413   4,13000e-02  -1,29632e+00   1,13962e+02   9,96000e+01
           414   4,14000e-02  -1,29031e+00   1,13302e+02   9,88000e+01
           415   4,15000e-02  -1,28413e+00   1,12638e+02   9,80000e+01
           416   4,16000e-02  -1,27794e+00   1,11985e+02   9,72000e+01
           417   4,17000e-02  -1,27167e+00   1,11329e+02   9,64000e+01
           418   4,18000e-02  -1,26540e+00   1,10676e+02   9,56000e+01
           419   4,19000e-02  -1,25943e+00   1,10023e+02   9,48000e+01
           420   4,20000e-02  -1,25375e+00   1,09370e+02   9,40000e+01
           421   4,21000e-02  -1,24821e+00   1,08727e+02   9,32000e+01
           422   4,22000e-02  -1,24277e+00   1,08080e+02   9,24000e+01
           423   4,23000e-02  -1,23751e+00   1,07440e+02   9,16000e+01
           424   4,24000e-02  -1,23239e+00   1,06800e+02   9,08000e+01
           425   4,25000e-02  -1,22718e+00   1,06162e+02   9,00000e+01
           426   4,26000e-02  -1,22187e+00   1,05528e+02   8,92000e+01
           427   4,27000e-02  -1,21641e+00   1,04897e+02   8,84000e+01
           428   4,28000e-02  -1,21087e+00   1,04262e+02   8,76000e+01
           429   4,29000e-02  -1,20526e+00   1,03632e+02   8,68000e+01
           430   4,30000e-02  -1,19954e+00   1,03002e+02   8,60000e+01
           431   4,31000e-02  -1,19364e+00   1,02380e+02   8,52000e+01
           432   4,32000e-02  -1,18763e+00   1,01757e+02   8,44000e+01
           433   4,33000e-02  -1,18162e+00   1,01137e+02   8,36000e+01
           434   4,34000e-02  -1,17554e+00   1,00515e+02   8,28000e+01
           435   4,35000e-02  -1,16971e+00   9,99008e+01   8,20000e+01
           436   4,36000e-02  -1,16392e+00   9,92843e+01   8,12000e+01
           437   4,37000e-02  -1,15844e+00   9,86715e+01   8,04000e+01
           438   4,38000e-02  -1,15300e+00   9,80595e+01   7,96000e+01
           439   4,39000e-02  -1,14761e+00   9,74556e+01   7,88000e+01
           440   4,40000e-02  -1,14245e+00   9,68439e+01   7,80000e+01
           441   4,41000e-02  -1,13733e+00   9,62417e+01   7,72000e+01
           442   4,42000e-02  -1,13226e+00   9,56376e+01   7,64000e+01
           443   4,43000e-02  -1,12728e+00   9,50372e+01   7,56000e+01
           444   4,44000e-02  -1,12213e+00   9,44405e+01   7,48000e+01
           445   4,45000e-02  -1,11684e+00   9,38448e+01   7,40000e+01
           446   4,46000e-02  -1,11150e+00   9,32499e+01   7,32000e+01
           447   4,47000e-02  -1,10601e+00   9,26574e+01   7,24000e+01
           448   4,48000e-02  -1,10040e+00   9,20615e+01   7,16000e+01
           449   4,49000e-02  -1,09464e+00   9,14779e+01   7,08000e+01
           450   4,50000e-02  -1,08894e+00   9,08867e+01   7,00000e+01
           451   4,51000e-02  -1,08346e+00   9,03021e+01   6,92000e+01
           452   4,52000e-02  -1,07815e+00   8,97199e+01   6,84000e+01
           453   4,53000e-02  -1,07280e+00   8,91386e+01   6,76000e+01
           454   4,54000e-02  -1,06773e+00   8,85568e+01   6,68000e+01
           455   4,55000e-02  -1,06280e+00   8,79817e+01   6,60000e+01
           456   4,56000e-02  -1,05778e+00   8,74046e+01   6,52000e+01
           457   4,57000e-02  -1,05272e+00   8,68328e+01   6,44000e+01
           458   4,58000e-02  -1,04774e+00   8,62576e+01   6,36000e+01
           459   4,59000e-02  -1,04264e+00   8,56891e+01   6,28000e+01
           460   4,60000e-02  -1,03780e+00   8,51216e+01   6,20000e+01
           461   4,61000e-02  -1,03300e+00   8,45564e+01   6,12000e+01
           462   4,62000e-02  -1,02801e+00   8,39879e+01   6,04000e+01
           463   4,63000e-02  -1,02291e+00   8,34290e+01   5,96000e+01
           464   4,64000e-02  -1,01783e+00   8,28652e+01   5,88000e+01
           465   4,65000e-02  -1,01278e+00   8,23083e+01   5,80000e+01
           466   4,66000e-02  -1,00788e+00   8,17508e+01   5,72000e+01
           467   4,67000e-02  -1,00315e+00   8,11958e+01   5,64000e+01
           468   4,68000e-02  -9,98630e-01   8,06373e+01   5,56000e+01
           469   4,69000e-02  -9,94220e-01   8,00900e+01   5,48000e+01
           470   4,70000e-02  -9,89706e-01   7,95379e+01   5,40000e+01
           471   4,71000e-02  -9,85249e-01   7,89897e+01   5,32000e+01
           472   4,72000e-02  -9,80878e-01   7,84453e+01   5,24000e+01
           473   4,73000e-02  -9,76545e-01   7,78991e+01   5,16000e+01
           474   4,74000e-02  -9,72202e-01   7,73552e+01   5,08000e+01
           475   4,75000e-02  -9,67719e-01   7,68139e+01   5,00000e+01
           476   4,76000e-02  -9,63247e-01   7,62749e+01   4,92000e+01
           477   4,77000e-02  -9,58822e-01   7,57400e+01   4,84000e+01
           478   4,78000e-02  -9,54313e-01   7,51986e+01   4,76000e+01
           479   4,79000e-02  -9,49760e-01   7,46656e+01   4,68000e+01
           480   4,80000e-02  -9,45069e-01   7,41307e+01   4,60000e+01
           481   4,81000e-02  -9,40434e-01   7,36027e+01   4,52000e+01
           482   4,82000e-02  -9,35720e-01   7,30757e+01   4,44000e+01
           483   4,83000e-02  -9,30824e-01   7,25437e+01   4,36000e+01
           484   4,84000e-02  -9,25884e-01   7,20173e+01   4,28000e+01
           485   4,85000e-02  -9,21014e-01   7,14963e+01   4,20000e+01
           486   4,86000e-02  -9,16303e-01   7,09703e+01   4,12000e+01
           487   4,87000e-02  -9,11638e-01   7,04543e+01   4,04000e+01
           488   4,88000e-02  -9,07187e-01   6,99334e+01   3,96000e+01
           489   4,89000e-02  -9,02982e-01   6,94150e+01   3,88000e+01
           490   4,90000e-02  -8,98842e-01   6,88947e+01   3,80000e+01
           491   4,91000e-02  -8,94747e-01   6,83799e+01   3,72000e+01
           492   4,92000e-02  -8,90770e-01   6,78660e+01   3,64000e+01
           493   4,93000e-02  -8,86890e-01   6,73592e+01   3,56000e+01
           494   4,94000e-02  -8,82930e-01   6,68475e+01   3,48000e+01
           495   4,95000e-02  -8,79086e-01   6,63368e+01   3,40000e+01
           496   4,96000e-02  -8,75368e-01   6,58316e+01   3,32000e+01
           497   4,97000e-02  -8,71744e-01   6,53290e+01   3,24000e+01
           498   4,98000e-02  -8,68103e-01   6,48275e+01   3,16000e+01
           499   4,99000e-02  -8,64362e-01   6,43225e+01   3,08000e+01
           500   5,00000e-02  -8,60843e-01   6,38261e+01   3,00000e+01
           501   5,01000e-02  -8,57243e-01   6,33232e+01   2,92000e+01
           502   5,02000e-02  -8,53508e-01   6,28289e+01   2,84000e+01
           503   5,03000e-02  -8,49746e-01   6,23356e+01   2,76000e+01
           504   5,04000e-02  -8,46010e-01   6,18359e+01   2,68000e+01
           505   5,05000e-02  -8,42318e-01   6,13479e+01   2,60000e+01
           506   5,06000e-02  -8,38423e-01   6,08548e+01   2,52000e+01
           507   5,07000e-02  -8,34711e-01   6,03674e+01   2,44000e+01
           508   5,08000e-02  -8,30739e-01   5,98811e+01   2,36000e+01
           509   5,09000e-02  -8,26775e-01   5,93928e+01   2,28000e+01
           510   5,10000e-02  -8,22969e-01   5,89102e+01   2,20000e+01
           511   5,11000e-02  -8,18980e-01   5,84271e+01   2,12000e+01
           512   5,12000e-02  -8,15028e-01   5,79436e+01   2,04000e+01
           513   5,13000e-02  -8,10972e-01   5,74642e+01   1,96000e+01
           514   5,14000e-02  -8,06901e-01   5,69829e+01   1,88000e+01
           515   5,15000e-02  -8,02866e-01   5,65073e+01   1,80000e+01
           516   5,16000e-02  -7,98876e-01   5,60282e+01   1,72000e+01
           517   5,17000e-02  -7,94851e-01   5,55563e+01   1,64000e+01
           518   5,18000e-02  -7,90956e-01   5,50855e+01   1,56000e+01
           519   5,19000e-02  -7,87129e-01   5,46173e+01   1,48000e+01
           520   5,20000e-02  -7,83346e-01   5,41426e+01   1,40000e+01
           521   5,21000e-02  -7,79436e-01   5,36813e+01   1,32000e+01
           522   5,22000e-02  -7,75655e-01   5,32134e+01   1,24000e+01
           523   5,23000e-02  -7,71966e-01   5,27436e+01   1,16000e+01
           524   5,24000e-02  -7,68555e-01   5,22826e+01   1,08000e+01
           525   5,25000e-02  -7,65285e-01   5,18182e+01   1,00000e+01
           526   5,26000e-02  -7,62086e-01   5,13579e+01   9,19999e+00
           527   5,27000e-02  -7,58812e-01   5,09018e+01   8,40001e+00
           528   5,28000e-02  -7,55579e-01   5,04407e+01   7,59999e+00
           529   5,29000e-02  -7,52235e-01   4,99823e+01   6,80001e+00
           530   5,30000e-02  -7,49017e-01   4,95282e+01   6,00000e+00
           531   5,31000e-02  -7,45804e-01   4,90751e+01   5,20001e+00
           532   5,32000e-02  -7,42664e-01   4,86232e+01   4,40000e+00
           533   5,33000e-02  -7,39562e-01   4,81694e+01   3,60002e+00
           534   5,34000e-02  -7,36387e-01   4,77260e+01   2,80000e+00
           535   5,35000e-02  -7,33217e-01   4,72745e+01   1,99999e+00
           536   5,36000e-02  -7,30121e-01   4,68288e+01   1,20000e+00
           537   5,37000e-02  -7,26915e-01   4,63796e+01   3,99991e-01
           538   5,38000e-02  -7,23774e-01   4,59378e+01  -3,99993e-01
           539   5,39000e-02  -7,20689e-01   4,54940e+01  -1,20001e+00
           540   5,40000e-02  -7,17537e-01   4,50576e+01  -1,99999e+00
           541   5,41000e-02  -7,14424e-01   4,46147e+01  -2,80000e+00
           542   5,42000e-02  -7,11286e-01   4,41729e+01  -3,59999e+00
           543   5,43000e-02  -7,08251e-01   4,37385e+01  -4,40000e+00
           544   5,44000e-02  -7,05078e-01   4,33021e+01  -5,19998e+00
           545   5,45000e-02  -7,02025e-01   4,28685e+01  -6,00000e+00
           546   5,46000e-02  -6,98882e-01   4,24330e+01  -6,80001e+00
           547   5,47000e-02  -6,95873e-01   4,20034e+01  -7,60000e+00
           548   5,48000e-02  -6,92825e-01   4,15765e+01  -8,40001e+00
           549   5,49000e-02  -6,89646e-01   4,11446e+01  -9,19999e+00
           550   5,50000e-02  -6,86379e-01   4,07185e+01  -1,00000e+01
           551   5,51000e-02  -6,83112e-01   4,02874e+01  -1,08000e+01
           552   5,52000e-02  -6,79981e-01   3,98653e+01  -1,16000e+01
           553   5,53000e-02  -6,76871e-01   3,94397e+01  -1,24000e+01
           554   5,54000e-02  -6,73831e-01   3,90201e+01  -1,32000e+01
           555   5,55000e-02  -6,70906e-01   3,85969e+01  -1,40000e+01
           556   5,56000e-02  -6,67974e-01   3,81813e+01  -1,48000e+01
           557   5,57000e-02  -6,65094e-01   3,77574e+01  -1,56000e+01
           558   5,58000e-02  -6,62407e-01   3,73410e+01  -1,64000e+01
           559   5,59000e-02  -6,59678e-01   3,69227e+01  -1,72000e+01
           560   5,60000e-02  -6,57016e-01   3,65104e+01  -1,80000e+01
           561   5,61000e-02  -6,54330e-01   3,60946e+01  -1,88000e+01
           562   5,62000e-02  -6,51865e-01   3,56847e+01  -1,96000e+01
           563   5,63000e-02  -6,49419e-01   3,52792e+01  -2,04000e+01
           564   5,64000e-02  -6,46842e-01   3,48687e+01  -2,12000e+01
           565   5,65000e-02  -6,44191e-01   3,44609e+01  -2,20000e+01
           566   5,66000e-02  -6,41547e-01   3,40544e+01  -2,28000e+01
           567   5,67000e-02  -6,38915e-01   3,36476e+01  -2,36000e+01
           568   5,68000e-02  -6,36256e-01   3,32420e+01  -2,44000e+01
           569   5,69000e-02  -6,33508e-01   3,28361e+01  -2,52000e+01
           570   5,70000e-02  -6,30603e-01   3,24409e+01  -2,60000e+01
           571   5,71000e-02  -6,27752e-01   3,20359e+01  -2,68000e+01
           572   5,72000e-02  -6,25019e-01   3,16337e+01  -2,76000e+01
           573   5,73000e-02  -6,22188e-01   3,12360e+01  -2,84000e+01
           574   5,74000e-02  -6,19317e-01   3,08347e+01  -2,92000e+01
           575   5,75000e-02  -6,16466e-01   3,04411e+01  -3,00000e+01
           576   5,76000e-02  -6,13609e-01   3,00472e+01  -3,08000e+01
           577   5,77000e-02  -6,10698e-01   2,96545e+01  -3,16000e+01
           578   5,78000e-02  -6,07815e-01   2,92647e+01  -3,24000e+01
           579   5,79000e-02  -6,04941e-01   2,88714e+01  -3,32000e+01
           580   5,80000e-02  -6,02145e-01   2,84842e+01  -3,40000e+01
           581   5,81000e-02  -5,99340e-01   2,80999e+01  -3,48000e+01
           582   5,82000e-02  -5,96612e-01   2,77088e+01  -3,56000e+01
           583   5,83000e-02  -5,94036e-01   2,73206e+01  -3,64000e+01
           584   5,84000e-02  -5,91537e-01   2,69353e+01  -3,72000e+01
           585   5,85000e-02  -5,89148e-01   2,65529e+01  -3,80000e+01
           586   5,86000e-02  -5,86879e-01   2,61702e+01  -3,88000e+01
           587   5,87000e-02  -5,84631e-01   2,57888e+01  -3,96000e+01
           588   5,88000e-02  -5,82370e-01   2,54070e+01  -4,04000e+01
           589   5,89000e-02  -5,80143e-01   2,50282e+01  -4,12000e+01
           590   5,90000e-02  -5,77922e-01   2,46507e+01  -4,20000e+01
           591   5,91000e-02  -5,75662e-01   2,42729e+01  -4,28000e+01
           592   5,92000e-02  -5,73302e-01   2,38996e+01  -4,36000e+01
           593   5,93000e-02  -5,70877e-01   2,35244e+01  -4,44000e+01
           594   5,94000e-02  -5,68327e-01   2,31489e+01  -4,52000e+01
           595   5,95000e-02  -5,65855e-01   2,27779e+01  -4,60000e+01
           596   5,96000e-02  -5,63288e-01   2,24067e+01  -4,68000e+01
           597   5,97000e-02  -5,60740e-01   2,20351e+01  -4,76000e+01
           598   5,98000e-02  -5,58343e-01   2,16697e+01  -4,84000e+01
           599   5,99000e-02  -5,55862e-01   2,13008e+01  -4,92000e+01
           600   6,00000e-02  -5,53401e-01   2,09398e+01  -5,00000e+01
           601   6,01000e-02  -5,50918e-01   2,05670e+01  -5,08000e+01
           602   6,02000e-02  -5,48411e-01   2,02070e+01  -5,16000e+01
           603   6,03000e-02  -5,46140e-01   1,98450e+01  -5,24000e+01
           604   6,04000e-02  -5,43976e-01   1,94844e+01  -5,32000e+01
           605   6,05000e-02  -5,41883e-01   1,91252e+01  -5,40000e+01
           606   6,06000e-02  -5,39919e-01   1,87623e+01  -5,48000e+01
           607   6,07000e-02  -5,37745e-01   1,84041e+01  -5,56000e+01
           608   6,08000e-02  -5,35646e-01   1,80440e+01  -5,64000e+01
           609   6,09000e-02  -5,33538e-01   1,76868e+01  -5,72000e+01
           610   6,10000e-02  -5,31419e-01   1,73327e+01  -5,80000e+01
           611   6,11000e-02  -5,29332e-01   1,69750e+01  -5,88000e+01
           612   6,12000e-02  -5,27277e-01   1,66268e+01  -5,96000e+01
           613   6,13000e-02  -5,25256e-01   1,62735e+01  -6,04000e+01
           614   6,14000e-02  -5,23224e-01   1,59248e+01  -6,12000e+01
           615   6,15000e-02  -5,21167e-01   1,55692e+01  -6,20000e+01
           616   6,16000e-02  -5,19006e-01   1,52183e+01  -6,28000e+01
           617   6,17000e-02  -5,16749e-01   1,48754e+01  -6,36000e+01
           618   6,18000e-02  -5,14473e-01   1,45272e+01  -6,44000e+01
           619   6,19000e-02  -5,12077e-01   1,41854e+01  -6,52000e+01
           620   6,20000e-02  -5,09756e-01   1,38416e+01  -6,60000e+01
           621   6,21000e-02  -5,07509e-01   1,34943e+01  -6,68000e+01
           622   6,22000e-02  -5,05372e-01   1,31533e+01  -6,76000e+01
           623   6,23000e-02  -5,03146e-01   1,28154e+01  -6,84000e+01
           624   6,24000e-02  -5,00940e-01   1,24722e+01  -6,92000e+01
           625   6,25000e-02  -4,98778e-01   1,21337e+01  -7,00000e+01
           626   6,26000e-02  -4,96756e-01   1,17949e+01  -7,08000e+01
           627   6,27000e-02  -4,94722e-01   1,14576e+01  -7,16000e+01
           628   6,28000e-02  -4,92708e-01   1,11200e+01  -7,24000e+01
           629   6,29000e-02  -4,90670e-01   1,07804e+01  -7,32000e+01
           630   6,30000e-02  -4,88528e-01   1,04489e+01  -7,40000e+01
           631   6,31000e-02  -4,86553e-01   1,01155e+01  -7,48000e+01
           632   6,32000e-02  -4,84595e-01   9,78687e+00  -7,56000e+01
           633   6,33000e-02  -4,82615e-01   9,45292e+00  -7,64000e+01
           634   6,34000e-02  -4,80717e-01   9,12543e+00  -7,72000e+01
           635   6,35000e-02  -4,78691e-01   8,79600e+00  -7,80000e+01
           636   6,36000e-02  -4,76713e-01   8,46798e+00  -7,88000e+01
&ISTI23 90819 Jos_usf2_coolings_2000_4000_6000_8000_10000
